014	SCOTIABANK CHILE
4100000	 0000000060903,00	 0000000172941,00	 0000000000712,00	 0000000013409,00
4100100	 0000000000128,00	 0000000000000,00	 0000000000000,00	 0000000000000,00
4100101	 0000000000128,00	 0000000000000,00	 0000000000000,00	 0000000000000,00
4100151	 0000000000000,00	 0000000000000,00	 0000000000000,00	 0000000000000,00
4100200	 0000000000011,00	 0000000000000,00	 0000000000003,00	 0000000000003,00
4100201	 0000000000011,00	 0000000000000,00	 0000000000003,00	 0000000000003,00
4100251	 0000000000000,00	 0000000000000,00	 0000000000000,00	 0000000000000,00
4100300	 0000000025007,00	 0000000040717,00	 0000000000709,00	 0000000013203,00
4100301	 0000000021677,00	 0000000009497,00	 0000000000000,00	 0000000009613,00
4100309	 0000000000189,00	 0000000000000,00	 0000000000018,00	 0000000003524,00
4100310	 0000000000452,00	 0000000000000,00	 0000000000000,00	 0000000000000,00
4100320	 0000000000525,00	 0000000000069,00	 0000000000069,00	 0000000000066,00
4100325	 0000000000003,00	 0000000004785,00	 0000000000000,00	 0000000000000,00
4100330	 0000000002147,00	 0000000001317,00	 0000000000622,00	 0000000000000,00
4100340	 0000000000001,00	 0000000000000,00	 0000000000000,00	 0000000000000,00
4100351	 0000000000000,00	 0000000017602,00	 0000000000000,00	 0000000000000,00
4100359	 0000000000000,00	 0000000000000,00	 0000000000000,00	 0000000000000,00
4100360	 0000000000000,00	 0000000000000,00	 0000000000000,00	 0000000000000,00
4100370	 0000000000000,00	 0000000000147,00	 0000000000000,00	 0000000000000,00
4100375	 0000000000000,00	 0000000004954,00	 0000000000000,00	 0000000000000,00
4100380	 0000000000000,00	 0000000002239,00	 0000000000000,00	 0000000000000,00
4100390	 0000000000000,00	 0000000000000,00	 0000000000000,00	 0000000000000,00
4100399	 0000000000013,00	 0000000000107,00	 0000000000000,00	 0000000000000,00
4100400	 0000000000021,00	 0000000129318,00	 0000000000000,00	 0000000000000,00
4100401	 0000000000001,00	 0000000000861,00	 0000000000000,00	 0000000000000,00
4100402	 0000000000000,00	 0000000000274,00	 0000000000000,00	 0000000000000,00
4100403	 0000000000000,00	 0000000000000,00	 0000000000000,00	 0000000000000,00
4100405	 0000000000000,00	 0000000000491,00	 0000000000000,00	 0000000000000,00
4100407	 0000000000020,00	 0000000051717,00	 0000000000000,00	 0000000000000,00
4100408	 0000000000000,00	 0000000000000,00	 0000000000000,00	 0000000000000,00
4100420	 0000000000000,00	 0000000000626,00	 0000000000000,00	 0000000000000,00
4100430	 0000000000000,00	 0000000000267,00	 0000000000000,00	 0000000000000,00
4100451	 0000000000000,00	 0000000000864,00	 0000000000000,00	 0000000000000,00
4100452	 0000000000000,00	 0000000000000,00	 0000000000000,00	 0000000000000,00
4100455	 0000000000000,00	 0000000000354,00	 0000000000000,00	 0000000000000,00
4100457	 0000000000000,00	 0000000073161,00	 0000000000000,00	 0000000000000,00
4100458	 0000000000000,00	 0000000000000,00	 0000000000000,00	 0000000000000,00
4100480	 0000000000000,00	 0000000000312,00	 0000000000000,00	 0000000000000,00
4100490	 0000000000000,00	 0000000000382,00	 0000000000000,00	 0000000000000,00
4100499	 0000000000000,00	 0000000000009,00	 0000000000000,00	 0000000000000,00
4100500	 0000000061391,00	 0000000000379,00	 0000000000000,00	 0000000000000,00
4100501	 0000000022805,00	 0000000000194,00	 0000000000000,00	 0000000000000,00
4100510	 0000000002598,00	 0000000000000,00	 0000000000000,00	 0000000000000,00
4100520	 0000000035635,00	 0000000000000,00	 0000000000000,00	 0000000000000,00
4100530	 0000000000000,00	 0000000000000,00	 0000000000000,00	 0000000000000,00
4100540	 0000000000015,00	 0000000000000,00	 0000000000000,00	 0000000000000,00
4100590	 0000000000000,00	 0000000000185,00	 0000000000000,00	 0000000000000,00
4100599	 0000000000338,00	 0000000000000,00	 0000000000000,00	 0000000000000,00
4100600	 0000000003565,00	 0000000001341,00	 0000000000000,00	 0000000000000,00
4100601	 0000000003565,00	 0000000000000,00	 0000000000000,00	 0000000000000,00
4100621	 0000000000000,00	 0000000000000,00	 0000000000000,00	 0000000000000,00
4100651	 0000000000000,00	 0000000001341,00	 0000000000000,00	 0000000000000,00
4100671	 0000000000000,00	 0000000000000,00	 0000000000000,00	 0000000000000,00
4100800	 0000000000026,00	 0000000001186,00	 0000000000000,00	 0000000000203,00
4100801	 0000000000000,00	 0000000000000,00	 0000000000000,00	 0000000000000,00
4100804	 0000000000000,00	 0000000000000,00	 0000000000000,00	 0000000000032,00
4100810	 0000000000026,00	 0000000000668,00	 0000000000000,00	 0000000000171,00
4100850	 0000000000000,00	 0000000000518,00	 0000000000000,00	 0000000000000,00
4100900	-0000000029246,00	 0000000000000,00	 0000000000000,00	 0000000000000,00
4150000	-0000000020182,00	-0000000074639,00	 0000000000000,00	-0000000003527,00
4150100	-0000000002089,00	 0000000000000,00	 0000000000000,00	 0000000000000,00
4150101	-0000000001841,00	 0000000000000,00	 0000000000000,00	 0000000000000,00
4150102	-0000000000248,00	 0000000000000,00	 0000000000000,00	 0000000000000,00
4150103	 0000000000000,00	 0000000000000,00	 0000000000000,00	 0000000000000,00
4150151	 0000000000000,00	 0000000000000,00	 0000000000000,00	 0000000000000,00
4150200	-0000000000101,00	 0000000000000,00	 0000000000000,00	 0000000000000,00
4150201	-0000000000101,00	 0000000000000,00	 0000000000000,00	 0000000000000,00
4150251	 0000000000000,00	 0000000000000,00	 0000000000000,00	 0000000000000,00
4150300	-0000000007594,00	-0000000000779,00	 0000000000000,00	-0000000001476,00
4150301	-0000000007593,00	-0000000000023,00	 0000000000000,00	-0000000001476,00
4150302	 0000000000000,00	-0000000000028,00	 0000000000000,00	 0000000000000,00
4150309	 0000000000000,00	 0000000000000,00	 0000000000000,00	 0000000000000,00
4150351	-0000000000001,00	-0000000000114,00	 0000000000000,00	 0000000000000,00
4150352	 0000000000000,00	-0000000000614,00	 0000000000000,00	 0000000000000,00
4150359	 0000000000000,00	 0000000000000,00	 0000000000000,00	 0000000000000,00
4150400	-0000000002336,00	 0000000000000,00	 0000000000000,00	-0000000002002,00
4150401	-0000000002336,00	 0000000000000,00	 0000000000000,00	-0000000002002,00
4150451	 0000000000000,00	 0000000000000,00	 0000000000000,00	 0000000000000,00
4150500	-0000000002536,00	-0000000071192,00	 0000000000000,00	 0000000000000,00
4150501	 0000000000000,00	-0000000000939,00	 0000000000000,00	 0000000000000,00
4150511	-0000000002536,00	-0000000019005,00	 0000000000000,00	 0000000000000,00
4150521	 0000000000000,00	-0000000004700,00	 0000000000000,00	 0000000000000,00
4150522	 0000000000000,00	 0000000000000,00	 0000000000000,00	 0000000000000,00
4150551	 0000000000000,00	-0000000000904,00	 0000000000000,00	 0000000000000,00
4150561	 0000000000000,00	-0000000040342,00	 0000000000000,00	 0000000000000,00
4150571	 0000000000000,00	-0000000005302,00	 0000000000000,00	 0000000000000,00
4150572	 0000000000000,00	 0000000000000,00	 0000000000000,00	 0000000000000,00
4150600	 0000000000000,00	-0000000000079,00	 0000000000000,00	 0000000000000,00
4150601	 0000000000000,00	 0000000000000,00	 0000000000000,00	 0000000000000,00
4150651	 0000000000000,00	-0000000000079,00	 0000000000000,00	 0000000000000,00
4150700	 0000000000000,00	-0000000000720,00	 0000000000000,00	 0000000000000,00
4150701	 0000000000000,00	-0000000000720,00	 0000000000000,00	 0000000000000,00
4150751	 0000000000000,00	 0000000000000,00	 0000000000000,00	 0000000000000,00
4150800	 0000000000000,00	-0000000001869,00	 0000000000000,00	-0000000000049,00
4150801	 0000000000000,00	 0000000000000,00	 0000000000000,00	-0000000000049,00
4150851	 0000000000000,00	-0000000001869,00	 0000000000000,00	 0000000000000,00
4150900	-0000000005526,00	 0000000000000,00	 0000000000000,00	 0000000000000,00
4200000	 0000000037407,00	 0000000000540,00	 0000000000176,00	 0000000001084,00
4200100	 0000000000116,00	 0000000000000,00	 0000000000000,00	 0000000000000,00
4200200	 0000000000467,00	 0000000000530,00	 0000000000150,00	 0000000000390,00
4200300	 0000000012455,00	 0000000000000,00	 0000000000000,00	 0000000000000,00
4200303	 0000000000527,00	 0000000000000,00	 0000000000000,00	 0000000000000,00
4200304	 0000000001872,00	 0000000000000,00	 0000000000000,00	 0000000000000,00
4200305	 0000000007571,00	 0000000000000,00	 0000000000000,00	 0000000000000,00
4200306	 0000000000058,00	 0000000000000,00	 0000000000000,00	 0000000000000,00
4200307	 0000000002427,00	 0000000000000,00	 0000000000000,00	 0000000000000,00
4200309	 0000000000000,00	 0000000000000,00	 0000000000000,00	 0000000000000,00
4200400	 0000000003050,00	 0000000000000,00	 0000000000000,00	 0000000000000,00
4200500	 0000000008013,00	 0000000000000,00	 0000000000003,00	 0000000000032,00
4200600	 0000000000337,00	 0000000000010,00	 0000000000000,00	 0000000000000,00
4200700	 0000000002380,00	 0000000000000,00	 0000000000000,00	 0000000000000,00
4200800	 0000000005755,00	 0000000000000,00	 0000000000000,00	 0000000000000,00
4200900	 0000000004834,00	 0000000000000,00	 0000000000023,00	 0000000000662,00
4250000	-0000000009555,00	 0000000000000,00	 0000000000000,00	-0000000001237,00
4250100	-0000000005024,00	 0000000000000,00	 0000000000000,00	-0000000000730,00
4250101	-0000000003797,00	 0000000000000,00	 0000000000000,00	-0000000000730,00
4250102	-0000000001173,00	 0000000000000,00	 0000000000000,00	 0000000000000,00
4250190	-0000000000054,00	 0000000000000,00	 0000000000000,00	 0000000000000,00
4250200	-0000000003475,00	 0000000000000,00	 0000000000000,00	-0000000000035,00
4250300	-0000000001056,00	 0000000000000,00	 0000000000000,00	-0000000000472,00
4300000	 0000000022816,00	 0000000007865,00	 0000000000000,00	 0000000000000,00
4300100	-0000000000818,00	 0000000004970,00	 0000000000000,00	 0000000000002,00
4300101	 0000000000188,00	 0000000001214,00	 0000000000000,00	 0000000000001,00
4300102	-0000000001509,00	 0000000000036,00	 0000000000000,00	 0000000000000,00
4300103	 0000000001426,00	 0000000004680,00	 0000000000000,00	 0000000000000,00
4300104	-0000000000976,00	-0000000000960,00	 0000000000000,00	 0000000000000,00
4300190	 0000000000053,00	 0000000000000,00	 0000000000000,00	 0000000000001,00
4300200	 0000000017607,00	 0000000000000,00	 0000000000000,00	 0000000000000,00
4300300	 0000000005999,00	 0000000002882,00	 0000000000000,00	 0000000000000,00
4300400	-0000000000587,00	 0000000000013,00	 0000000000000,00	 0000000000000,00
4300500	 0000000000615,00	 0000000000000,00	 0000000000000,00	-0000000000002,00
4350000	 0000000010075,00	 0000000000000,00	-0000000016863,00	 0000000000000,00
4350100	 0000000000000,00	 0000000000000,00	-0000000015995,00	 0000000000000,00
4350200	 0000000000000,00	 0000000000000,00	-0000000000868,00	 0000000000000,00
4350900	 0000000010075,00	 0000000000000,00	 0000000000000,00	 0000000000000,00
4400000	 0000000002815,00	 0000000000014,00	 0000000000003,00	 0000000002689,00
4400100	 0000000000839,00	 0000000000000,00	 0000000000000,00	 0000000000000,00
4400200	 0000000000538,00	 0000000000000,00	 0000000000000,00	 0000000000000,00
4400290	 0000000000099,00	 0000000000000,00	 0000000000000,00	 0000000000000,00
4400300	 0000000001438,00	 0000000000014,00	 0000000000003,00	 0000000002689,00
4500000	-0000000015440,00	 0000000003162,00	 0000000000000,00	 0000000000000,00
4500100	-0000000019368,00	 0000000000000,00	 0000000000000,00	 0000000000000,00
4500101	-0000000010830,00	 0000000000000,00	 0000000000000,00	 0000000000000,00
4500111	-0000000000532,00	 0000000000000,00	 0000000000000,00	 0000000000000,00
4500112	-0000000008154,00	 0000000000000,00	 0000000000000,00	 0000000000000,00
4500190	 0000000000013,00	 0000000000000,00	 0000000000000,00	 0000000000000,00
4500191	 0000000000135,00	 0000000000000,00	 0000000000000,00	 0000000000000,00
4500200	 0000000001411,00	 0000000000000,00	 0000000000000,00	 0000000000000,00
4500700	-0000000004900,00	 0000000000000,00	 0000000000000,00	 0000000000000,00
4500701	-0000000001546,00	 0000000000000,00	 0000000000000,00	 0000000000000,00
4500702	-0000000000827,00	 0000000000000,00	 0000000000000,00	 0000000000000,00
4500703	-0000000002527,00	 0000000000000,00	 0000000000000,00	 0000000000000,00
4500800	 0000000000000,00	 0000000000000,00	 0000000000000,00	 0000000000000,00
4500801	 0000000000000,00	 0000000000000,00	 0000000000000,00	 0000000000000,00
4500802	 0000000000000,00	 0000000000000,00	 0000000000000,00	 0000000000000,00
4500803	 0000000000000,00	 0000000000000,00	 0000000000000,00	 0000000000000,00
4500900	 0000000007417,00	 0000000003162,00	 0000000000000,00	 0000000000000,00
4500901	 0000000000699,00	 0000000000295,00	 0000000000000,00	 0000000000000,00
4500911	 0000000000067,00	 0000000000552,00	 0000000000000,00	 0000000000000,00
4500921	 0000000006651,00	 0000000002315,00	 0000000000000,00	 0000000000000,00
4500931	 0000000000000,00	 0000000000000,00	 0000000000000,00	 0000000000000,00
4600000	-0000000043872,00	 0000000000000,00	 0000000000000,00	-0000000000492,00
4610000	-0000000031368,00	 0000000000000,00	 0000000000000,00	-0000000004899,00
4610100	-0000000016905,00	 0000000000000,00	 0000000000000,00	-0000000004766,00
4610200	-0000000006574,00	 0000000000000,00	 0000000000000,00	-0000000000077,00
4610300	-0000000000183,00	 0000000000000,00	 0000000000000,00	 0000000000000,00
4610400	-0000000005592,00	 0000000000000,00	 0000000000000,00	-0000000000056,00
4610500	-0000000002114,00	 0000000000000,00	 0000000000000,00	 0000000000000,00
4620000	-0000000009218,00	 0000000000000,00	 0000000000000,00	 0000000000000,00
4630000	 0000000000000,00	 0000000000000,00	 0000000000000,00	 0000000000000,00
4650000	-0000000005207,00	-0000000001040,00	 0000000000000,00	-0000000000476,00
4650100	-0000000001881,00	 0000000000000,00	 0000000000000,00	 0000000000000,00
4650200	 0000000000000,00	 0000000000000,00	 0000000000000,00	 0000000000000,00
4650201	 0000000000000,00	 0000000000000,00	 0000000000000,00	 0000000000000,00
4650211	 0000000000000,00	 0000000000000,00	 0000000000000,00	 0000000000000,00
4650290	 0000000000000,00	 0000000000000,00	 0000000000000,00	 0000000000000,00
4650900	-0000000003326,00	-0000000001040,00	 0000000000000,00	-0000000000476,00
4700000	-0000000004791,00	 0000000000000,00	 0000000000000,00	 0000000000000,00
4700100	 0000000000000,00	 0000000000000,00	 0000000000000,00	 0000000000000,00
4700101	 0000000000000,00	 0000000000000,00	 0000000000000,00	 0000000000000,00
4700103	 0000000000000,00	 0000000000000,00	 0000000000000,00	 0000000000000,00
4700110	 0000000000000,00	 0000000000000,00	 0000000000000,00	 0000000000000,00
4700200	-0000000004791,00	 0000000000000,00	 0000000000000,00	 0000000000000,00
4700201	 0000000000000,00	 0000000000000,00	 0000000000000,00	 0000000000000,00
4700203	-0000000004791,00	 0000000000000,00	 0000000000000,00	 0000000000000,00
4700210	 0000000000000,00	 0000000000000,00	 0000000000000,00	 0000000000000,00
4800000	-0000000020985,00	 0000000000000,00	 0000000000000,00	 0000000000000,00
4800001	-0000000023131,00	 0000000000000,00	 0000000000000,00	 0000000000000,00
4850000	 0000000000000,00	 0000000000000,00	 0000000000000,00	 0000000000000,00
4900000	 0000000006619,00	 0000000000000,00	 0000000000000,00	 0000000000000,00
5003000	 0000000040721,00	 0000000098302,00	 0000000000712,00	 0000000009882,00
5004000	 0000000027852,00	 0000000000540,00	 0000000000176,00	-0000000000153,00
5005000	 0000000104279,00	 0000000106721,00	-0000000015972,00	 0000000012418,00
5006000	 0000000088839,00	 0000000109883,00	-0000000015972,00	 0000000012418,00
5007000	-0000000000826,00	 0000000108843,00	-0000000015972,00	 0000000006551,00
5008000	-0000000005617,00	 0000000108843,00	-0000000015972,00	 0000000006551,00
5009000	-0000000026602,00	 0000000108843,00	-0000000015972,00	 0000000006551,00
5010000	-0000000026602,00	 0000000108843,00	-0000000015972,00	 0000000006551,00
5020000	-0000000033221,00	 0000000108843,00	-0000000015972,00	 0000000006551,00
