031	HSBC BANK (CHILE)                       
4100000	 0000000015360,00	 0000000001315,00	 0000000000000,00	 0000000002294,00
4100100	 0000000000004,00	 0000000000000,00	 0000000000000,00	 0000000000000,00
4100101	 0000000000004,00	 0000000000000,00	 0000000000000,00	 0000000000000,00
4100151	 0000000000000,00	 0000000000000,00	 0000000000000,00	 0000000000000,00
4100200	 0000000000056,00	 0000000000000,00	 0000000000000,00	 0000000000000,00
4100201	 0000000000056,00	 0000000000000,00	 0000000000000,00	 0000000000000,00
4100251	 0000000000000,00	 0000000000000,00	 0000000000000,00	 0000000000000,00
4100300	 0000000004184,00	 0000000000349,00	 0000000000000,00	 0000000002278,00
4100301	 0000000003388,00	 0000000000349,00	 0000000000000,00	 0000000001550,00
4100309	 0000000000368,00	 0000000000000,00	 0000000000000,00	 0000000000722,00
4100310	 0000000000223,00	 0000000000000,00	 0000000000000,00	 0000000000000,00
4100320	 0000000000000,00	 0000000000000,00	 0000000000000,00	 0000000000000,00
4100330	 0000000000000,00	 0000000000000,00	 0000000000000,00	 0000000000000,00
4100340	 0000000000000,00	 0000000000000,00	 0000000000000,00	 0000000000000,00
4100351	 0000000000203,00	 0000000000000,00	 0000000000000,00	 0000000000000,00
4100359	 0000000000000,00	 0000000000000,00	 0000000000000,00	 0000000000000,00
4100360	 0000000000000,00	 0000000000000,00	 0000000000000,00	 0000000000000,00
4100370	 0000000000000,00	 0000000000000,00	 0000000000000,00	 0000000000000,00
4100380	 0000000000000,00	 0000000000000,00	 0000000000000,00	 0000000000000,00
4100390	 0000000000000,00	 0000000000000,00	 0000000000000,00	 0000000000000,00
4100399	 0000000000002,00	 0000000000000,00	 0000000000000,00	 0000000000006,00
4100400	 0000000000006,00	 0000000000004,00	 0000000000000,00	 0000000000000,00
4100401	 0000000000000,00	 0000000000000,00	 0000000000000,00	 0000000000000,00
4100402	 0000000000000,00	 0000000000000,00	 0000000000000,00	 0000000000000,00
4100405	 0000000000000,00	 0000000000000,00	 0000000000000,00	 0000000000000,00
4100407	 0000000000000,00	 0000000000004,00	 0000000000000,00	 0000000000000,00
4100408	 0000000000000,00	 0000000000000,00	 0000000000000,00	 0000000000000,00
4100420	 0000000000000,00	 0000000000000,00	 0000000000000,00	 0000000000000,00
4100430	 0000000000000,00	 0000000000000,00	 0000000000000,00	 0000000000000,00
4100451	 0000000000000,00	 0000000000000,00	 0000000000000,00	 0000000000000,00
4100455	 0000000000000,00	 0000000000000,00	 0000000000000,00	 0000000000000,00
4100457	 0000000000006,00	 0000000000000,00	 0000000000000,00	 0000000000000,00
4100458	 0000000000000,00	 0000000000000,00	 0000000000000,00	 0000000000000,00
4100480	 0000000000000,00	 0000000000000,00	 0000000000000,00	 0000000000000,00
4100490	 0000000000000,00	 0000000000000,00	 0000000000000,00	 0000000000000,00
4100499	 0000000000000,00	 0000000000000,00	 0000000000000,00	 0000000000000,00
4100500	 0000000000022,00	 0000000000000,00	 0000000000000,00	 0000000000000,00
4100501	 0000000000001,00	 0000000000000,00	 0000000000000,00	 0000000000000,00
4100510	 0000000000004,00	 0000000000000,00	 0000000000000,00	 0000000000000,00
4100520	 0000000000000,00	 0000000000000,00	 0000000000000,00	 0000000000000,00
4100530	 0000000000000,00	 0000000000000,00	 0000000000000,00	 0000000000000,00
4100540	 0000000000017,00	 0000000000000,00	 0000000000000,00	 0000000000000,00
4100590	 0000000000000,00	 0000000000000,00	 0000000000000,00	 0000000000000,00
4100599	 0000000000000,00	 0000000000000,00	 0000000000000,00	 0000000000000,00
4100600	 0000000010334,00	 0000000000962,00	 0000000000000,00	 0000000000005,00
4100601	 0000000010334,00	 0000000000962,00	 0000000000000,00	 0000000000005,00
4100621	 0000000000000,00	 0000000000000,00	 0000000000000,00	 0000000000000,00
4100651	 0000000000000,00	 0000000000000,00	 0000000000000,00	 0000000000000,00
4100671	 0000000000000,00	 0000000000000,00	 0000000000000,00	 0000000000000,00
4100800	 0000000000754,00	 0000000000000,00	 0000000000000,00	 0000000000011,00
4100801	 0000000000000,00	 0000000000000,00	 0000000000000,00	 0000000000000,00
4100804	 0000000000754,00	 0000000000000,00	 0000000000000,00	 0000000000011,00
4100810	 0000000000000,00	 0000000000000,00	 0000000000000,00	 0000000000000,00
4100850	 0000000000000,00	 0000000000000,00	 0000000000000,00	 0000000000000,00
4100900	 0000000000000,00	 0000000000000,00	 0000000000000,00	 0000000000000,00
4150000	-0000000012031,00	-0000000000356,00	 0000000000000,00	-0000000001025,00
4150100	 0000000000000,00	 0000000000000,00	 0000000000000,00	 0000000000000,00
4150101	 0000000000000,00	 0000000000000,00	 0000000000000,00	 0000000000000,00
4150102	 0000000000000,00	 0000000000000,00	 0000000000000,00	 0000000000000,00
4150103	 0000000000000,00	 0000000000000,00	 0000000000000,00	 0000000000000,00
4150151	 0000000000000,00	 0000000000000,00	 0000000000000,00	 0000000000000,00
4150200	-0000000000571,00	 0000000000000,00	 0000000000000,00	 0000000000000,00
4150201	-0000000000571,00	 0000000000000,00	 0000000000000,00	 0000000000000,00
4150251	 0000000000000,00	 0000000000000,00	 0000000000000,00	 0000000000000,00
4150300	-0000000011082,00	-0000000000356,00	 0000000000000,00	-0000000001025,00
4150301	-0000000010822,00	-0000000000356,00	 0000000000000,00	-0000000001025,00
4150302	 0000000000000,00	 0000000000000,00	 0000000000000,00	 0000000000000,00
4150309	 0000000000000,00	 0000000000000,00	 0000000000000,00	 0000000000000,00
4150351	-0000000000260,00	 0000000000000,00	 0000000000000,00	 0000000000000,00
4150352	 0000000000000,00	 0000000000000,00	 0000000000000,00	 0000000000000,00
4150359	 0000000000000,00	 0000000000000,00	 0000000000000,00	 0000000000000,00
4150400	-0000000000378,00	 0000000000000,00	 0000000000000,00	 0000000000000,00
4150401	-0000000000378,00	 0000000000000,00	 0000000000000,00	 0000000000000,00
4150451	 0000000000000,00	 0000000000000,00	 0000000000000,00	 0000000000000,00
4150500	 0000000000000,00	 0000000000000,00	 0000000000000,00	 0000000000000,00
4150501	 0000000000000,00	 0000000000000,00	 0000000000000,00	 0000000000000,00
4150511	 0000000000000,00	 0000000000000,00	 0000000000000,00	 0000000000000,00
4150521	 0000000000000,00	 0000000000000,00	 0000000000000,00	 0000000000000,00
4150551	 0000000000000,00	 0000000000000,00	 0000000000000,00	 0000000000000,00
4150561	 0000000000000,00	 0000000000000,00	 0000000000000,00	 0000000000000,00
4150571	 0000000000000,00	 0000000000000,00	 0000000000000,00	 0000000000000,00
4150600	 0000000000000,00	 0000000000000,00	 0000000000000,00	 0000000000000,00
4150601	 0000000000000,00	 0000000000000,00	 0000000000000,00	 0000000000000,00
4150651	 0000000000000,00	 0000000000000,00	 0000000000000,00	 0000000000000,00
4150800	 0000000000000,00	 0000000000000,00	 0000000000000,00	 0000000000000,00
4150801	 0000000000000,00	 0000000000000,00	 0000000000000,00	 0000000000000,00
4150851	 0000000000000,00	 0000000000000,00	 0000000000000,00	 0000000000000,00
4150900	 0000000000000,00	 0000000000000,00	 0000000000000,00	 0000000000000,00
4200000	 0000000000214,00	 0000000000112,00	 0000000000000,00	 0000000000699,00
4200100	 0000000000000,00	 0000000000000,00	 0000000000000,00	 0000000000014,00
4200200	 0000000000181,00	 0000000000112,00	 0000000000000,00	 0000000000553,00
4200300	 0000000000006,00	 0000000000000,00	 0000000000000,00	 0000000000000,00
4200303	 0000000000003,00	 0000000000000,00	 0000000000000,00	 0000000000000,00
4200304	 0000000000003,00	 0000000000000,00	 0000000000000,00	 0000000000000,00
4200305	 0000000000000,00	 0000000000000,00	 0000000000000,00	 0000000000000,00
4200306	 0000000000000,00	 0000000000000,00	 0000000000000,00	 0000000000000,00
4200307	 0000000000000,00	 0000000000000,00	 0000000000000,00	 0000000000000,00
4200309	 0000000000000,00	 0000000000000,00	 0000000000000,00	 0000000000000,00
4200400	 0000000000001,00	 0000000000000,00	 0000000000000,00	 0000000000000,00
4200500	 0000000000021,00	 0000000000000,00	 0000000000000,00	 0000000000052,00
4200600	 0000000000000,00	 0000000000000,00	 0000000000000,00	 0000000000000,00
4200700	 0000000000000,00	 0000000000000,00	 0000000000000,00	 0000000000000,00
4200800	 0000000000000,00	 0000000000000,00	 0000000000000,00	 0000000000000,00
4200900	 0000000000005,00	 0000000000000,00	 0000000000000,00	 0000000000080,00
4250000	-0000000000478,00	 0000000000000,00	 0000000000000,00	-0000000000052,00
4250100	-0000000000070,00	 0000000000000,00	 0000000000000,00	 0000000000000,00
4250101	 0000000000000,00	 0000000000000,00	 0000000000000,00	 0000000000000,00
4250102	 0000000000000,00	 0000000000000,00	 0000000000000,00	 0000000000000,00
4250190	-0000000000070,00	 0000000000000,00	 0000000000000,00	 0000000000000,00
4250200	 0000000000000,00	 0000000000000,00	 0000000000000,00	 0000000000000,00
4250300	-0000000000408,00	 0000000000000,00	 0000000000000,00	-0000000000052,00
4300000	 0000000203914,00	-0000000051648,00	 0000000000000,00	-0000000152125,00
4300100	 0000000000915,00	 0000000000330,00	 0000000000000,00	 0000000000000,00
4300101	 0000000001112,00	 0000000000109,00	 0000000000000,00	 0000000000000,00
4300102	-0000000000006,00	 0000000000029,00	 0000000000000,00	 0000000000000,00
4300103	 0000000000016,00	 0000000000192,00	 0000000000000,00	 0000000000000,00
4300104	-0000000000207,00	 0000000000000,00	 0000000000000,00	 0000000000000,00
4300190	 0000000000000,00	 0000000000000,00	 0000000000000,00	 0000000000000,00
4300200	 0000000202828,00	-0000000052609,00	 0000000000000,00	-0000000152125,00
4300300	 0000000000235,00	 0000000000631,00	 0000000000000,00	 0000000000000,00
4300400	-0000000000064,00	 0000000000000,00	 0000000000000,00	 0000000000000,00
4300500	 0000000000000,00	 0000000000000,00	 0000000000000,00	 0000000000000,00
4350000	 0000000000064,00	 0000000000001,00	 0000000000000,00	 0000000004439,00
4350100	 0000000000000,00	 0000000000000,00	 0000000000000,00	 0000000004439,00
4350200	 0000000000064,00	 0000000000001,00	 0000000000000,00	 0000000000000,00
4350900	 0000000000000,00	 0000000000000,00	 0000000000000,00	 0000000000000,00
4400000	 0000000000146,00	 0000000000000,00	 0000000000000,00	 0000000000000,00
4400100	 0000000000000,00	 0000000000000,00	 0000000000000,00	 0000000000000,00
4400200	 0000000000013,00	 0000000000000,00	 0000000000000,00	 0000000000000,00
4400300	 0000000000133,00	 0000000000000,00	 0000000000000,00	 0000000000000,00
4500000	-0000000000285,00	 0000000000000,00	 0000000000000,00	 0000000000000,00
4500100	-0000000000470,00	 0000000000000,00	 0000000000000,00	 0000000000000,00
4500101	-0000000000549,00	 0000000000000,00	 0000000000000,00	 0000000000000,00
4500111	 0000000000039,00	 0000000000000,00	 0000000000000,00	 0000000000000,00
4500112	 0000000000025,00	 0000000000000,00	 0000000000000,00	 0000000000000,00
4500190	 0000000000015,00	 0000000000000,00	 0000000000000,00	 0000000000000,00
4500200	 0000000000184,00	 0000000000000,00	 0000000000000,00	 0000000000000,00
4500700	 0000000000000,00	 0000000000000,00	 0000000000000,00	 0000000000000,00
4500701	 0000000000000,00	 0000000000000,00	 0000000000000,00	 0000000000000,00
4500702	 0000000000000,00	 0000000000000,00	 0000000000000,00	 0000000000000,00
4500703	 0000000000000,00	 0000000000000,00	 0000000000000,00	 0000000000000,00
4500800	 0000000000000,00	 0000000000000,00	 0000000000000,00	 0000000000000,00
4500801	 0000000000000,00	 0000000000000,00	 0000000000000,00	 0000000000000,00
4500802	 0000000000000,00	 0000000000000,00	 0000000000000,00	 0000000000000,00
4500803	 0000000000000,00	 0000000000000,00	 0000000000000,00	 0000000000000,00
4500900	 0000000000001,00	 0000000000000,00	 0000000000000,00	 0000000000000,00
4500901	 0000000000000,00	 0000000000000,00	 0000000000000,00	 0000000000000,00
4500911	 0000000000000,00	 0000000000000,00	 0000000000000,00	 0000000000000,00
4500921	 0000000000001,00	 0000000000000,00	 0000000000000,00	 0000000000000,00
4500931	 0000000000000,00	 0000000000000,00	 0000000000000,00	 0000000000000,00
4600000	-0000000003964,00	 0000000000000,00	 0000000000000,00	 0000000000000,00
4610000	-0000000003021,00	 0000000000000,00	 0000000000000,00	-0000000001346,00
4610100	-0000000002339,00	 0000000000000,00	 0000000000000,00	-0000000001346,00
4610200	-0000000000206,00	 0000000000000,00	 0000000000000,00	 0000000000000,00
4610300	 0000000000000,00	 0000000000000,00	 0000000000000,00	 0000000000000,00
4610400	-0000000000177,00	 0000000000000,00	 0000000000000,00	 0000000000000,00
4610500	-0000000000299,00	 0000000000000,00	 0000000000000,00	 0000000000000,00
4620000	-0000000000669,00	 0000000000000,00	 0000000000000,00	 0000000000000,00
4630000	 0000000000000,00	 0000000000000,00	 0000000000000,00	 0000000000000,00
4650000	-0000000000083,00	 0000000000000,00	 0000000000000,00	 0000000000000,00
4650100	 0000000000000,00	 0000000000000,00	 0000000000000,00	 0000000000000,00
4650200	 0000000000000,00	 0000000000000,00	 0000000000000,00	 0000000000000,00
4650201	 0000000000000,00	 0000000000000,00	 0000000000000,00	 0000000000000,00
4650211	 0000000000000,00	 0000000000000,00	 0000000000000,00	 0000000000000,00
4650290	 0000000000000,00	 0000000000000,00	 0000000000000,00	 0000000000000,00
4650900	-0000000000083,00	 0000000000000,00	 0000000000000,00	 0000000000000,00
4700000	 0000000000008,00	 0000000000000,00	 0000000000000,00	 0000000000000,00
4700100	 0000000000008,00	 0000000000000,00	 0000000000000,00	 0000000000000,00
4700101	 0000000000000,00	 0000000000000,00	 0000000000000,00	 0000000000000,00
4700102	 0000000000000,00	 0000000000000,00	 0000000000000,00	 0000000000000,00
4700103	 0000000000000,00	 0000000000000,00	 0000000000000,00	 0000000000000,00
4700110	 0000000000008,00	 0000000000000,00	 0000000000000,00	 0000000000000,00
4700200	 0000000000000,00	 0000000000000,00	 0000000000000,00	 0000000000000,00
4700201	 0000000000000,00	 0000000000000,00	 0000000000000,00	 0000000000000,00
4700202	 0000000000000,00	 0000000000000,00	 0000000000000,00	 0000000000000,00
4700203	 0000000000000,00	 0000000000000,00	 0000000000000,00	 0000000000000,00
4700210	 0000000000000,00	 0000000000000,00	 0000000000000,00	 0000000000000,00
4800000	-0000000000018,00	 0000000000000,00	 0000000000000,00	 0000000000000,00
4800001	 0000000000000,00	 0000000000000,00	 0000000000000,00	 0000000000000,00
4850000	 0000000000000,00	 0000000000000,00	 0000000000000,00	 0000000000000,00
4900000	 0000000000000,00	 0000000000000,00	 0000000000000,00	 0000000000000,00
5003000	 0000000003329,00	 0000000000959,00	 0000000000000,00	 0000000001269,00
5004000	-0000000000264,00	 0000000000112,00	 0000000000000,00	 0000000000647,00
5005000	 0000000207189,00	-0000000050576,00	 0000000000000,00	-0000000145770,00
5006000	 0000000206904,00	-0000000050576,00	 0000000000000,00	-0000000145770,00
5007000	 0000000199167,00	-0000000050576,00	 0000000000000,00	-0000000147116,00
5008000	 0000000199175,00	-0000000050576,00	 0000000000000,00	-0000000147116,00
5009000	 0000000199157,00	-0000000050576,00	 0000000000000,00	-0000000147116,00
5010000	 0000000199157,00	-0000000050576,00	 0000000000000,00	-0000000147116,00
5020000	 0000000199157,00	-0000000050576,00	 0000000000000,00	-0000000147116,00
