055	BANCO CONSORCIO
1000000	 0000002708285,00	 0000002456428,00	 0000000000000,00	 0000001127900,00
1100000	 0000000137362,00	 0000000000000,00	 0000000000000,00	 0000000094405,00
1100100	 0000000002944,00	 0000000000000,00	 0000000000000,00	 0000000000106,00
1100200	 0000000123308,00	 0000000000000,00	 0000000000000,00	 0000000008331,00
1100300	 0000000011110,00	 0000000000000,00	 0000000000000,00	 0000000001229,00
1100400	 0000000000000,00	 0000000000000,00	 0000000000000,00	 0000000084739,00
1130000	 0000000035439,00	 0000000000000,00	 0000000000000,00	 0000000019094,00
1130100	 0000000007036,00	 0000000000000,00	 0000000000000,00	 0000000002661,00
1130200	 0000000028403,00	 0000000000000,00	 0000000000000,00	 0000000016433,00
1150000	 0000000012042,00	 0000000010952,00	 0000000000000,00	 0000000000000,00
1150100	 0000000008021,00	 0000000000000,00	 0000000000000,00	 0000000000000,00
1150200	 0000000004021,00	 0000000010952,00	 0000000000000,00	 0000000000000,00
1150300	 0000000000000,00	 0000000000000,00	 0000000000000,00	 0000000000000,00
1150400	 0000000000000,00	 0000000000000,00	 0000000000000,00	 0000000000000,00
1160000	 0000000033120,00	 0000000000000,00	 0000000000000,00	 0000000000000,00
1160100	 0000000000000,00	 0000000000000,00	 0000000000000,00	 0000000000000,00
1160200	 0000000033120,00	 0000000000000,00	 0000000000000,00	 0000000000000,00
1250000	 0000000060231,00	 0000000000000,00	 0000000000000,00	 0000000000000,00
1250100	 0000000060231,00	 0000000000000,00	 0000000000000,00	 0000000000000,00
1250200	 0000000000000,00	 0000000000000,00	 0000000000000,00	 0000000000000,00
1270000	 0000000000000,00	 0000000000000,00	 0000000000000,00	 0000000000000,00
1270100	 0000000000000,00	 0000000000000,00	 0000000000000,00	 0000000000000,00
1270112	 0000000000000,00	 0000000000000,00	 0000000000000,00	 0000000000000,00
1270113	 0000000000000,00	 0000000000000,00	 0000000000000,00	 0000000000000,00
1270116	 0000000000000,00	 0000000000000,00	 0000000000000,00	 0000000000000,00
1270117	 0000000000000,00	 0000000000000,00	 0000000000000,00	 0000000000000,00
1270118	 0000000000000,00	 0000000000000,00	 0000000000000,00	 0000000000000,00
1270190	 0000000000000,00	 0000000000000,00	 0000000000000,00	 0000000000000,00
1270200	 0000000000000,00	 0000000000000,00	 0000000000000,00	 0000000000000,00
1270202	 0000000000000,00	 0000000000000,00	 0000000000000,00	 0000000000000,00
1270203	 0000000000000,00	 0000000000000,00	 0000000000000,00	 0000000000000,00
1270206	 0000000000000,00	 0000000000000,00	 0000000000000,00	 0000000000000,00
1270207	 0000000000000,00	 0000000000000,00	 0000000000000,00	 0000000000000,00
1270208	 0000000000000,00	 0000000000000,00	 0000000000000,00	 0000000000000,00
1270290	 0000000000000,00	 0000000000000,00	 0000000000000,00	 0000000000000,00
1270300	 0000000000000,00	 0000000000000,00	 0000000000000,00	 0000000000000,00
1300000	 0000001278112,00	 0000002220359,00	 0000000000000,00	 0000000412105,00
1302000	 0000001288752,00	 0000001399262,00	 0000000000000,00	 0000000412105,00
1302100	 0000001198809,00	 0000001381993,00	 0000000000000,00	 0000000305562,00
1302101	 0000001198809,00	 0000001300109,00	 0000000000000,00	 0000000305562,00
1302102	 0000000000000,00	 0000000000000,00	 0000000000000,00	 0000000000000,00
1302170	 0000000000000,00	 0000000000000,00	 0000000000000,00	 0000000000000,00
1302180	 0000000000000,00	 0000000081884,00	 0000000000000,00	 0000000000000,00
1302200	 0000000002503,00	 0000000000000,00	 0000000000000,00	 0000000061354,00
1302201	 0000000000000,00	 0000000000000,00	 0000000000000,00	 0000000000000,00
1302202	 0000000002503,00	 0000000000000,00	 0000000000000,00	 0000000054444,00
1302241	 0000000000000,00	 0000000000000,00	 0000000000000,00	 0000000000627,00
1302242	 0000000000000,00	 0000000000000,00	 0000000000000,00	 0000000006283,00
1302281	 0000000000000,00	 0000000000000,00	 0000000000000,00	 0000000000000,00
1302282	 0000000000000,00	 0000000000000,00	 0000000000000,00	 0000000000000,00
1302300	 0000000001347,00	 0000000000000,00	 0000000000000,00	 0000000000000,00
1302500	 0000000052110,00	 0000000000002,00	 0000000000000,00	 0000000039630,00
1302600	 0000000000000,00	 0000000000000,00	 0000000000000,00	 0000000000000,00
1302601	 0000000000000,00	 0000000000000,00	 0000000000000,00	 0000000000000,00
1302602	 0000000000000,00	 0000000000000,00	 0000000000000,00	 0000000000000,00
1302604	 0000000000000,00	 0000000000000,00	 0000000000000,00	 0000000000000,00
1302800	 0000000028501,00	 0000000017267,00	 0000000000000,00	 0000000005559,00
1302900	 0000000005482,00	 0000000000000,00	 0000000000000,00	 0000000000000,00
1304000	 0000000000000,00	 0000000821097,00	 0000000000000,00	 0000000000000,00
1304100	 0000000000000,00	 0000000000000,00	 0000000000000,00	 0000000000000,00
1304101	 0000000000000,00	 0000000000000,00	 0000000000000,00	 0000000000000,00
1304102	 0000000000000,00	 0000000000000,00	 0000000000000,00	 0000000000000,00
1304200	 0000000000000,00	 0000000788660,00	 0000000000000,00	 0000000000000,00
1304400	 0000000000000,00	 0000000000000,00	 0000000000000,00	 0000000000000,00
1304500	 0000000000000,00	 0000000000000,00	 0000000000000,00	 0000000000000,00
1304600	 0000000000000,00	 0000000000000,00	 0000000000000,00	 0000000000000,00
1304800	 0000000000000,00	 0000000000000,00	 0000000000000,00	 0000000000000,00
1304900	 0000000000000,00	 0000000032437,00	 0000000000000,00	 0000000000000,00
1305000	 0000000086252,00	 0000000000000,00	 0000000000000,00	 0000000000000,00
1305100	 0000000081301,00	 0000000000000,00	 0000000000000,00	 0000000000000,00
1305300	 0000000002613,00	 0000000000000,00	 0000000000000,00	 0000000000000,00
1305400	 0000000002282,00	 0000000000000,00	 0000000000000,00	 0000000000000,00
1305800	 0000000000000,00	 0000000000000,00	 0000000000000,00	 0000000000000,00
1305900	 0000000000056,00	 0000000000000,00	 0000000000000,00	 0000000000000,00
1309000	-0000000096892,00	 0000000000000,00	 0000000000000,00	 0000000000000,00
1309100	-0000000092139,00	 0000000000000,00	 0000000000000,00	 0000000000000,00
1309200	-0000000001166,00	 0000000000000,00	 0000000000000,00	 0000000000000,00
1309300	-0000000003587,00	 0000000000000,00	 0000000000000,00	 0000000000000,00
1350000	 0000001014769,00	 0000000224947,00	 0000000000000,00	 0000000545234,00
1350100	 0000000803968,00	 0000000039248,00	 0000000000000,00	 0000000000000,00
1350200	 0000000210801,00	 0000000185699,00	 0000000000000,00	 0000000062841,00
1350300	 0000000000000,00	 0000000000000,00	 0000000000000,00	 0000000482393,00
1360000	 0000000000000,00	 0000000000000,00	 0000000000000,00	 0000000000000,00
1360100	 0000000000000,00	 0000000000000,00	 0000000000000,00	 0000000000000,00
1360200	 0000000000000,00	 0000000000000,00	 0000000000000,00	 0000000000000,00
1360300	 0000000000000,00	 0000000000000,00	 0000000000000,00	 0000000000000,00
1400000	 0000000002081,00	 0000000000000,00	 0000000000000,00	 0000000000000,00
1400100	 0000000000000,00	 0000000000000,00	 0000000000000,00	 0000000000000,00
1400101	 0000000000000,00	 0000000000000,00	 0000000000000,00	 0000000000000,00
1400103	 0000000000000,00	 0000000000000,00	 0000000000000,00	 0000000000000,00
1400200	 0000000002081,00	 0000000000000,00	 0000000000000,00	 0000000000000,00
1500000	 0000000002672,00	 0000000000000,00	 0000000000000,00	 0000000000000,00
1500100	 0000000000000,00	 0000000000000,00	 0000000000000,00	 0000000000000,00
1500200	 0000000002672,00	 0000000000000,00	 0000000000000,00	 0000000000000,00
1600000	 0000000008466,00	 0000000000000,00	 0000000000000,00	 0000000000000,00
1600100	 0000000004499,00	 0000000000000,00	 0000000000000,00	 0000000000000,00
1600200	 0000000003967,00	 0000000000000,00	 0000000000000,00	 0000000000000,00
1650000	 0000000002329,00	 0000000000000,00	 0000000000000,00	 0000000000000,00
1650100	 0000000002329,00	 0000000000000,00	 0000000000000,00	 0000000000000,00
1650200	 0000000000000,00	 0000000000000,00	 0000000000000,00	 0000000000000,00
1700000	 0000000001241,00	 0000000000000,00	 0000000000000,00	 0000000000000,00
1750000	 0000000057666,00	 0000000000000,00	 0000000000000,00	 0000000000000,00
1800000	 0000000062755,00	 0000000000170,00	 0000000000000,00	 0000000057062,00
1800100	 0000000000312,00	 0000000000170,00	 0000000000000,00	 0000000000000,00
1800200	 0000000000084,00	 0000000000000,00	 0000000000000,00	 0000000000000,00
1800900	 0000000062359,00	 0000000000000,00	 0000000000000,00	 0000000057062,00
2000000	 0000003215736,00	 0000001600130,00	 0000000000000,00	 0000000886541,00
2100000	 0000000218421,00	 0000000082934,00	 0000000000000,00	 0000000036946,00
2100100	 0000000121636,00	 0000000000000,00	 0000000000000,00	 0000000034200,00
2100109	 0000000111352,00	 0000000000000,00	 0000000000000,00	 0000000034200,00
2100110	 0000000010284,00	 0000000000000,00	 0000000000000,00	 0000000000000,00
2100200	 0000000078861,00	 0000000000000,00	 0000000000000,00	 0000000000000,00
2100300	 0000000017924,00	 0000000082934,00	 0000000000000,00	 0000000002746,00
2130000	 0000000017509,00	 0000000000000,00	 0000000000000,00	 0000000026889,00
2160000	 0000000167963,00	 0000000000000,00	 0000000000000,00	 0000000245445,00
2160100	 0000000010004,00	 0000000000000,00	 0000000000000,00	 0000000000000,00
2160200	 0000000157959,00	 0000000000000,00	 0000000000000,00	 0000000245445,00
2200000	 0000001824840,00	 0000000077811,00	 0000000000000,00	 0000000503911,00
2200100	 0000001615123,00	 0000000022435,00	 0000000000000,00	 0000000492444,00
2200200	 0000000000000,00	 0000000000000,00	 0000000000000,00	 0000000000000,00
2200900	 0000000209717,00	 0000000055376,00	 0000000000000,00	 0000000011467,00
2250000	 0000000047291,00	 0000000000112,00	 0000000000000,00	 0000000000000,00
2250100	 0000000045871,00	 0000000000000,00	 0000000000000,00	 0000000000000,00
2250200	 0000000001420,00	 0000000000112,00	 0000000000000,00	 0000000000000,00
2300000	 0000000774394,00	 0000000000000,00	 0000000000000,00	 0000000063734,00
2301000	 0000000076985,00	 0000000000000,00	 0000000000000,00	 0000000000000,00
2301001	 0000000076985,00	 0000000000000,00	 0000000000000,00	 0000000000000,00
2302000	 0000000000000,00	 0000000000000,00	 0000000000000,00	 0000000063734,00
2302100	 0000000000000,00	 0000000000000,00	 0000000000000,00	 0000000063726,00
2302200	 0000000000000,00	 0000000000000,00	 0000000000000,00	 0000000000008,00
2303000	 0000000697409,00	 0000000000000,00	 0000000000000,00	 0000000000000,00
2303100	 0000000697409,00	 0000000000000,00	 0000000000000,00	 0000000000000,00
2303900	 0000000000000,00	 0000000000000,00	 0000000000000,00	 0000000000000,00
2400000	 0000000056825,00	 0000001436834,00	 0000000000000,00	 0000000000000,00
2401000	 0000000000000,00	 0000000000000,00	 0000000000000,00	 0000000000000,00
2402000	 0000000056825,00	 0000001436834,00	 0000000000000,00	 0000000000000,00
2402100	 0000000056825,00	 0000001191036,00	 0000000000000,00	 0000000000000,00
2402200	 0000000000000,00	 0000000245798,00	 0000000000000,00	 0000000000000,00
2402300	 0000000000000,00	 0000000000000,00	 0000000000000,00	 0000000000000,00
2500000	 0000000000205,00	 0000000000000,00	 0000000000000,00	 0000000000000,00
2500100	 0000000000000,00	 0000000000000,00	 0000000000000,00	 0000000000000,00
2500200	 0000000000205,00	 0000000000000,00	 0000000000000,00	 0000000000000,00
2500300	 0000000000000,00	 0000000000000,00	 0000000000000,00	 0000000000000,00
2550000	 0000000000000,00	 0000000002324,00	 0000000000000,00	 0000000000000,00
2600000	 0000000000000,00	 0000000000000,00	 0000000000000,00	 0000000000000,00
2650000	 0000000000000,00	 0000000000000,00	 0000000000000,00	 0000000000000,00
2700000	 0000000032513,00	 0000000000000,00	 0000000000000,00	 0000000000000,00
2700100	 0000000003889,00	 0000000000000,00	 0000000000000,00	 0000000000000,00
2700200	 0000000022982,00	 0000000000000,00	 0000000000000,00	 0000000000000,00
2700300	 0000000001379,00	 0000000000000,00	 0000000000000,00	 0000000000000,00
2700400	 0000000004263,00	 0000000000000,00	 0000000000000,00	 0000000000000,00
2700401	 0000000000000,00	 0000000000000,00	 0000000000000,00	 0000000000000,00
2700402	 0000000000000,00	 0000000000000,00	 0000000000000,00	 0000000000000,00
2700411	 0000000004000,00	 0000000000000,00	 0000000000000,00	 0000000000000,00
2700412	 0000000000000,00	 0000000000000,00	 0000000000000,00	 0000000000000,00
2700413	 0000000000263,00	 0000000000000,00	 0000000000000,00	 0000000000000,00
2700421	 0000000000000,00	 0000000000000,00	 0000000000000,00	 0000000000000,00
2700422	 0000000000000,00	 0000000000000,00	 0000000000000,00	 0000000000000,00
2700423	 0000000000000,00	 0000000000000,00	 0000000000000,00	 0000000000000,00
2700490	 0000000000000,00	 0000000000000,00	 0000000000000,00	 0000000000000,00
2800000	 0000000075775,00	 0000000000115,00	 0000000000000,00	 0000000009616,00
3000000	 0000000560671,00	 0000000013070,00	 0000000000000,00	 0000000016465,00
3101000	 0000000451573,00	 0000000000000,00	 0000000000000,00	 0000000000000,00
3102000	-0000000000216,00	 0000000000000,00	 0000000000000,00	 0000000000000,00
3103000	-0000000004471,00	 0000000000000,00	 0000000000000,00	 0000000000000,00
3104000	 0000000113785,00	 0000000013070,00	 0000000000000,00	 0000000016465,00
3104100	 0000000140251,00	 0000000000000,00	 0000000000000,00	 0000000000000,00
3104200	-0000000003484,00	 0000000013070,00	 0000000000000,00	 0000000016465,00
3104300	-0000000022982,00	 0000000000000,00	 0000000000000,00	 0000000000000,00
3200000	 0000000000000,00	 0000000000000,00	 0000000000000,00	 0000000000000,00
5001000	 0000000560671,00	 0000000013070,00	 0000000000000,00	 0000000016465,00
5002000	 0000003776407,00	 0000001613200,00	 0000000000000,00	 0000000903006,00
5100000	 0000001375004,00	 0000002220359,00	 0000000000000,00	 0000000412105,00
