014	SCOTIABANK CHILE
4100000	 0000000413745,00	 0000000421715,00	 0000000003874,00	 0000000091544,00
4100100	 0000000000565,00	 0000000000000,00	 0000000000000,00	 0000000000000,00
4100101	 0000000000565,00	 0000000000000,00	 0000000000000,00	 0000000000000,00
4100151	 0000000000000,00	 0000000000000,00	 0000000000000,00	 0000000000000,00
4100200	 0000000000219,00	 0000000000000,00	 0000000000019,00	 0000000000003,00
4100201	 0000000000219,00	 0000000000000,00	 0000000000019,00	 0000000000003,00
4100251	 0000000000000,00	 0000000000000,00	 0000000000000,00	 0000000000000,00
4100300	 0000000116278,00	 0000000107724,00	 0000000003855,00	 0000000086231,00
4100301	 0000000098077,00	 0000000037797,00	 0000000000000,00	 0000000055401,00
4100309	 0000000002650,00	 0000000000000,00	 0000000000893,00	 0000000030600,00
4100310	 0000000002963,00	 0000000000000,00	 0000000000000,00	 0000000000000,00
4100320	 0000000003248,00	 0000000000328,00	 0000000000793,00	 0000000000230,00
4100325	 0000000000017,00	 0000000018501,00	 0000000000000,00	 0000000000000,00
4100330	 0000000009171,00	 0000000005376,00	 0000000002169,00	 0000000000000,00
4100340	 0000000000005,00	 0000000000000,00	 0000000000000,00	 0000000000000,00
4100351	 0000000000000,00	 0000000031493,00	 0000000000000,00	 0000000000000,00
4100359	 0000000000000,00	 0000000000000,00	 0000000000000,00	 0000000000000,00
4100360	 0000000000000,00	 0000000000000,00	 0000000000000,00	 0000000000000,00
4100370	 0000000000000,00	 0000000000510,00	 0000000000000,00	 0000000000000,00
4100375	 0000000000000,00	 0000000008367,00	 0000000000000,00	 0000000000000,00
4100380	 0000000000000,00	 0000000003971,00	 0000000000000,00	 0000000000000,00
4100390	 0000000000000,00	 0000000000000,00	 0000000000000,00	 0000000000000,00
4100399	 0000000000147,00	 0000000001381,00	 0000000000000,00	 0000000000000,00
4100400	 0000000000085,00	 0000000304573,00	 0000000000000,00	 0000000000000,00
4100401	 0000000000000,00	 0000000003378,00	 0000000000000,00	 0000000000000,00
4100402	 0000000000000,00	 0000000001073,00	 0000000000000,00	 0000000000000,00
4100403	 0000000000000,00	 0000000000000,00	 0000000000000,00	 0000000000000,00
4100405	 0000000000000,00	 0000000001921,00	 0000000000000,00	 0000000000000,00
4100407	 0000000000085,00	 0000000178399,00	 0000000000000,00	 0000000000000,00
4100408	 0000000000000,00	 0000000000000,00	 0000000000000,00	 0000000000000,00
4100420	 0000000000000,00	 0000000002450,00	 0000000000000,00	 0000000000000,00
4100430	 0000000000000,00	 0000000000020,00	 0000000000000,00	 0000000000000,00
4100451	 0000000000000,00	 0000000001684,00	 0000000000000,00	 0000000000000,00
4100452	 0000000000000,00	 0000000000000,00	 0000000000000,00	 0000000000000,00
4100455	 0000000000000,00	 0000000000698,00	 0000000000000,00	 0000000000000,00
4100457	 0000000000000,00	 0000000114380,00	 0000000000000,00	 0000000000000,00
4100458	 0000000000000,00	 0000000000000,00	 0000000000000,00	 0000000000000,00
4100480	 0000000000000,00	 0000000000569,00	 0000000000000,00	 0000000000000,00
4100490	 0000000000000,00	-0000000000016,00	 0000000000000,00	 0000000000000,00
4100499	 0000000000000,00	 0000000000017,00	 0000000000000,00	 0000000000000,00
4100500	 0000000273848,00	 0000000001686,00	 0000000000000,00	 0000000000000,00
4100501	 0000000102384,00	 0000000001115,00	 0000000000000,00	 0000000000000,00
4100510	 0000000015090,00	 0000000000000,00	 0000000000000,00	 0000000000000,00
4100520	 0000000154739,00	 0000000000000,00	 0000000000000,00	 0000000000000,00
4100530	 0000000000000,00	 0000000000000,00	 0000000000000,00	 0000000000000,00
4100540	 0000000000095,00	 0000000000000,00	 0000000000000,00	 0000000000000,00
4100590	 0000000000000,00	 0000000000571,00	 0000000000000,00	 0000000000000,00
4100599	 0000000001540,00	 0000000000000,00	 0000000000000,00	 0000000000000,00
4100600	 0000000010842,00	 0000000004092,00	 0000000000000,00	 0000000000000,00
4100601	 0000000010842,00	 0000000000139,00	 0000000000000,00	 0000000000000,00
4100621	 0000000000000,00	 0000000000000,00	 0000000000000,00	 0000000000000,00
4100651	 0000000000000,00	 0000000003953,00	 0000000000000,00	 0000000000000,00
4100671	 0000000000000,00	 0000000000000,00	 0000000000000,00	 0000000000000,00
4100800	 0000000001664,00	 0000000003640,00	 0000000000000,00	 0000000005310,00
4100801	 0000000000000,00	 0000000000000,00	 0000000000000,00	 0000000000000,00
4100804	 0000000000000,00	 0000000000000,00	 0000000000000,00	 0000000001963,00
4100810	 0000000001664,00	 0000000002689,00	 0000000000000,00	 0000000003347,00
4100850	 0000000000000,00	 0000000000951,00	 0000000000000,00	 0000000000000,00
4100900	 0000000010244,00	 0000000000000,00	 0000000000000,00	 0000000000000,00
4150000	-0000000168065,00	-0000000177461,00	-0000000000002,00	-0000000063078,00
4150100	-0000000014462,00	 0000000000000,00	 0000000000000,00	 0000000000000,00
4150101	-0000000012475,00	 0000000000000,00	 0000000000000,00	 0000000000000,00
4150102	-0000000001987,00	 0000000000000,00	 0000000000000,00	 0000000000000,00
4150103	 0000000000000,00	 0000000000000,00	 0000000000000,00	 0000000000000,00
4150151	 0000000000000,00	 0000000000000,00	 0000000000000,00	 0000000000000,00
4150200	-0000000004812,00	 0000000000000,00	 0000000000000,00	 0000000000000,00
4150201	-0000000004812,00	 0000000000000,00	 0000000000000,00	 0000000000000,00
4150251	 0000000000000,00	 0000000000000,00	 0000000000000,00	 0000000000000,00
4150300	-0000000108706,00	-0000000002102,00	-0000000000002,00	-0000000025403,00
4150301	-0000000108706,00	-0000000000176,00	-0000000000002,00	-0000000025403,00
4150302	 0000000000000,00	-0000000000123,00	 0000000000000,00	 0000000000000,00
4150309	 0000000000000,00	 0000000000000,00	 0000000000000,00	 0000000000000,00
4150351	 0000000000000,00	-0000000000793,00	 0000000000000,00	 0000000000000,00
4150352	 0000000000000,00	-0000000001010,00	 0000000000000,00	 0000000000000,00
4150359	 0000000000000,00	 0000000000000,00	 0000000000000,00	 0000000000000,00
4150400	-0000000009120,00	 0000000000000,00	 0000000000000,00	-0000000036486,00
4150401	-0000000009117,00	 0000000000000,00	 0000000000000,00	-0000000036486,00
4150451	-0000000000003,00	 0000000000000,00	 0000000000000,00	 0000000000000,00
4150500	-0000000007843,00	-0000000167333,00	 0000000000000,00	 0000000000000,00
4150501	 0000000000000,00	-0000000003744,00	 0000000000000,00	 0000000000000,00
4150511	-0000000007843,00	-0000000070689,00	 0000000000000,00	 0000000000000,00
4150521	 0000000000000,00	-0000000016856,00	 0000000000000,00	 0000000000000,00
4150522	 0000000000000,00	 0000000000000,00	 0000000000000,00	 0000000000000,00
4150551	 0000000000000,00	-0000000001925,00	 0000000000000,00	 0000000000000,00
4150561	 0000000000000,00	-0000000065134,00	 0000000000000,00	 0000000000000,00
4150571	 0000000000000,00	-0000000008985,00	 0000000000000,00	 0000000000000,00
4150572	 0000000000000,00	 0000000000000,00	 0000000000000,00	 0000000000000,00
4150600	 0000000000000,00	 0000000000217,00	 0000000000000,00	 0000000000000,00
4150601	 0000000000000,00	 0000000000000,00	 0000000000000,00	 0000000000000,00
4150651	 0000000000000,00	 0000000000217,00	 0000000000000,00	 0000000000000,00
4150700	 0000000000000,00	-0000000002782,00	 0000000000000,00	 0000000000000,00
4150701	 0000000000000,00	-0000000002782,00	 0000000000000,00	 0000000000000,00
4150751	 0000000000000,00	 0000000000000,00	 0000000000000,00	 0000000000000,00
4150800	-0000000000002,00	-0000000005461,00	 0000000000000,00	-0000000001189,00
4150801	-0000000000002,00	 0000000000000,00	 0000000000000,00	-0000000001189,00
4150851	 0000000000000,00	-0000000005461,00	 0000000000000,00	 0000000000000,00
4150900	-0000000023120,00	 0000000000000,00	 0000000000000,00	 0000000000000,00
4200000	 0000000141718,00	 0000000002348,00	 0000000000956,00	 0000000004485,00
4200100	 0000000000641,00	 0000000000000,00	 0000000000000,00	 0000000000000,00
4200200	 0000000001416,00	 0000000002295,00	 0000000000710,00	 0000000002359,00
4200300	 0000000045774,00	 0000000000000,00	 0000000000000,00	 0000000000000,00
4200303	 0000000001764,00	 0000000000000,00	 0000000000000,00	 0000000000000,00
4200304	 0000000007690,00	 0000000000000,00	 0000000000000,00	 0000000000000,00
4200305	 0000000029845,00	 0000000000000,00	 0000000000000,00	 0000000000000,00
4200306	 0000000000288,00	 0000000000000,00	 0000000000000,00	 0000000000000,00
4200307	 0000000006187,00	 0000000000000,00	 0000000000000,00	 0000000000000,00
4200309	 0000000000000,00	 0000000000000,00	 0000000000000,00	 0000000000000,00
4200400	 0000000011443,00	 0000000000000,00	 0000000000000,00	 0000000000000,00
4200500	 0000000034923,00	 0000000000000,00	 0000000000005,00	 0000000000071,00
4200600	 0000000001690,00	 0000000000053,00	 0000000000000,00	 0000000000000,00
4200700	 0000000008496,00	 0000000000000,00	 0000000000000,00	 0000000000000,00
4200800	 0000000022090,00	 0000000000000,00	 0000000000000,00	 0000000000000,00
4200900	 0000000015245,00	 0000000000000,00	 0000000000241,00	 0000000002055,00
4250000	-0000000031903,00	 0000000000000,00	 0000000000000,00	-0000000004701,00
4250100	-0000000018492,00	 0000000000000,00	 0000000000000,00	-0000000002861,00
4250101	-0000000013105,00	 0000000000000,00	 0000000000000,00	-0000000002861,00
4250102	-0000000005184,00	 0000000000000,00	 0000000000000,00	 0000000000000,00
4250190	-0000000000203,00	 0000000000000,00	 0000000000000,00	 0000000000000,00
4250200	-0000000009360,00	 0000000000000,00	 0000000000000,00	-0000000000299,00
4250300	-0000000004051,00	 0000000000000,00	 0000000000000,00	-0000000001541,00
4300000	 0000000081517,00	 0000000020059,00	 0000000000000,00	 0000000000001,00
4300100	 0000000008159,00	 0000000020020,00	 0000000000000,00	 0000000000001,00
4300101	 0000000003426,00	 0000000006204,00	 0000000000000,00	 0000000000000,00
4300102	 0000000000853,00	 0000000000000,00	 0000000000000,00	 0000000000000,00
4300103	 0000000015515,00	 0000000014756,00	 0000000000000,00	 0000000000000,00
4300104	-0000000012192,00	-0000000000940,00	 0000000000000,00	 0000000000000,00
4300190	 0000000000557,00	 0000000000000,00	 0000000000000,00	 0000000000001,00
4300200	 0000000069708,00	 0000000000000,00	 0000000000000,00	 0000000000000,00
4300300	 0000000005433,00	 0000000000000,00	 0000000000000,00	 0000000000000,00
4300400	 0000000000062,00	 0000000000039,00	 0000000000000,00	 0000000000000,00
4300500	-0000000001845,00	 0000000000000,00	 0000000000000,00	 0000000000000,00
4350000	 0000000004859,00	 0000000000000,00	-0000000016951,00	 0000000000000,00
4350100	 0000000000000,00	 0000000000000,00	-0000000018191,00	 0000000000000,00
4350200	 0000000000000,00	 0000000000000,00	 0000000001240,00	 0000000000000,00
4350900	 0000000004859,00	 0000000000000,00	 0000000000000,00	 0000000000000,00
4400000	 0000000021286,00	 0000000000013,00	 0000000000003,00	 0000000005348,00
4400100	 0000000005099,00	 0000000000000,00	 0000000000000,00	 0000000000000,00
4400200	 0000000000000,00	 0000000000000,00	 0000000000000,00	 0000000000000,00
4400290	 0000000000000,00	 0000000000000,00	 0000000000000,00	 0000000000000,00
4400300	 0000000016187,00	 0000000000013,00	 0000000000003,00	 0000000005348,00
4500000	-0000000225012,00	 0000000009303,00	 0000000000000,00	 0000000000000,00
4500100	-0000000255500,00	 0000000000000,00	 0000000000000,00	 0000000000000,00
4500101	-0000000068578,00	 0000000000000,00	 0000000000000,00	 0000000000000,00
4500111	-0000000003126,00	 0000000000000,00	 0000000000000,00	 0000000000000,00
4500112	-0000000173385,00	 0000000000000,00	 0000000000000,00	 0000000000000,00
4500190	 0000000000001,00	 0000000000000,00	 0000000000000,00	 0000000000000,00
4500191	-0000000010412,00	 0000000000000,00	 0000000000000,00	 0000000000000,00
4500200	 0000000004358,00	 0000000000000,00	 0000000000000,00	 0000000000000,00
4500700	 0000000004358,00	 0000000000000,00	 0000000000000,00	 0000000000000,00
4500701	 0000000001559,00	 0000000000000,00	 0000000000000,00	 0000000000000,00
4500702	 0000000001283,00	 0000000000000,00	 0000000000000,00	 0000000000000,00
4500703	 0000000001516,00	 0000000000000,00	 0000000000000,00	 0000000000000,00
4500800	 0000000000000,00	 0000000000000,00	 0000000000000,00	 0000000000000,00
4500801	 0000000000000,00	 0000000000000,00	 0000000000000,00	 0000000000000,00
4500802	 0000000000000,00	 0000000000000,00	 0000000000000,00	 0000000000000,00
4500803	 0000000000000,00	 0000000000000,00	 0000000000000,00	 0000000000000,00
4500900	 0000000021772,00	 0000000009303,00	 0000000000000,00	 0000000000000,00
4500901	 0000000002658,00	 0000000001948,00	 0000000000000,00	 0000000000000,00
4500911	 0000000000297,00	 0000000002116,00	 0000000000000,00	 0000000000000,00
4500921	 0000000018817,00	 0000000005239,00	 0000000000000,00	 0000000000000,00
4500931	 0000000000000,00	 0000000000000,00	 0000000000000,00	 0000000000000,00
4600000	-0000000148287,00	 0000000000000,00	 0000000000000,00	-0000000000377,00
4610000	-0000000112343,00	 0000000000000,00	 0000000000000,00	-0000000018959,00
4610100	-0000000062388,00	 0000000000000,00	 0000000000000,00	-0000000018210,00
4610200	-0000000027983,00	 0000000000000,00	 0000000000000,00	-0000000000504,00
4610300	-0000000000626,00	 0000000000000,00	 0000000000000,00	 0000000000000,00
4610400	-0000000014307,00	 0000000000000,00	 0000000000000,00	-0000000000245,00
4610500	-0000000007039,00	 0000000000000,00	 0000000000000,00	 0000000000000,00
4620000	-0000000034823,00	 0000000000000,00	 0000000000000,00	 0000000000000,00
4630000	 0000000000000,00	 0000000000000,00	 0000000000000,00	 0000000000000,00
4650000	-0000000022511,00	-0000000002706,00	 0000000000000,00	-0000000001225,00
4650100	-0000000006839,00	 0000000000000,00	 0000000000000,00	 0000000000000,00
4650200	-0000000003160,00	 0000000000000,00	 0000000000000,00	 0000000000000,00
4650201	-0000000000558,00	 0000000000000,00	 0000000000000,00	 0000000000000,00
4650211	 0000000000000,00	 0000000000000,00	 0000000000000,00	 0000000000000,00
4650290	-0000000002602,00	 0000000000000,00	 0000000000000,00	 0000000000000,00
4650900	-0000000012512,00	-0000000002706,00	 0000000000000,00	-0000000001225,00
4700000	 0000000000050,00	 0000000000000,00	 0000000000000,00	 0000000000003,00
4700100	 0000000000050,00	 0000000000000,00	 0000000000000,00	 0000000000003,00
4700101	 0000000000000,00	 0000000000000,00	 0000000000000,00	 0000000000000,00
4700103	 0000000000000,00	 0000000000000,00	 0000000000000,00	 0000000000000,00
4700110	 0000000000050,00	 0000000000000,00	 0000000000000,00	 0000000000003,00
4700200	 0000000000000,00	 0000000000000,00	 0000000000000,00	 0000000000000,00
4700201	 0000000000000,00	 0000000000000,00	 0000000000000,00	 0000000000000,00
4700203	 0000000000000,00	 0000000000000,00	 0000000000000,00	 0000000000000,00
4700210	 0000000000000,00	 0000000000000,00	 0000000000000,00	 0000000000000,00
4800000	-0000000038144,00	 0000000000000,00	 0000000000000,00	 0000000000000,00
4800001	-0000000043893,00	 0000000000000,00	 0000000000000,00	 0000000000000,00
4850000	 0000000000000,00	 0000000000000,00	 0000000000000,00	 0000000000000,00
4900000	 0000000003771,00	 0000000000000,00	 0000000000000,00	 0000000000000,00
5003000	 0000000245680,00	 0000000244254,00	 0000000003872,00	 0000000028466,00
5004000	 0000000109815,00	 0000000002348,00	 0000000000956,00	-0000000000216,00
5005000	 0000000463157,00	 0000000266674,00	-0000000012120,00	 0000000033599,00
5006000	 0000000238145,00	 0000000275977,00	-0000000012120,00	 0000000033599,00
5007000	-0000000079819,00	 0000000273271,00	-0000000012120,00	 0000000013038,00
5008000	-0000000079769,00	 0000000273271,00	-0000000012120,00	 0000000013041,00
5009000	-0000000117913,00	 0000000273271,00	-0000000012120,00	 0000000013041,00
5010000	-0000000117913,00	 0000000273271,00	-0000000012120,00	 0000000013041,00
5020000	-0000000121684,00	 0000000273271,00	-0000000012120,00	 0000000013041,00
