051	BANCO FALABELLA
811000000	 0263801850665,00	
811100000	 0000000000000,00	
811100100	 0000000000000,00	
811100200	 0000000000000,00	
811200000	 0010079923824,00	
811200100	 0002458091638,00	
811200101	 0000817870100,00	
811200102	 0000000000000,00	
811200103	 0001640221538,00	
811200104	 0000000000000,00	
811200600	 0000000000000,00	
811200700	 0000000000000,00	
811200800	 0000000000000,00	
811200900	 0000000000000,00	
811201000	 0000000000000,00	
811201100	 0007621832186,00	
811201200	 0000000000000,00	
811300000	 0041214418892,00	
811300100	 0003863687674,00	
811300200	 0006293108884,00	
811300300	 0000000000000,00	
811300400	 0029512924695,00	
811300500	 0000000000000,00	
811300600	 0001544697639,00	
811400000	 0212507507949,00	
811400100	 0064418782861,00	
811400200	 0011419235321,00	
811400300	 0136669489767,00	
811400400	 0000000000000,00	
811400500	 0000000000000,00	
812000000	 0014207993330,00	
812100000	 0000000000000,00	
812100100	 0000000000000,00	
812100200	 0000000000000,00	
812200000	 0007130113463,00	
812200100	 0000661160166,00	
812200101	 0000638927683,00	
812200102	 0000000000000,00	
812200103	 0000022232483,00	
812200104	 0000000000000,00	
812200600	 0000000000000,00	
812200700	 0000000000000,00	
812200800	 0000000000000,00	
812200900	 0000000000000,00	
812201000	 0000000000000,00	
812201100	 0006468953297,00	
812201200	 0000000000000,00	
812300000	 0000916443468,00	
812300100	 0000142192917,00	
812300200	 0000138880420,00	
812300300	 0000000000000,00	
812300400	 0000600157920,00	
812300500	 0000000000000,00	
812300600	 0000035212211,00	
812400000	 0006161436399,00	
812400100	 0002278954703,00	
812400200	 0003882481696,00	
812400300	 0000000000000,00	
812400400	 0000000000000,00	
812400500	 0000000000000,00	
813000000	 0069769655994,00	
813100000	 0000000000000,00	
813100100	 0000000000000,00	
813100200	 0000000000000,00	
813200000	 0000278984387,00	
813200100	 0000000000000,00	
813200101	 0000000000000,00	
813200102	 0000000000000,00	
813200103	 0000000000000,00	
813200104	 0000000000000,00	
813200600	 0000000000000,00	
813200700	 0000000000000,00	
813200800	 0000000000000,00	
813200900	 0000000000000,00	
813201000	 0000000000000,00	
813201100	 0000278984387,00	
813201200	 0000000000000,00	
813300000	 0000112856831,00	
813300100	 0000000000000,00	
813300200	 0000112856831,00	
813300300	 0000000000000,00	
813300400	 0000000000000,00	
813300500	 0000000000000,00	
813300600	 0000000000000,00	
813400000	 0069377814776,00	
813400100	 0011812422150,00	
813400200	 0002654153738,00	
813400300	 0054911238888,00	
813400400	 0000000000000,00	
813400500	 0000000000000,00	
814000000	 0014452377505,00	
814100000	 0000000000000,00	
814100100	 0000000000000,00	
814100200	 0000000000000,00	
814200000	 0000128389385,00	
814200100	 0000000000000,00	
814200101	 0000000000000,00	
814200102	 0000000000000,00	
814200103	 0000000000000,00	
814200104	 0000000000000,00	
814200600	 0000000000000,00	
814200700	 0000000000000,00	
814200800	 0000000000000,00	
814200900	 0000000000000,00	
814201000	 0000000000000,00	
814201100	 0000128389385,00	
814201200	 0000000000000,00	
814300000	 0000125124218,00	
814300100	 0000125124218,00	
814300200	 0000000000000,00	
814300300	 0000000000000,00	
814300400	 0000000000000,00	
814300500	 0000000000000,00	
814300600	 0000000000000,00	
814400000	 0014198863902,00	
814400100	 0002114952853,00	
814400200	 0000466497659,00	
814400300	 0011617413390,00	
814400400	 0000000000000,00	
814400500	 0000000000000,00	
821000000	 3863228058004,00	
821100000	 0000000000000,00	
821100100	 0000000000000,00	
821100200	 0000000000000,00	
821200000	 0075899113688,00	
821200100	 0023073398914,00	
821200101	 0021404894273,00	
821200102	 0000000000000,00	
821200103	 0001668504641,00	
821200104	 0000000000000,00	
821200600	 0000000000000,00	
821200700	 0001458252495,00	
821200800	 0000000000000,00	
821200900	 0000000000000,00	
821201000	 0000000000000,00	
821201100	 0051367462279,00	
821201200	 0000000000000,00	
821300000	 0629325634644,00	
821300100	 0045128016196,00	
821300200	 0061369688800,00	
821300300	 0000000000000,00	
821300400	 0507622095226,00	
821300500	 0000000000000,00	
821300600	 0015205834422,00	
821400000	 3158003309672,00	
821400100	 0683549661869,00	
821400200	 0076736349900,00	
821400300	 2397717297903,00	
821400400	 0000000000000,00	
821400500	 0000000000000,00	
831000000	 3347600045538,00	
831100000	 0000000000000,00	
831100100	 0000000000000,00	
831100200	 0000000000000,00	
831200000	 0000000000000,00	
831300000	 0000000000000,00	
831500000	 0000000000000,00	
831500100	 0000000000000,00	
831500200	 0000000000000,00	
831600000	 3347593997914,00	
831600100	 0004928280592,00	
831600200	 0000000000000,00	
831600300	 0271650481694,00	
831600400	 3071015235628,00	
831600500	 0000000000000,00	
831700000	 0000000000000,00	
831700100	 0000000000000,00	
831700200	 0000000000000,00	
831700300	 0000000000000,00	
831700400	 0000000000000,00	
831700500	 0000000000000,00	
831800000	 0000006047624,00	
831800100	 0000006047624,00	
831800200	 0000000000000,00	
831900000	 0000000000000,00	
832000000	 0020810847772,00	
832100000	 0000000000000,00	
832100100	 0000000000000,00	
832100200	 0000000000000,00	
832300000	 0000000000000,00	
832300100	 0000000000000,00	
832300200	 0000000000000,00	
832300300	 0000000000000,00	
832500000	 0020810847772,00	
832500100	 0000000000000,00	
832500200	 0000000000000,00	
832500300	 0020810847772,00	
832700000	 0000000000000,00	
832700100	 0000000000000,00	
832700101	 0000000000000,00	
832700102	 0000000000000,00	
832700103	 0000000000000,00	
832700104	 0000000000000,00	
832700200	 0000000000000,00	
832700201	 0000000000000,00	
832700202	 0000000000000,00	
832700203	 0000000000000,00	
832700204	 0000000000000,00	
833000000	 3133250427445,00	
833050000	 0000000000000,00	
833050100	 0000000000000,00	
833050200	 0000000000000,00	
833100000	 1642604067659,00	
833200000	 1461647130591,00	
833300000	 0028999229195,00	
833300100	 0028999229195,00	
833300200	 0000000000000,00	
833300300	 0000000000000,00	
833350000	 0000000000000,00	
833360000	 0000000000000,00	
833370000	 0000000000000,00	
833380000	 0000000000000,00	
833400000	 0000000000000,00	
833410000	 0000000000000,00	
833420000	 0000000000000,00	
833500000	 0000000000000,00	
833500100	 0000000000000,00	
833500200	 0000000000000,00	
833500300	 0000000000000,00	
833500400	 0000000000000,00	
833500500	 0000000000000,00	
833500600	 0000000000000,00	
833500700	 0000000000000,00	
841000000	 0117744056986,00	
841000100	 0052519207548,00	
841000200	 0000000000000,00	
841000300	 0000000000000,00	
841000400	 0027325701500,00	
841000500	 0037492703360,00	
841000600	 0000000000000,00	
841000700	 0000406444578,00	
842000000	 0000000000000,00	
842000100	 0000000000000,00	
842000200	 0000000000000,00	
843000000	 0000000000000,00	
843000100	 0000000000000,00	
843000200	 0000000000000,00	
843000300	 0000000000000,00	
843000400	 0000000000000,00	
843000500	 0000000000000,00	
843500000	 0000000000000,00	
843500100	 0000000000000,00	
843500200	 0000000000000,00	
843500300	 0000000000000,00	
843500400	 0000000000000,00	
843500500	 0000000000000,00	
843500600	 0000000000000,00	
844100000	 0000000000000,00	
844200000	 0001600370863,00	
844300000	 0000412910917,00	
844400000	 0000000000000,00	
844400100	 0000000000000,00	
844400200	 0000000000000,00	
844500000	 0101395111952,00	
844500100	 0101395111952,00	
844500200	 0000000000000,00	
844500300	 0000000000000,00	
844600000	 0000272327425,00	
845250000	 0080770910697,00	
845250100	 0000000000000,00	
845250200	 0000000000000,00	
845250300	 0000000000000,00	
845250400	 0000000000000,00	
845250500	 0080770910697,00	
845250501	 0056961249531,00	
845250502	 0000000000000,00	
845250503	 0002470794251,00	
845250504	 0001385594818,00	
845250505	 0000000000000,00	
845250509	 0019953272097,00	
845250600	 0000000000000,00	
845250601	 0000000000000,00	
845250602	 0000000000000,00	
845250603	 0000000000000,00	
845250609	 0000000000000,00	
845500000	 0000000000000,00	
845500100	 0000000000000,00	
845500200	 0000000000000,00	
845500300	 0000000000000,00	
845500400	 0000000000000,00	
845500500	 0000000000000,00	
845500501	 0000000000000,00	
845500502	 0000000000000,00	
845500503	 0000000000000,00	
845500504	 0000000000000,00	
845500509	 0000000000000,00	
845500600	 0000000000000,00	
846100000	 0000000000000,00	
847000000	 0002607445239,00	
847100000	 0004535362058,00	
847100100	 0000000000000,00	
847100200	 0003876872403,00	
847100300	 0000043496129,00	
847100400	 0000036655353,00	
847100500	 0000003653718,00	
847100600	 0000027454516,00	
847100700	 0000547229939,00	
847200000	 0001927916819,00	
847200100	 0000000000000,00	
847200200	 0001352914713,00	
847200300	 0000026476327,00	
847200400	 0000011004516,00	
847200500	 0000000000000,00	
847200600	 0000038549118,00	
847200700	 0000498972145,00	
851000000	 0000000000000,00	
851100000	 0000000000000,00	
851200000	 0000000000000,00	
852000000	 0000000000000,00	
852100000	 0000000000000,00	
852200000	 0000000000000,00	
853000000	 0000000000000,00	
853100000	 0000000000000,00	
853200000	 0000000000000,00	
854000000	 3599426207339,00	
854200000	 0065819189864,00	
854300000	 0588111215752,00	
854400000	 2945495801723,00	
855000000	 0263801850665,00	
855200000	 0010079923824,00	
855300000	 0041214418892,00	
855400000	 0212507507949,00	
856050000	 0002000000002,00	
856050100	 0000000000000,00	
856050200	 0000000000000,00	
856050300	 0000000000000,00	
856050400	 0000000000000,00	
856050500	 0000000000000,00	
856050600	 0002000000002,00	
856050800	 0000000000000,00	
856050900	 0000000000000,00	
856150000	 0000000000000,00	
856150100	 0000000000000,00	
856150200	 0000000000000,00	
856150300	 0000000000000,00	
856150400	 0000000000000,00	
856150500	 0000000000000,00	
856150600	 0000000000000,00	
856150800	 0000000000000,00	
856150900	 0000000000000,00	
856250000	 0000000000000,00	
856250100	 0000000000000,00	
856250200	 0000000000000,00	
856250300	 0000000000000,00	
856250400	 0000000000000,00	
856250500	 0000000000000,00	
856250600	 0000000000000,00	
856250800	 0000000000000,00	
856250900	 0000000000000,00	
856350000	 0002933606693,00	
856350100	 0000000000000,00	
856350200	 0000000000000,00	
856350300	 0000000000000,00	
856350400	 0000000000000,00	
856350500	 0000000000000,00	
856350600	 0002927559069,00	
856350700	 0000006047624,00	
856350800	 0000000000000,00	
856350900	 0000000000000,00	
856450000	 0000000721521,00	
856450100	 0000000000000,00	
856450200	 0000000000000,00	
856450300	 0000000000000,00	
856450400	 0000000000000,00	
856450500	 0000000000000,00	
856450600	 0000000721521,00	
856450700	 0000000000000,00	
856450800	 0000000000000,00	
856450900	 0000000000000,00	
856550000	 3341618880874,00	
856550100	 0000000000000,00	
856550200	 0000000000000,00	
856550300	 0000000000000,00	
856550400	 0270933328686,00	
856550500	 3070685552188,00	
856550600	 0000000000000,00	
856650000	 0001046836448,00	
856650100	 0000000000000,00	
856650200	 0000000000000,00	
856650300	 0000000000000,00	
856650400	 0000717153008,00	
856650500	 0000329683440,00	
856650600	 0000000000000,00	
856750000	 0000000000000,00	
856750100	 0000000000000,00	
856750200	 0000000000000,00	
856750300	 0000000000000,00	
856750400	 0000000000000,00	
856750500	 0000000000000,00	
856750600	 0000000000000,00	
856750800	 0000000000000,00	
856750900	 0000000000000,00	
856850000	 0000000000000,00	
856850100	 0000000000000,00	
856850200	 0000000000000,00	
856850300	 0000000000000,00	
856850400	 0000000000000,00	
856850500	 0000000000000,00	
856850600	 0000000000000,00	
856850800	 0000000000000,00	
856850900	 0000000000000,00	
856950000	 0000000000000,00	
856950100	 0000000000000,00	
856950200	 0000000000000,00	
856950300	 0000000000000,00	
856950400	 0000000000000,00	
856950500	 0000000000000,00	
856950600	 0000000000000,00	
856950800	 0000000000000,00	
856950900	 0000000000000,00	
857000000	 0147308543042,00	
857100000	 0000000000000,00	
857100100	 0000000000000,00	
857100200	 0000000000000,00	
857200000	 0007744000063,00	
857200100	 0000549056826,00	
857200101	 0000000000000,00	
857200102	 0000000000000,00	
857200103	 0000549056826,00	
857200104	 0000000000000,00	
857200600	 0000000000000,00	
857200700	 0000000000000,00	
857200800	 0000000000000,00	
857200900	 0000000000000,00	
857201000	 0000000000000,00	
857201100	 0007194943237,00	
857201200	 0000000000000,00	
857300000	 0024544025263,00	
857300100	 0002163165423,00	
857300200	 0003510637269,00	
857300300	 0000000000000,00	
857300400	 0018020900556,00	
857300500	 0000000000000,00	
857300600	 0000849322015,00	
857400000	 0115020517716,00	
857400100	 0024524490780,00	
857400200	 0003856437827,00	
857400300	 0086639589109,00	
857400400	 0000000000000,00	
857400500	 0000000000000,00	
858000000	 0000000000000,00	
858100000	 0000000000000,00	
858200000	 0000000000000,00	
858300000	 0000000000000,00	
858400000	 0000000000000,00	
859000000	 0000000000000,00	
859100000	 0000000000000,00	
859200000	 0000000000000,00	
859300000	 0000000000000,00	
859400000	 0000000000000,00	
