027	CORPBANCA                                                               
1000000	 0000002963430,00	 0000002181176,00	 0000000016869,00	 0000000668412,00
1100000	 0000000095287,00	 0000000000000,00	 0000000000000,00	 0000000044628,00
1100100	 0000000061155,00	 0000000000000,00	 0000000000000,00	 0000000005589,00
1100200	 0000000033018,00	 0000000000000,00	 0000000000000,00	 0000000026458,00
1100300	 0000000001114,00	 0000000000000,00	 0000000000000,00	 0000000000192,00
1100400	 0000000000000,00	 0000000000000,00	 0000000000000,00	 0000000012389,00
1130000	 0000000133973,00	 0000000000000,00	 0000000000000,00	 0000000055762,00
1130100	 0000000023971,00	 0000000000000,00	 0000000000000,00	 0000000003591,00
1130200	 0000000110002,00	 0000000000000,00	 0000000000000,00	 0000000052171,00
1150000	 0000000036661,00	 0000000066328,00	 0000000000000,00	 0000000002509,00
1150100	 0000000024194,00	 0000000006216,00	 0000000000000,00	 0000000000000,00
1150200	 0000000002736,00	 0000000060112,00	 0000000000000,00	 0000000002509,00
1150300	 0000000000110,00	 0000000000000,00	 0000000000000,00	 0000000000000,00
1150400	 0000000009621,00	 0000000000000,00	 0000000000000,00	 0000000000000,00
1160000	 0000000019872,00	 0000000018092,00	 0000000000000,00	 0000000000000,00
1160100	 0000000015222,00	 0000000018092,00	 0000000000000,00	 0000000000000,00
1160200	 0000000004650,00	 0000000000000,00	 0000000000000,00	 0000000000000,00
1250000	 0000000079005,00	 0000000000000,00	 0000000000000,00	 0000000015831,00
1250100	 0000000079005,00	 0000000000000,00	 0000000000000,00	 0000000015831,00
1250200	 0000000000000,00	 0000000000000,00	 0000000000000,00	 0000000000000,00
1270000	-0000000000006,00	 0000000000000,00	 0000000000000,00	 0000000019289,00
1270100	 0000000000000,00	 0000000000000,00	 0000000000000,00	 0000000000000,00
1270101	 0000000000000,00	 0000000000000,00	 0000000000000,00	 0000000000000,00
1270111	 0000000000000,00	 0000000000000,00	 0000000000000,00	 0000000000000,00
1270190	 0000000000000,00	 0000000000000,00	 0000000000000,00	 0000000000000,00
1270200	-0000000000006,00	 0000000000000,00	 0000000000000,00	 0000000019289,00
1270201	 0000000000000,00	 0000000000000,00	 0000000000000,00	 0000000009805,00
1270290	-0000000000006,00	 0000000000000,00	 0000000000000,00	 0000000000000,00
1300000	 0000002185833,00	 0000001872378,00	 0000000016869,00	 0000000526744,00
1302000	 0000001870887,00	 0000001080875,00	 0000000016869,00	 0000000525568,00
1302100	 0000001716457,00	 0000000832009,00	 0000000006880,00	 0000000257076,00
1302101	 0000001716457,00	 0000000709216,00	 0000000006880,00	 0000000243138,00
1302102	 0000000000000,00	 0000000000000,00	 0000000000000,00	 0000000013938,00
1302170	 0000000000000,00	 0000000121212,00	 0000000000000,00	 0000000000000,00
1302180	 0000000000000,00	 0000000001581,00	 0000000000000,00	 0000000000000,00
1302200	 0000000018056,00	 0000000000000,00	 0000000000000,00	 0000000265388,00
1302202	 0000000018056,00	 0000000000000,00	 0000000000000,00	 0000000145688,00
1302300	 0000000049825,00	 0000000000000,00	 0000000000000,00	 0000000000142,00
1302500	 0000000036011,00	 0000000006582,00	 0000000000000,00	 0000000002831,00
1302800	 0000000049349,00	 0000000242116,00	 0000000009989,00	 0000000000000,00
1302900	 0000000001189,00	 0000000000168,00	 0000000000000,00	 0000000000131,00
1304000	 0000000001308,00	 0000000761809,00	 0000000000000,00	 0000000000000,00
1304100	 0000000000071,00	 0000000150955,00	 0000000000000,00	 0000000000000,00
1304101	 0000000000040,00	 0000000131978,00	 0000000000000,00	 0000000000000,00
1304102	 0000000000031,00	 0000000018977,00	 0000000000000,00	 0000000000000,00
1304200	 0000000000000,00	 0000000255435,00	 0000000000000,00	 0000000000000,00
1304300	 0000000001237,00	 0000000340435,00	 0000000000000,00	 0000000000000,00
1304800	 0000000000000,00	 0000000000165,00	 0000000000000,00	 0000000000000,00
1304900	 0000000000000,00	 0000000014819,00	 0000000000000,00	 0000000000000,00
1305000	 0000000408495,00	 0000000029694,00	 0000000000000,00	 0000000001259,00
1305100	 0000000274831,00	 0000000029421,00	 0000000000000,00	 0000000000000,00
1305300	 0000000027086,00	 0000000000000,00	 0000000000000,00	 0000000000000,00
1305400	 0000000053797,00	 0000000000000,00	 0000000000000,00	 0000000001259,00
1305800	 0000000000218,00	 0000000000273,00	 0000000000000,00	 0000000000000,00
1305900	 0000000052563,00	 0000000000000,00	 0000000000000,00	 0000000000000,00
1309000	-0000000094857,00	 0000000000000,00	 0000000000000,00	-0000000000083,00
1309001	-0000000054769,00	 0000000000000,00	 0000000000000,00	-0000000000083,00
1309002	-0000000006053,00	 0000000000000,00	 0000000000000,00	 0000000000000,00
1309003	-0000000034035,00	 0000000000000,00	 0000000000000,00	 0000000000000,00
1350000	 0000000250517,00	 0000000224364,00	 0000000000000,00	 0000000000000,00
1350100	 0000000246537,00	 0000000198530,00	 0000000000000,00	 0000000000000,00
1350200	 0000000003980,00	 0000000025834,00	 0000000000000,00	 0000000000000,00
1350300	 0000000000000,00	 0000000000000,00	 0000000000000,00	 0000000000000,00
1360000	 0000000000000,00	 0000000000000,00	 0000000000000,00	 0000000000000,00
1360100	 0000000000000,00	 0000000000000,00	 0000000000000,00	 0000000000000,00
1360200	 0000000000000,00	 0000000000000,00	 0000000000000,00	 0000000000000,00
1360300	 0000000000000,00	 0000000000000,00	 0000000000000,00	 0000000000000,00
1400000	 0000000003583,00	 0000000000000,00	 0000000000000,00	 0000000000000,00
1400100	 0000000000000,00	 0000000000000,00	 0000000000000,00	 0000000000000,00
1400101	 0000000000000,00	 0000000000000,00	 0000000000000,00	 0000000000000,00
1400103	 0000000000000,00	 0000000000000,00	 0000000000000,00	 0000000000000,00
1400200	 0000000003583,00	 0000000000000,00	 0000000000000,00	 0000000000000,00
1500000	 0000000013248,00	 0000000000000,00	 0000000000000,00	 0000000000160,00
1500100	 0000000000000,00	 0000000000000,00	 0000000000000,00	 0000000000000,00
1500200	 0000000013248,00	 0000000000000,00	 0000000000000,00	 0000000000160,00
1600000	 0000000054485,00	 0000000000000,00	 0000000000000,00	 0000000000086,00
1600100	 0000000045206,00	 0000000000000,00	 0000000000000,00	 0000000000022,00
1600200	 0000000009279,00	 0000000000000,00	 0000000000000,00	 0000000000064,00
1700000	 0000000000165,00	 0000000000000,00	 0000000000000,00	 0000000000000,00
1750000	 0000000016216,00	 0000000000000,00	 0000000000000,00	 0000000001662,00
1800000	 0000000074591,00	 0000000000014,00	 0000000000000,00	 0000000001741,00
1800100	 0000000002271,00	 0000000000000,00	 0000000000000,00	 0000000000661,00
1800200	 0000000002957,00	 0000000000000,00	 0000000000000,00	 0000000000000,00
1800900	 0000000069363,00	 0000000000014,00	 0000000000000,00	 0000000001080,00
2000000	 0000003432170,00	 0000001054108,00	 0000000005920,00	 0000000845624,00
2100000	 0000000381215,00	 0000000000962,00	 0000000000000,00	 0000000035665,00
2100100	 0000000255782,00	 0000000000000,00	 0000000000000,00	 0000000030365,00
2100109	 0000000170905,00	 0000000000000,00	 0000000000000,00	 0000000022975,00
2100110	 0000000083702,00	 0000000000000,00	 0000000000000,00	 0000000002550,00
2100200	 0000000027753,00	 0000000000000,00	 0000000000000,00	 0000000000000,00
2100300	 0000000097680,00	 0000000000962,00	 0000000000000,00	 0000000005300,00
2130000	 0000000110104,00	 0000000000000,00	 0000000000000,00	 0000000046865,00
2160000	 0000000287388,00	 0000000000766,00	 0000000000000,00	 0000000002315,00
2160100	 0000000257361,00	 0000000000000,00	 0000000000000,00	 0000000000000,00
2160200	 0000000030027,00	 0000000000766,00	 0000000000000,00	 0000000002315,00
2200000	 0000002380006,00	 0000000284590,00	 0000000000001,00	 0000000369693,00
2200100	 0000002379907,00	 0000000275161,00	 0000000000001,00	 0000000369693,00
2200200	 0000000000007,00	 0000000009410,00	 0000000000000,00	 0000000000000,00
2200900	 0000000000092,00	 0000000000019,00	 0000000000000,00	 0000000000000,00
2250000	 0000000066838,00	 0000000000000,00	 0000000000000,00	 0000000016880,00
2250100	 0000000066838,00	 0000000000000,00	 0000000000000,00	 0000000016880,00
2250200	 0000000000000,00	 0000000000000,00	 0000000000000,00	 0000000000000,00
2300000	 0000000130233,00	 0000000000000,00	 0000000000043,00	 0000000373428,00
2301000	 0000000130233,00	 0000000000000,00	 0000000000000,00	 0000000004452,00
2301001	 0000000130233,00	 0000000000000,00	 0000000000000,00	 0000000004452,00
2302000	 0000000000000,00	 0000000000000,00	 0000000000043,00	 0000000368976,00
2302100	 0000000000000,00	 0000000000000,00	 0000000000000,00	 0000000286076,00
2302200	 0000000000000,00	 0000000000000,00	 0000000000043,00	 0000000082900,00
2303000	 0000000000000,00	 0000000000000,00	 0000000000000,00	 0000000000000,00
2303100	 0000000000000,00	 0000000000000,00	 0000000000000,00	 0000000000000,00
2303900	 0000000000000,00	 0000000000000,00	 0000000000000,00	 0000000000000,00
2400000	 0000000000224,00	 0000000750542,00	 0000000000000,00	 0000000000000,00
2401000	 0000000000224,00	 0000000286429,00	 0000000000000,00	 0000000000000,00
2402000	 0000000000000,00	 0000000464113,00	 0000000000000,00	 0000000000000,00
2402100	 0000000000000,00	 0000000312748,00	 0000000000000,00	 0000000000000,00
2402200	 0000000000000,00	 0000000151365,00	 0000000000000,00	 0000000000000,00
2500000	 0000000003461,00	 0000000017248,00	 0000000005876,00	 0000000000000,00
2500100	 0000000000623,00	 0000000017248,00	 0000000005876,00	 0000000000000,00
2500200	 0000000002838,00	 0000000000000,00	 0000000000000,00	 0000000000000,00
2500300	 0000000000000,00	 0000000000000,00	 0000000000000,00	 0000000000000,00
2600000	 0000000002674,00	 0000000000000,00	 0000000000000,00	 0000000000000,00
2650000	 0000000016845,00	 0000000000000,00	 0000000000000,00	 0000000000000,00
2700000	 0000000038506,00	 0000000000000,00	 0000000000000,00	 0000000000000,00
2700100	 0000000005031,00	 0000000000000,00	 0000000000000,00	 0000000000000,00
2700200	 0000000029422,00	 0000000000000,00	 0000000000000,00	 0000000000000,00
2700300	 0000000000904,00	 0000000000000,00	 0000000000000,00	 0000000000000,00
2700400	 0000000003149,00	 0000000000000,00	 0000000000000,00	 0000000000000,00
2700401	 0000000000006,00	 0000000000000,00	 0000000000000,00	 0000000000000,00
2700402	 0000000000000,00	 0000000000000,00	 0000000000000,00	 0000000000000,00
2700403	 0000000002400,00	 0000000000000,00	 0000000000000,00	 0000000000000,00
2700490	 0000000000743,00	 0000000000000,00	 0000000000000,00	 0000000000000,00
2800000	 0000000014676,00	 0000000000000,00	 0000000000000,00	 0000000000778,00
3000000	 0000000457145,00	 0000000033383,00	-0000000001724,00	 0000000003261,00
3101000	 0000000324039,00	 0000000000000,00	 0000000000000,00	 0000000000000,00
3102000	 0000000014156,00	 0000000000000,00	 0000000000000,00	 0000000000000,00
3103000	-0000000002729,00	 0000000000000,00	 0000000000000,00	 0000000000000,00
3104000	 0000000121679,00	 0000000033383,00	-0000000001724,00	 0000000003261,00
3104100	 0000000127178,00	 0000000000000,00	 0000000000000,00	 0000000000000,00
3104200	 0000000023923,00	 0000000033383,00	-0000000001724,00	 0000000003261,00
3104300	-0000000029422,00	 0000000000000,00	 0000000000000,00	 0000000000000,00
3200000	 0000000000000,00	 0000000000000,00	 0000000000000,00	 0000000000000,00
5001000	 0000000457145,00	 0000000033383,00	-0000000001724,00	 0000000003261,00
5002000	 0000003889315,00	 0000001087491,00	 0000000004196,00	 0000000848885,00
5100000	 0000002280690,00	 0000001872378,00	 0000000016869,00	 0000000526827,00
