016	BANCO DE CRÉDITO E INVERSIONES
1000000	 0000011751038,00	 0000010311585,00	 0000000144405,00	 0000010615584,00
1100000	 0000000600092,00	 0000000000000,00	 0000000000000,00	 0000000842640,00
1100100	 0000000409490,00	 0000000000000,00	 0000000000000,00	 0000000120467,00
1100200	 0000000186283,00	 0000000000000,00	 0000000000000,00	 0000000011017,00
1100300	 0000000004319,00	 0000000000000,00	 0000000000000,00	 0000000000000,00
1100400	 0000000000000,00	 0000000000000,00	 0000000000000,00	 0000000711156,00
1130000	 0000000200869,00	 0000000000000,00	 0000000000000,00	 0000000102569,00
1130100	 0000000134726,00	 0000000000000,00	 0000000000000,00	 0000000012479,00
1130200	 0000000066143,00	 0000000000000,00	 0000000000000,00	 0000000090090,00
1150000	 0000000586085,00	 0000001260532,00	 0000000000000,00	 0000000339103,00
1150100	 0000000223948,00	 0000001129933,00	 0000000000000,00	 0000000000000,00
1150200	 0000000337812,00	 0000000130599,00	 0000000000000,00	 0000000005002,00
1150300	 0000000000263,00	 0000000000000,00	 0000000000000,00	 0000000320019,00
1150400	 0000000024062,00	 0000000000000,00	 0000000000000,00	 0000000014082,00
1160000	 0000000188874,00	 0000000000000,00	 0000000000000,00	 0000000000000,00
1160100	 0000000000000,00	 0000000000000,00	 0000000000000,00	 0000000000000,00
1160200	 0000000188874,00	 0000000000000,00	 0000000000000,00	 0000000000000,00
1250000	 0000001218674,00	 0000000114727,00	 0000000000000,00	 0000000010541,00
1250100	 0000000977994,00	 0000000094502,00	 0000000000000,00	 0000000007382,00
1250200	 0000000240680,00	 0000000020225,00	 0000000000000,00	 0000000003159,00
1270000	 0000000000000,00	 0000000000000,00	 0000000000000,00	 0000000200680,00
1270100	 0000000000000,00	 0000000000000,00	 0000000000000,00	 0000000000000,00
1270112	 0000000000000,00	 0000000000000,00	 0000000000000,00	 0000000000000,00
1270113	 0000000000000,00	 0000000000000,00	 0000000000000,00	 0000000000000,00
1270116	 0000000000000,00	 0000000000000,00	 0000000000000,00	 0000000000000,00
1270117	 0000000000000,00	 0000000000000,00	 0000000000000,00	 0000000000000,00
1270118	 0000000000000,00	 0000000000000,00	 0000000000000,00	 0000000000000,00
1270190	 0000000000000,00	 0000000000000,00	 0000000000000,00	 0000000000000,00
1270200	 0000000000000,00	 0000000000000,00	 0000000000000,00	 0000000200680,00
1270202	 0000000000000,00	 0000000000000,00	 0000000000000,00	 0000000000000,00
1270203	 0000000000000,00	 0000000000000,00	 0000000000000,00	 0000000201062,00
1270206	 0000000000000,00	 0000000000000,00	 0000000000000,00	 0000000000000,00
1270207	 0000000000000,00	 0000000000000,00	 0000000000000,00	 0000000000000,00
1270208	 0000000000000,00	 0000000000000,00	 0000000000000,00	 0000000000000,00
1270290	 0000000000000,00	 0000000000000,00	 0000000000000,00	-0000000000382,00
1270300	 0000000000000,00	 0000000000000,00	 0000000000000,00	 0000000000000,00
1300000	 0000007719125,00	 0000008847059,00	 0000000057946,00	 0000006738216,00
1302000	 0000005443853,00	 0000003811874,00	 0000000057946,00	 0000006052149,00
1302100	 0000004282365,00	 0000003072019,00	 0000000000057,00	 0000004953220,00
1302101	 0000004282253,00	 0000003067451,00	 0000000000057,00	 0000001206819,00
1302102	 0000000000000,00	 0000000000000,00	 0000000000000,00	 0000001996017,00
1302170	 0000000000112,00	 0000000004342,00	 0000000000000,00	 0000000000000,00
1302180	 0000000000000,00	 0000000000226,00	 0000000000000,00	 0000001750384,00
1302200	 0000000052606,00	 0000000001712,00	 0000000000015,00	 0000000689932,00
1302201	 0000000000000,00	 0000000000000,00	 0000000000000,00	 0000000000000,00
1302202	 0000000046773,00	 0000000001712,00	 0000000000000,00	 0000000394518,00
1302241	 0000000000000,00	 0000000000000,00	 0000000000015,00	 0000000008275,00
1302242	 0000000005833,00	 0000000000000,00	 0000000000000,00	 0000000254309,00
1302281	 0000000000000,00	 0000000000000,00	 0000000000000,00	 0000000004562,00
1302282	 0000000000000,00	 0000000000000,00	 0000000000000,00	 0000000028268,00
1302300	 0000000156435,00	 0000000000000,00	 0000000000000,00	 0000000000000,00
1302500	 0000000555152,00	 0000000029415,00	 0000000000000,00	 0000000216489,00
1302600	 0000000008753,00	 0000000171760,00	 0000000000000,00	 0000000000000,00
1302601	 0000000001692,00	 0000000169210,00	 0000000000000,00	 0000000000000,00
1302602	 0000000000000,00	 0000000001768,00	 0000000000000,00	 0000000000000,00
1302604	 0000000007061,00	 0000000000782,00	 0000000000000,00	 0000000000000,00
1302800	 0000000338089,00	 0000000536968,00	 0000000057874,00	 0000000189018,00
1302900	 0000000050453,00	 0000000000000,00	 0000000000000,00	 0000000003490,00
1304000	 0000000016103,00	 0000004995463,00	 0000000000000,00	 0000000570761,00
1304100	 0000000000000,00	 0000000016917,00	 0000000000000,00	 0000000000000,00
1304101	 0000000000000,00	 0000000016917,00	 0000000000000,00	 0000000000000,00
1304102	 0000000000000,00	 0000000000000,00	 0000000000000,00	 0000000000000,00
1304200	 0000000000000,00	 0000000010579,00	 0000000000000,00	 0000000570761,00
1304400	 0000000000000,00	 0000000000000,00	 0000000000000,00	 0000000000000,00
1304500	 0000000016103,00	 0000004967967,00	 0000000000000,00	 0000000000000,00
1304600	 0000000000000,00	 0000000000000,00	 0000000000000,00	 0000000000000,00
1304800	 0000000000000,00	 0000000000000,00	 0000000000000,00	 0000000000000,00
1304900	 0000000000000,00	 0000000000000,00	 0000000000000,00	 0000000000000,00
1305000	 0000002628849,00	 0000000039722,00	 0000000000000,00	 0000000146442,00
1305100	 0000002046366,00	 0000000038501,00	 0000000000000,00	 0000000088811,00
1305300	 0000000113606,00	 0000000000000,00	 0000000000000,00	 0000000000000,00
1305400	 0000000466097,00	 0000000000000,00	 0000000000000,00	 0000000021018,00
1305800	 0000000002022,00	 0000000001221,00	 0000000000000,00	 0000000000000,00
1305900	 0000000000758,00	 0000000000000,00	 0000000000000,00	 0000000036613,00
1309000	-0000000369680,00	 0000000000000,00	 0000000000000,00	-0000000031136,00
1309100	-0000000217060,00	 0000000000000,00	 0000000000000,00	-0000000024808,00
1309200	-0000000025958,00	 0000000000000,00	 0000000000000,00	-0000000004663,00
1309300	-0000000126662,00	 0000000000000,00	 0000000000000,00	-0000000001665,00
1350000	 0000000223515,00	 0000000089111,00	 0000000001527,00	 0000001850643,00
1350100	 0000000149953,00	 0000000029296,00	 0000000000000,00	 0000000266058,00
1350200	 0000000073562,00	 0000000059815,00	 0000000001527,00	 0000000000000,00
1350300	 0000000000000,00	 0000000000000,00	 0000000000000,00	 0000001584585,00
1360000	 0000000000000,00	 0000000000000,00	 0000000000000,00	 0000000000831,00
1360100	 0000000000000,00	 0000000000000,00	 0000000000000,00	 0000000000000,00
1360200	 0000000000000,00	 0000000000000,00	 0000000000000,00	 0000000000000,00
1360300	 0000000000000,00	 0000000000000,00	 0000000000000,00	 0000000000831,00
1400000	 0000000206903,00	 0000000000000,00	 0000000000000,00	 0000000000000,00
1400100	 0000000019780,00	 0000000000000,00	 0000000000000,00	 0000000000000,00
1400101	 0000000000000,00	 0000000000000,00	 0000000000000,00	 0000000000000,00
1400103	 0000000019780,00	 0000000000000,00	 0000000000000,00	 0000000000000,00
1400200	 0000000187123,00	 0000000000000,00	 0000000000000,00	 0000000000000,00
1500000	 0000000109330,00	 0000000000000,00	 0000000054241,00	 0000000002629,00
1500100	 0000000000000,00	 0000000000000,00	 0000000010273,00	 0000000000000,00
1500200	 0000000109330,00	 0000000000000,00	 0000000043968,00	 0000000002629,00
1600000	 0000000226678,00	 0000000000000,00	 0000000000000,00	 0000000042656,00
1600100	 0000000179280,00	 0000000000000,00	 0000000000000,00	 0000000037982,00
1600200	 0000000047398,00	 0000000000000,00	 0000000000000,00	 0000000004674,00
1700000	 0000000061310,00	 0000000000020,00	 0000000000000,00	 0000000000644,00
1750000	 0000000104199,00	 0000000000000,00	 0000000000000,00	 0000000081848,00
1800000	 0000000305384,00	 0000000000136,00	 0000000030691,00	 0000000402584,00
1800100	 0000000085106,00	 0000000000000,00	 0000000000000,00	 0000000003601,00
1800200	 0000000006827,00	 0000000000000,00	 0000000000000,00	 0000000000000,00
1800900	 0000000213451,00	 0000000000136,00	 0000000030691,00	 0000000398983,00
2000000	 0000015138913,00	 0000004497279,00	 0000000018832,00	 0000010455622,00
2100000	 0000004393242,00	 0000000039125,00	 0000000000000,00	 0000004569017,00
2100100	 0000003608658,00	 0000000000000,00	 0000000000000,00	 0000004423356,00
2100109	 0000002449849,00	 0000000000000,00	 0000000000000,00	 0000004295628,00
2100110	 0000001142532,00	 0000000000000,00	 0000000000000,00	 0000000125120,00
2100200	 0000000527697,00	 0000000000000,00	 0000000000000,00	 0000000078282,00
2100300	 0000000256887,00	 0000000039125,00	 0000000000000,00	 0000000067379,00
2130000	 0000000046698,00	 0000000000000,00	 0000000000000,00	 0000000120265,00
2160000	 0000000358733,00	 0000000026500,00	 0000000000000,00	 0000000159652,00
2160100	 0000000000000,00	 0000000000000,00	 0000000000000,00	 0000000000000,00
2160200	 0000000358733,00	 0000000026500,00	 0000000000000,00	 0000000159652,00
2200000	 0000007998059,00	 0000000354085,00	 0000000000000,00	 0000002499726,00
2200100	 0000007997713,00	 0000000304498,00	 0000000000000,00	 0000002499726,00
2200200	 0000000000000,00	 0000000048924,00	 0000000000000,00	 0000000000000,00
2200900	 0000000000346,00	 0000000000663,00	 0000000000000,00	 0000000000000,00
2250000	 0000001146232,00	 0000000276817,00	 0000000000000,00	 0000000007817,00
2250100	 0000000987519,00	 0000000116348,00	 0000000000000,00	 0000000007100,00
2250200	 0000000158713,00	 0000000160469,00	 0000000000000,00	 0000000000717,00
2300000	 0000000224409,00	 0000000000000,00	 0000000017810,00	 0000001408164,00
2301000	 0000000224409,00	 0000000000000,00	 0000000017810,00	 0000000466549,00
2301001	 0000000000000,00	 0000000000000,00	 0000000000000,00	 0000000466549,00
2302000	 0000000000000,00	 0000000000000,00	 0000000000000,00	 0000000941615,00
2302100	 0000000000000,00	 0000000000000,00	 0000000000000,00	 0000000380778,00
2302200	 0000000000000,00	 0000000000000,00	 0000000000000,00	 0000000560837,00
2303000	 0000000000000,00	 0000000000000,00	 0000000000000,00	 0000000000000,00
2303100	 0000000000000,00	 0000000000000,00	 0000000000000,00	 0000000000000,00
2303900	 0000000000000,00	 0000000000000,00	 0000000000000,00	 0000000000000,00
2400000	 0000000315080,00	 0000003498239,00	 0000000000000,00	 0000000814038,00
2401000	 0000000000000,00	 0000000019355,00	 0000000000000,00	 0000000000000,00
2402000	 0000000315080,00	 0000003478884,00	 0000000000000,00	 0000000814038,00
2402100	 0000000315080,00	 0000002573797,00	 0000000000000,00	 0000000814038,00
2402200	 0000000000000,00	 0000000905087,00	 0000000000000,00	 0000000000000,00
2402300	 0000000000000,00	 0000000000000,00	 0000000000000,00	 0000000000000,00
2500000	 0000000050449,00	 0000000001943,00	 0000000000033,00	 0000000743067,00
2500100	 0000000025750,00	 0000000001943,00	 0000000000033,00	 0000000005192,00
2500200	 0000000024699,00	 0000000000000,00	 0000000000000,00	 0000000001665,00
2500300	 0000000000000,00	 0000000000000,00	 0000000000000,00	 0000000736210,00
2600000	 0000000061766,00	 0000000000000,00	 0000000000000,00	 0000000001383,00
2650000	 0000000097832,00	 0000000000000,00	 0000000000000,00	 0000000000000,00
2700000	 0000000218207,00	 0000000000000,00	 0000000000000,00	 0000000029303,00
2700100	 0000000031527,00	 0000000000000,00	 0000000000000,00	 0000000016346,00
2700200	 0000000094439,00	 0000000000000,00	 0000000000000,00	 0000000000000,00
2700300	 0000000015522,00	 0000000000000,00	 0000000000000,00	 0000000004179,00
2700400	 0000000076719,00	 0000000000000,00	 0000000000000,00	 0000000008778,00
2700401	 0000000000163,00	 0000000000000,00	 0000000000000,00	 0000000001896,00
2700402	 0000000000000,00	 0000000000000,00	 0000000000000,00	 0000000000000,00
2700411	 0000000049946,00	 0000000000000,00	 0000000000000,00	 0000000004776,00
2700412	 0000000000000,00	 0000000000000,00	 0000000000000,00	 0000000002106,00
2700413	 0000000011000,00	 0000000000000,00	 0000000000000,00	 0000000000000,00
2700421	 0000000000013,00	 0000000000000,00	 0000000000000,00	 0000000000000,00
2700422	 0000000001400,00	 0000000000000,00	 0000000000000,00	 0000000000000,00
2700423	 0000000000000,00	 0000000000000,00	 0000000000000,00	 0000000000000,00
2700490	 0000000014197,00	 0000000000000,00	 0000000000000,00	 0000000000000,00
2800000	 0000000228206,00	 0000000300570,00	 0000000000989,00	 0000000103190,00
3000000	 0000002412505,00	 0000000229811,00	-0000000004918,00	 0000000074568,00
3101000	 0000002493420,00	 0000000000000,00	 0000000000000,00	 0000000000000,00
3102000	 0000000000109,00	 0000000000000,00	 0000000000000,00	 0000000000000,00
3103000	-0000000002363,00	 0000000000000,00	 0000000000000,00	 0000000000000,00
3104000	-0000000078663,00	 0000000229811,00	-0000000004918,00	 0000000074093,00
3104100	 0000000000000,00	 0000000000000,00	 0000000000000,00	 0000000000000,00
3104200	 0000000015776,00	 0000000229811,00	-0000000004918,00	 0000000074093,00
3104300	-0000000094439,00	 0000000000000,00	 0000000000000,00	 0000000000000,00
3200000	 0000000000002,00	 0000000000000,00	 0000000000000,00	 0000000000475,00
5001000	 0000002412503,00	 0000000229811,00	-0000000004918,00	 0000000074093,00
5002000	 0000017551418,00	 0000004727090,00	 0000000013914,00	 0000010530190,00
5100000	 0000008088805,00	 0000008847059,00	 0000000057946,00	 0000006769352,00
