060	CHINA CONSTRUCTION BANK
1000000	 0000000139877,00	 0000000010685,00	 0000000000000,00	 0000000101618,00
1100000	 0000000070708,00	 0000000000000,00	 0000000000000,00	 0000000019726,00
1100100	 0000000000000,00	 0000000000000,00	 0000000000000,00	 0000000000000,00
1100200	 0000000070441,00	 0000000000000,00	 0000000000000,00	 0000000000192,00
1100300	 0000000000267,00	 0000000000000,00	 0000000000000,00	 0000000000002,00
1100400	 0000000000000,00	 0000000000000,00	 0000000000000,00	 0000000019532,00
1130000	 0000000000000,00	 0000000000000,00	 0000000000000,00	 0000000000000,00
1130100	 0000000000000,00	 0000000000000,00	 0000000000000,00	 0000000000000,00
1130200	 0000000000000,00	 0000000000000,00	 0000000000000,00	 0000000000000,00
1150000	 0000000000000,00	 0000000000000,00	 0000000000000,00	 0000000000000,00
1150100	 0000000000000,00	 0000000000000,00	 0000000000000,00	 0000000000000,00
1150200	 0000000000000,00	 0000000000000,00	 0000000000000,00	 0000000000000,00
1150300	 0000000000000,00	 0000000000000,00	 0000000000000,00	 0000000000000,00
1150400	 0000000000000,00	 0000000000000,00	 0000000000000,00	 0000000000000,00
1160000	 0000000000000,00	 0000000000000,00	 0000000000000,00	 0000000000000,00
1160100	 0000000000000,00	 0000000000000,00	 0000000000000,00	 0000000000000,00
1160200	 0000000000000,00	 0000000000000,00	 0000000000000,00	 0000000000000,00
1250000	 0000000000690,00	 0000000000000,00	 0000000000000,00	 0000000000000,00
1250100	 0000000000690,00	 0000000000000,00	 0000000000000,00	 0000000000000,00
1250200	 0000000000000,00	 0000000000000,00	 0000000000000,00	 0000000000000,00
1270000	-0000000000032,00	 0000000000000,00	 0000000000000,00	 0000000014822,00
1270100	-0000000000032,00	 0000000000000,00	 0000000000000,00	 0000000014718,00
1270112	 0000000000000,00	 0000000000000,00	 0000000000000,00	 0000000000000,00
1270113	 0000000000000,00	 0000000000000,00	 0000000000000,00	 0000000014718,00
1270116	 0000000000000,00	 0000000000000,00	 0000000000000,00	 0000000000000,00
1270117	 0000000000000,00	 0000000000000,00	 0000000000000,00	 0000000000000,00
1270118	 0000000000000,00	 0000000000000,00	 0000000000000,00	 0000000000000,00
1270190	-0000000000032,00	 0000000000000,00	 0000000000000,00	 0000000000000,00
1270200	 0000000000000,00	 0000000000000,00	 0000000000000,00	 0000000000104,00
1270202	 0000000000000,00	 0000000000000,00	 0000000000000,00	 0000000000000,00
1270203	 0000000000000,00	 0000000000000,00	 0000000000000,00	 0000000000000,00
1270206	 0000000000000,00	 0000000000000,00	 0000000000000,00	 0000000000104,00
1270207	 0000000000000,00	 0000000000000,00	 0000000000000,00	 0000000000000,00
1270208	 0000000000000,00	 0000000000000,00	 0000000000000,00	 0000000000000,00
1270290	 0000000000000,00	 0000000000000,00	 0000000000000,00	 0000000000000,00
1270300	 0000000000000,00	 0000000000000,00	 0000000000000,00	 0000000000000,00
1300000	 0000000009670,00	 0000000010685,00	 0000000000000,00	 0000000061208,00
1302000	 0000000010530,00	 0000000010685,00	 0000000000000,00	 0000000061208,00
1302100	 0000000010530,00	 0000000010685,00	 0000000000000,00	 0000000041504,00
1302101	 0000000010530,00	 0000000010685,00	 0000000000000,00	 0000000029998,00
1302102	 0000000000000,00	 0000000000000,00	 0000000000000,00	 0000000011506,00
1302170	 0000000000000,00	 0000000000000,00	 0000000000000,00	 0000000000000,00
1302180	 0000000000000,00	 0000000000000,00	 0000000000000,00	 0000000000000,00
1302200	 0000000000000,00	 0000000000000,00	 0000000000000,00	 0000000019704,00
1302201	 0000000000000,00	 0000000000000,00	 0000000000000,00	 0000000000000,00
1302202	 0000000000000,00	 0000000000000,00	 0000000000000,00	 0000000017931,00
1302241	 0000000000000,00	 0000000000000,00	 0000000000000,00	 0000000000000,00
1302242	 0000000000000,00	 0000000000000,00	 0000000000000,00	 0000000001773,00
1302281	 0000000000000,00	 0000000000000,00	 0000000000000,00	 0000000000000,00
1302282	 0000000000000,00	 0000000000000,00	 0000000000000,00	 0000000000000,00
1302300	 0000000000000,00	 0000000000000,00	 0000000000000,00	 0000000000000,00
1302500	 0000000000000,00	 0000000000000,00	 0000000000000,00	 0000000000000,00
1302600	 0000000000000,00	 0000000000000,00	 0000000000000,00	 0000000000000,00
1302601	 0000000000000,00	 0000000000000,00	 0000000000000,00	 0000000000000,00
1302602	 0000000000000,00	 0000000000000,00	 0000000000000,00	 0000000000000,00
1302604	 0000000000000,00	 0000000000000,00	 0000000000000,00	 0000000000000,00
1302800	 0000000000000,00	 0000000000000,00	 0000000000000,00	 0000000000000,00
1302900	 0000000000000,00	 0000000000000,00	 0000000000000,00	 0000000000000,00
1304000	 0000000000000,00	 0000000000000,00	 0000000000000,00	 0000000000000,00
1304100	 0000000000000,00	 0000000000000,00	 0000000000000,00	 0000000000000,00
1304101	 0000000000000,00	 0000000000000,00	 0000000000000,00	 0000000000000,00
1304102	 0000000000000,00	 0000000000000,00	 0000000000000,00	 0000000000000,00
1304200	 0000000000000,00	 0000000000000,00	 0000000000000,00	 0000000000000,00
1304400	 0000000000000,00	 0000000000000,00	 0000000000000,00	 0000000000000,00
1304500	 0000000000000,00	 0000000000000,00	 0000000000000,00	 0000000000000,00
1304600	 0000000000000,00	 0000000000000,00	 0000000000000,00	 0000000000000,00
1304800	 0000000000000,00	 0000000000000,00	 0000000000000,00	 0000000000000,00
1304900	 0000000000000,00	 0000000000000,00	 0000000000000,00	 0000000000000,00
1305000	 0000000000000,00	 0000000000000,00	 0000000000000,00	 0000000000000,00
1305100	 0000000000000,00	 0000000000000,00	 0000000000000,00	 0000000000000,00
1305300	 0000000000000,00	 0000000000000,00	 0000000000000,00	 0000000000000,00
1305400	 0000000000000,00	 0000000000000,00	 0000000000000,00	 0000000000000,00
1305800	 0000000000000,00	 0000000000000,00	 0000000000000,00	 0000000000000,00
1305900	 0000000000000,00	 0000000000000,00	 0000000000000,00	 0000000000000,00
1309000	-0000000000860,00	 0000000000000,00	 0000000000000,00	 0000000000000,00
1309100	-0000000000860,00	 0000000000000,00	 0000000000000,00	 0000000000000,00
1309200	 0000000000000,00	 0000000000000,00	 0000000000000,00	 0000000000000,00
1309300	 0000000000000,00	 0000000000000,00	 0000000000000,00	 0000000000000,00
1350000	 0000000053562,00	 0000000000000,00	 0000000000000,00	 0000000000000,00
1350100	 0000000000000,00	 0000000000000,00	 0000000000000,00	 0000000000000,00
1350200	 0000000053562,00	 0000000000000,00	 0000000000000,00	 0000000000000,00
1350300	 0000000000000,00	 0000000000000,00	 0000000000000,00	 0000000000000,00
1360000	 0000000000000,00	 0000000000000,00	 0000000000000,00	 0000000005860,00
1360100	 0000000000000,00	 0000000000000,00	 0000000000000,00	 0000000000000,00
1360200	 0000000000000,00	 0000000000000,00	 0000000000000,00	 0000000000000,00
1360300	 0000000000000,00	 0000000000000,00	 0000000000000,00	 0000000005860,00
1400000	 0000000000000,00	 0000000000000,00	 0000000000000,00	 0000000000000,00
1400100	 0000000000000,00	 0000000000000,00	 0000000000000,00	 0000000000000,00
1400101	 0000000000000,00	 0000000000000,00	 0000000000000,00	 0000000000000,00
1400103	 0000000000000,00	 0000000000000,00	 0000000000000,00	 0000000000000,00
1400200	 0000000000000,00	 0000000000000,00	 0000000000000,00	 0000000000000,00
1500000	 0000000000288,00	 0000000000000,00	 0000000000000,00	 0000000000000,00
1500100	 0000000000000,00	 0000000000000,00	 0000000000000,00	 0000000000000,00
1500200	 0000000000288,00	 0000000000000,00	 0000000000000,00	 0000000000000,00
1600000	 0000000000739,00	 0000000000000,00	 0000000000000,00	 0000000000000,00
1600100	 0000000000341,00	 0000000000000,00	 0000000000000,00	 0000000000000,00
1600200	 0000000000398,00	 0000000000000,00	 0000000000000,00	 0000000000000,00
1700000	 0000000000022,00	 0000000000000,00	 0000000000000,00	 0000000000000,00
1750000	 0000000004136,00	 0000000000000,00	 0000000000000,00	 0000000000000,00
1800000	 0000000000094,00	 0000000000000,00	 0000000000000,00	 0000000000002,00
1800100	 0000000000000,00	 0000000000000,00	 0000000000000,00	 0000000000000,00
1800200	 0000000000000,00	 0000000000000,00	 0000000000000,00	 0000000000000,00
1800900	 0000000000094,00	 0000000000000,00	 0000000000000,00	 0000000000002,00
2000000	 0000000055482,00	 0000000007983,00	 0000000000000,00	 0000000062038,00
2100000	 0000000000507,00	 0000000000000,00	 0000000000000,00	 0000000000470,00
2100100	 0000000000507,00	 0000000000000,00	 0000000000000,00	 0000000000470,00
2100109	 0000000000507,00	 0000000000000,00	 0000000000000,00	 0000000000390,00
2100110	 0000000000000,00	 0000000000000,00	 0000000000000,00	 0000000000000,00
2100200	 0000000000000,00	 0000000000000,00	 0000000000000,00	 0000000000000,00
2100300	 0000000000000,00	 0000000000000,00	 0000000000000,00	 0000000000000,00
2130000	 0000000000000,00	 0000000000000,00	 0000000000000,00	 0000000000000,00
2160000	 0000000000000,00	 0000000000000,00	 0000000000000,00	 0000000000000,00
2160100	 0000000000000,00	 0000000000000,00	 0000000000000,00	 0000000000000,00
2160200	 0000000000000,00	 0000000000000,00	 0000000000000,00	 0000000000000,00
2200000	 0000000053548,00	 0000000007983,00	 0000000000000,00	 0000000061371,00
2200100	 0000000053548,00	 0000000007983,00	 0000000000000,00	 0000000061371,00
2200200	 0000000000000,00	 0000000000000,00	 0000000000000,00	 0000000000000,00
2200900	 0000000000000,00	 0000000000000,00	 0000000000000,00	 0000000000000,00
2250000	 0000000000408,00	 0000000000000,00	 0000000000000,00	 0000000000000,00
2250100	 0000000000408,00	 0000000000000,00	 0000000000000,00	 0000000000000,00
2250200	 0000000000000,00	 0000000000000,00	 0000000000000,00	 0000000000000,00
2300000	 0000000000000,00	 0000000000000,00	 0000000000000,00	 0000000000000,00
2301000	 0000000000000,00	 0000000000000,00	 0000000000000,00	 0000000000000,00
2301001	 0000000000000,00	 0000000000000,00	 0000000000000,00	 0000000000000,00
2302000	 0000000000000,00	 0000000000000,00	 0000000000000,00	 0000000000000,00
2302100	 0000000000000,00	 0000000000000,00	 0000000000000,00	 0000000000000,00
2302200	 0000000000000,00	 0000000000000,00	 0000000000000,00	 0000000000000,00
2303000	 0000000000000,00	 0000000000000,00	 0000000000000,00	 0000000000000,00
2303100	 0000000000000,00	 0000000000000,00	 0000000000000,00	 0000000000000,00
2303900	 0000000000000,00	 0000000000000,00	 0000000000000,00	 0000000000000,00
2400000	 0000000000000,00	 0000000000000,00	 0000000000000,00	 0000000000000,00
2401000	 0000000000000,00	 0000000000000,00	 0000000000000,00	 0000000000000,00
2402000	 0000000000000,00	 0000000000000,00	 0000000000000,00	 0000000000000,00
2402100	 0000000000000,00	 0000000000000,00	 0000000000000,00	 0000000000000,00
2402200	 0000000000000,00	 0000000000000,00	 0000000000000,00	 0000000000000,00
2402300	 0000000000000,00	 0000000000000,00	 0000000000000,00	 0000000000000,00
2500000	 0000000000000,00	 0000000000000,00	 0000000000000,00	 0000000000000,00
2500100	 0000000000000,00	 0000000000000,00	 0000000000000,00	 0000000000000,00
2500200	 0000000000000,00	 0000000000000,00	 0000000000000,00	 0000000000000,00
2500300	 0000000000000,00	 0000000000000,00	 0000000000000,00	 0000000000000,00
2600000	 0000000000000,00	 0000000000000,00	 0000000000000,00	 0000000000000,00
2650000	 0000000000564,00	 0000000000000,00	 0000000000000,00	 0000000000000,00
2700000	 0000000000317,00	 0000000000000,00	 0000000000000,00	 0000000000000,00
2700100	 0000000000126,00	 0000000000000,00	 0000000000000,00	 0000000000000,00
2700200	 0000000000000,00	 0000000000000,00	 0000000000000,00	 0000000000000,00
2700300	 0000000000000,00	 0000000000000,00	 0000000000000,00	 0000000000000,00
2700400	 0000000000191,00	 0000000000000,00	 0000000000000,00	 0000000000000,00
2700401	 0000000000191,00	 0000000000000,00	 0000000000000,00	 0000000000000,00
2700402	 0000000000000,00	 0000000000000,00	 0000000000000,00	 0000000000000,00
2700411	 0000000000000,00	 0000000000000,00	 0000000000000,00	 0000000000000,00
2700412	 0000000000000,00	 0000000000000,00	 0000000000000,00	 0000000000000,00
2700413	 0000000000000,00	 0000000000000,00	 0000000000000,00	 0000000000000,00
2700421	 0000000000000,00	 0000000000000,00	 0000000000000,00	 0000000000000,00
2700422	 0000000000000,00	 0000000000000,00	 0000000000000,00	 0000000000000,00
2700423	 0000000000000,00	 0000000000000,00	 0000000000000,00	 0000000000000,00
2700490	 0000000000000,00	 0000000000000,00	 0000000000000,00	 0000000000000,00
2800000	 0000000000138,00	 0000000000000,00	 0000000000000,00	 0000000000197,00
3000000	 0000000125563,00	 0000000000032,00	 0000000000000,00	 0000000001082,00
3101000	 0000000110000,00	 0000000000000,00	 0000000000000,00	 0000000000000,00
3102000	 0000000016400,00	 0000000000000,00	 0000000000000,00	 0000000000000,00
3103000	 0000000000014,00	 0000000000000,00	 0000000000000,00	 0000000000000,00
3104000	-0000000000851,00	 0000000000032,00	 0000000000000,00	 0000000001082,00
3104100	 0000000000203,00	 0000000000000,00	 0000000000000,00	 0000000000000,00
3104200	-0000000001054,00	 0000000000032,00	 0000000000000,00	 0000000001082,00
3104300	 0000000000000,00	 0000000000000,00	 0000000000000,00	 0000000000000,00
3200000	 0000000000000,00	 0000000000000,00	 0000000000000,00	 0000000000000,00
5001000	 0000000125563,00	 0000000000032,00	 0000000000000,00	 0000000001082,00
5002000	 0000000181045,00	 0000000008015,00	 0000000000000,00	 0000000063120,00
5100000	 0000000010530,00	 0000000010685,00	 0000000000000,00	 0000000061208,00
