012	BANCO DEL ESTADO DE CHILE                                               
1000000	 0000007513584,00	 0000007717058,00	 0000000013539,00	 0000001933647,00
1100000	 0000000475773,00	 0000000000000,00	 0000000000038,00	 0000000485608,00
1100100	 0000000218098,00	 0000000000000,00	 0000000000000,00	 0000000007898,00
1100200	 0000000256963,00	 0000000000000,00	 0000000000000,00	 0000000035403,00
1100300	 0000000000712,00	 0000000000000,00	 0000000000000,00	 0000000000000,00
1100400	 0000000000000,00	 0000000000000,00	 0000000000038,00	 0000000442307,00
1130000	 0000000202521,00	 0000000000000,00	 0000000000000,00	 0000000093885,00
1130100	 0000000024460,00	 0000000000000,00	 0000000000000,00	 0000000003128,00
1130200	 0000000178061,00	 0000000000000,00	 0000000000000,00	 0000000090757,00
1150000	 0000000970159,00	 0000000135658,00	 0000000000000,00	 0000000000000,00
1150100	 0000000003597,00	 0000000021617,00	 0000000000000,00	 0000000000000,00
1150200	 0000000961089,00	 0000000114041,00	 0000000000000,00	 0000000000000,00
1150300	 0000000000000,00	 0000000000000,00	 0000000000000,00	 0000000000000,00
1150400	 0000000005473,00	 0000000000000,00	 0000000000000,00	 0000000000000,00
1160000	 0000000043578,00	 0000000000000,00	 0000000000000,00	 0000000000000,00
1160100	 0000000000000,00	 0000000000000,00	 0000000000000,00	 0000000000000,00
1160200	 0000000043578,00	 0000000000000,00	 0000000000000,00	 0000000000000,00
1250000	 0000000171365,00	 0000000000000,00	 0000000000000,00	 0000000000000,00
1250100	 0000000167073,00	 0000000000000,00	 0000000000000,00	 0000000000000,00
1250200	 0000000004292,00	 0000000000000,00	 0000000000000,00	 0000000000000,00
1270000	 0000000057595,00	 0000000000000,00	 0000000000000,00	 0000000062918,00
1270100	 0000000061317,00	 0000000000000,00	 0000000000000,00	 0000000009285,00
1270101	 0000000000000,00	 0000000000000,00	 0000000000000,00	 0000000000000,00
1270111	 0000000061504,00	 0000000000000,00	 0000000000000,00	 0000000009332,00
1270190	-0000000000187,00	 0000000000000,00	 0000000000000,00	-0000000000047,00
1270200	-0000000003722,00	 0000000000000,00	 0000000000000,00	 0000000053633,00
1270201	 0000000000000,00	 0000000000000,00	 0000000000000,00	 0000000045566,00
1270290	-0000000003722,00	 0000000000000,00	 0000000000000,00	-0000000000025,00
1300000	 0000003114334,00	 0000006764263,00	 0000000013226,00	 0000001219073,00
1302000	 0000002650032,00	 0000001985305,00	 0000000013226,00	 0000001219638,00
1302100	 0000002386844,00	 0000001632094,00	 0000000005864,00	 0000000735053,00
1302101	 0000002386844,00	 0000001554310,00	 0000000005864,00	 0000000659546,00
1302102	 0000000000000,00	 0000000000000,00	 0000000000000,00	 0000000075507,00
1302170	 0000000000000,00	 0000000072340,00	 0000000000000,00	 0000000000000,00
1302180	 0000000000000,00	 0000000005444,00	 0000000000000,00	 0000000000000,00
1302200	 0000000044464,00	 0000000000002,00	 0000000000000,00	 0000000455354,00
1302202	 0000000039898,00	 0000000000000,00	 0000000000000,00	 0000000337198,00
1302300	 0000000050007,00	 0000000000000,00	 0000000000000,00	 0000000000000,00
1302500	 0000000090724,00	 0000000034976,00	 0000000000000,00	 0000000029194,00
1302800	 0000000077503,00	 0000000164243,00	 0000000007362,00	 0000000000000,00
1302900	 0000000000490,00	 0000000153990,00	 0000000000000,00	 0000000000037,00
1304000	 0000000003659,00	 0000004539949,00	 0000000000000,00	 0000000000000,00
1304100	 0000000000000,00	 0000001548306,00	 0000000000000,00	 0000000000000,00
1304101	 0000000000000,00	 0000001548306,00	 0000000000000,00	 0000000000000,00
1304102	 0000000000000,00	 0000000000000,00	 0000000000000,00	 0000000000000,00
1304200	 0000000000000,00	 0000000553117,00	 0000000000000,00	 0000000000000,00
1304300	 0000000003628,00	 0000002197782,00	 0000000000000,00	 0000000000000,00
1304800	 0000000000000,00	 0000000000000,00	 0000000000000,00	 0000000000000,00
1304900	 0000000000031,00	 0000000240744,00	 0000000000000,00	 0000000000000,00
1305000	 0000000796267,00	 0000000239009,00	 0000000000000,00	 0000000000434,00
1305100	 0000000667632,00	 0000000239009,00	 0000000000000,00	 0000000000000,00
1305300	 0000000041217,00	 0000000000000,00	 0000000000000,00	 0000000000000,00
1305400	 0000000087418,00	 0000000000000,00	 0000000000000,00	 0000000000434,00
1305800	 0000000000000,00	 0000000000000,00	 0000000000000,00	 0000000000000,00
1305900	 0000000000000,00	 0000000000000,00	 0000000000000,00	 0000000000000,00
1309000	-0000000335624,00	 0000000000000,00	 0000000000000,00	-0000000000999,00
1309001	-0000000133063,00	 0000000000000,00	 0000000000000,00	-0000000000999,00
1309002	-0000000127123,00	 0000000000000,00	 0000000000000,00	 0000000000000,00
1309003	-0000000075438,00	 0000000000000,00	 0000000000000,00	 0000000000000,00
1350000	 0000001795011,00	 0000000699054,00	 0000000000000,00	 0000000063400,00
1350100	 0000000902758,00	 0000000200241,00	 0000000000000,00	 0000000000000,00
1350200	 0000000892128,00	 0000000498813,00	 0000000000000,00	 0000000008690,00
1350300	 0000000000125,00	 0000000000000,00	 0000000000000,00	 0000000054710,00
1360000	 0000000000000,00	 0000000083711,00	 0000000000000,00	 0000000007441,00
1360100	 0000000000000,00	 0000000083481,00	 0000000000000,00	 0000000000000,00
1360200	 0000000000000,00	 0000000000230,00	 0000000000000,00	 0000000000000,00
1360300	 0000000000000,00	 0000000000000,00	 0000000000000,00	 0000000007441,00
1400000	 0000000003843,00	 0000000000000,00	 0000000000000,00	 0000000000000,00
1400100	 0000000002288,00	 0000000000000,00	 0000000000000,00	 0000000000000,00
1400101	 0000000000000,00	 0000000000000,00	 0000000000000,00	 0000000000000,00
1400103	 0000000002288,00	 0000000000000,00	 0000000000000,00	 0000000000000,00
1400200	 0000000001555,00	 0000000000000,00	 0000000000000,00	 0000000000000,00
1500000	 0000000023737,00	 0000000000000,00	 0000000000000,00	 0000000000009,00
1500100	 0000000000000,00	 0000000000000,00	 0000000000000,00	 0000000000000,00
1500200	 0000000023737,00	 0000000000000,00	 0000000000000,00	 0000000000009,00
1600000	 0000000219988,00	 0000000000000,00	 0000000000000,00	 0000000000081,00
1600100	 0000000182826,00	 0000000000000,00	 0000000000000,00	 0000000000026,00
1600200	 0000000037162,00	 0000000000000,00	 0000000000000,00	 0000000000055,00
1700000	 0000000000000,00	 0000000000000,00	 0000000000000,00	 0000000000000,00
1750000	 0000000326678,00	 0000000000000,00	 0000000000000,00	 0000000000000,00
1800000	 0000000109002,00	 0000000034372,00	 0000000000275,00	 0000000001232,00
1800100	 0000000029260,00	 0000000000000,00	 0000000000000,00	 0000000000000,00
1800200	 0000000000830,00	 0000000000000,00	 0000000000000,00	 0000000000000,00
1800900	 0000000078912,00	 0000000034372,00	 0000000000275,00	 0000000001232,00
2000000	 0000007175602,00	 0000006166955,00	 0000000000000,00	 0000002895526,00
2100000	 0000002886238,00	 0000000036713,00	 0000000000000,00	 0000000135835,00
2100100	 0000002215872,00	 0000000000000,00	 0000000000000,00	 0000000107678,00
2100109	 0000001854414,00	 0000000000000,00	 0000000000000,00	 0000000105751,00
2100110	 0000000359421,00	 0000000000000,00	 0000000000000,00	 0000000001886,00
2100200	 0000000391010,00	 0000000000000,00	 0000000000000,00	 0000000000025,00
2100300	 0000000279356,00	 0000000036713,00	 0000000000000,00	 0000000028132,00
2130000	 0000000109513,00	 0000000000000,00	 0000000000000,00	 0000000139532,00
2160000	 0000000406913,00	 0000000000000,00	 0000000000000,00	 0000000028118,00
2160100	 0000000000000,00	 0000000000000,00	 0000000000000,00	 0000000000000,00
2160200	 0000000406913,00	 0000000000000,00	 0000000000000,00	 0000000028118,00
2200000	 0000003200586,00	 0000002977955,00	 0000000000000,00	 0000002122103,00
2200100	 0000002335581,00	 0000001440456,00	 0000000000000,00	 0000002122036,00
2200200	 0000000859322,00	 0000001532789,00	 0000000000000,00	 0000000000000,00
2200900	 0000000005683,00	 0000000004710,00	 0000000000000,00	 0000000000067,00
2250000	 0000000190218,00	 0000000000000,00	 0000000000000,00	 0000000000920,00
2250100	 0000000190218,00	 0000000000000,00	 0000000000000,00	 0000000000920,00
2250200	 0000000000000,00	 0000000000000,00	 0000000000000,00	 0000000000000,00
2300000	 0000000000000,00	 0000000000000,00	 0000000000000,00	 0000000467134,00
2301000	 0000000000000,00	 0000000000000,00	 0000000000000,00	 0000000005033,00
2301001	 0000000000000,00	 0000000000000,00	 0000000000000,00	 0000000005033,00
2302000	 0000000000000,00	 0000000000000,00	 0000000000000,00	 0000000462101,00
2302100	 0000000000000,00	 0000000000000,00	 0000000000000,00	 0000000133083,00
2302200	 0000000000000,00	 0000000000000,00	 0000000000000,00	 0000000329018,00
2303000	 0000000000000,00	 0000000000000,00	 0000000000000,00	 0000000000000,00
2303100	 0000000000000,00	 0000000000000,00	 0000000000000,00	 0000000000000,00
2303900	 0000000000000,00	 0000000000000,00	 0000000000000,00	 0000000000000,00
2400000	 0000000000000,00	 0000003151722,00	 0000000000000,00	 0000000000000,00
2401000	 0000000000000,00	 0000001620312,00	 0000000000000,00	 0000000000000,00
2402000	 0000000000000,00	 0000001531410,00	 0000000000000,00	 0000000000000,00
2402100	 0000000000000,00	 0000001062050,00	 0000000000000,00	 0000000000000,00
2402200	 0000000000000,00	 0000000469360,00	 0000000000000,00	 0000000000000,00
2500000	 0000000003747,00	 0000000000000,00	 0000000000000,00	 0000000001439,00
2500100	 0000000000000,00	 0000000000000,00	 0000000000000,00	 0000000000000,00
2500200	 0000000003747,00	 0000000000000,00	 0000000000000,00	 0000000001439,00
2500300	 0000000000000,00	 0000000000000,00	 0000000000000,00	 0000000000000,00
2600000	 0000000043269,00	 0000000000000,00	 0000000000000,00	 0000000000000,00
2650000	 0000000048625,00	 0000000000000,00	 0000000000000,00	 0000000000000,00
2700000	 0000000224959,00	 0000000000000,00	 0000000000000,00	 0000000000132,00
2700100	 0000000106763,00	 0000000000000,00	 0000000000000,00	 0000000000108,00
2700200	 0000000052561,00	 0000000000000,00	 0000000000000,00	 0000000000000,00
2700300	 0000000004646,00	 0000000000000,00	 0000000000000,00	 0000000000024,00
2700400	 0000000060989,00	 0000000000000,00	 0000000000000,00	 0000000000000,00
2700401	 0000000001048,00	 0000000000000,00	 0000000000000,00	 0000000000000,00
2700402	 0000000000000,00	 0000000000000,00	 0000000000000,00	 0000000000000,00
2700403	 0000000047853,00	 0000000000000,00	 0000000000000,00	 0000000000000,00
2700490	 0000000012088,00	 0000000000000,00	 0000000000000,00	 0000000000000,00
2800000	 0000000061534,00	 0000000000565,00	 0000000000000,00	 0000000000313,00
3000000	 0000000826811,00	 0000000109016,00	-0000000002047,00	 0000000005965,00
3101000	 0000000278497,00	 0000000000000,00	 0000000000000,00	 0000000000000,00
3102000	 0000000659378,00	 0000000000000,00	 0000000000000,00	 0000000000000,00
3103000	-0000000008823,00	 0000000000000,00	 0000000000000,00	 0000000000000,00
3104000	-0000000110093,00	 0000000109016,00	-0000000002047,00	 0000000005965,00
3104100	 0000000000000,00	 0000000000000,00	 0000000000000,00	 0000000000000,00
3104200	-0000000057532,00	 0000000109016,00	-0000000002047,00	 0000000005965,00
3104300	-0000000052561,00	 0000000000000,00	 0000000000000,00	 0000000000000,00
3200000	 0000000007852,00	 0000000000000,00	 0000000000000,00	 0000000000000,00
5001000	 0000000818959,00	 0000000109016,00	-0000000002047,00	 0000000005965,00
5002000	 0000008002413,00	 0000006275971,00	-0000000002047,00	 0000002901491,00
5100000	 0000003449958,00	 0000006764263,00	 0000000013226,00	 0000001220072,00
