039	ITAÚ CORPBANCA
1000000	 0000010580146,00	 0000008006253,00	 0000000025427,00	 0000011061586,00
1100000	 0000000332528,00	 0000000000000,00	 0000000000000,00	 0000001269935,00
1100100	 0000000189871,00	 0000000000000,00	 0000000000000,00	 0000000073852,00
1100200	 0000000140313,00	 0000000000000,00	 0000000000000,00	 0000000045808,00
1100300	 0000000002344,00	 0000000000000,00	 0000000000000,00	 0000000000200,00
1100400	 0000000000000,00	 0000000000000,00	 0000000000000,00	 0000001150075,00
1130000	 0000000240530,00	 0000000000000,00	 0000000000000,00	 0000000128897,00
1130100	 0000000059747,00	 0000000000000,00	 0000000000000,00	 0000000004920,00
1130200	 0000000180783,00	 0000000000000,00	 0000000000000,00	 0000000123977,00
1150000	 0000000051859,00	 0000000013282,00	 0000000000000,00	 0000000526823,00
1150100	 0000000029190,00	 0000000011678,00	 0000000000000,00	 0000000000000,00
1150200	 0000000000799,00	 0000000001604,00	 0000000000000,00	 0000000000000,00
1150300	 0000000000000,00	 0000000000000,00	 0000000000000,00	 0000000518384,00
1150400	 0000000021870,00	 0000000000000,00	 0000000000000,00	 0000000008439,00
1160000	 0000000054756,00	 0000000000000,00	 0000000000000,00	 0000000162318,00
1160100	 0000000000000,00	 0000000000000,00	 0000000000000,00	 0000000000000,00
1160200	 0000000054756,00	 0000000000000,00	 0000000000000,00	 0000000162318,00
1250000	 0000000938672,00	 0000000040904,00	 0000000000000,00	 0000000218975,00
1250100	 0000000879344,00	 0000000040852,00	 0000000000000,00	 0000000217685,00
1250200	 0000000059328,00	 0000000000052,00	 0000000000000,00	 0000000001290,00
1270000	 0000000158985,00	 0000000000000,00	 0000000000000,00	 0000000125047,00
1270100	 0000000000000,00	 0000000000000,00	 0000000000000,00	 0000000000000,00
1270112	 0000000000000,00	 0000000000000,00	 0000000000000,00	 0000000000000,00
1270113	 0000000000000,00	 0000000000000,00	 0000000000000,00	 0000000000000,00
1270116	 0000000000000,00	 0000000000000,00	 0000000000000,00	 0000000000000,00
1270117	 0000000000000,00	 0000000000000,00	 0000000000000,00	 0000000000000,00
1270118	 0000000000000,00	 0000000000000,00	 0000000000000,00	 0000000000000,00
1270190	 0000000000000,00	 0000000000000,00	 0000000000000,00	 0000000000000,00
1270200	-0000000000015,00	 0000000000000,00	 0000000000000,00	 0000000125047,00
1270202	 0000000000000,00	 0000000000000,00	 0000000000000,00	 0000000030253,00
1270203	 0000000000000,00	 0000000000000,00	 0000000000000,00	 0000000044428,00
1270206	 0000000000000,00	 0000000000000,00	 0000000000000,00	 0000000000000,00
1270207	 0000000000000,00	 0000000000000,00	 0000000000000,00	 0000000000000,00
1270208	 0000000000000,00	 0000000000000,00	 0000000000000,00	 0000000000000,00
1270290	-0000000000015,00	 0000000000000,00	 0000000000000,00	-0000000000163,00
1270300	 0000000159000,00	 0000000000000,00	 0000000000000,00	 0000000000000,00
1300000	 0000005826280,00	 0000007500259,00	 0000000014883,00	 0000007289695,00
1302000	 0000004810846,00	 0000004161729,00	 0000000014883,00	 0000005938389,00
1302100	 0000004328359,00	 0000003151740,00	 0000000000000,00	 0000004655792,00
1302101	 0000004328359,00	 0000002585457,00	 0000000000000,00	 0000001331740,00
1302102	 0000000000000,00	 0000000000000,00	 0000000000000,00	 0000003324052,00
1302170	 0000000000000,00	 0000000019232,00	 0000000000000,00	 0000000000000,00
1302180	 0000000000000,00	 0000000547051,00	 0000000000000,00	 0000000000000,00
1302200	 0000000088976,00	 0000000000004,00	 0000000000017,00	 0000000708914,00
1302201	 0000000000000,00	 0000000000000,00	 0000000000000,00	 0000000000000,00
1302202	 0000000071313,00	 0000000000000,00	 0000000000000,00	 0000000366279,00
1302241	 0000000008426,00	 0000000000004,00	 0000000000000,00	 0000000136343,00
1302242	 0000000009237,00	 0000000000000,00	 0000000000017,00	 0000000179286,00
1302281	 0000000000000,00	 0000000000000,00	 0000000000000,00	 0000000000000,00
1302282	 0000000000000,00	 0000000000000,00	 0000000000000,00	 0000000027006,00
1302300	 0000000129195,00	 0000000000000,00	 0000000000000,00	 0000000023233,00
1302500	 0000000066637,00	 0000000005641,00	 0000000000000,00	 0000000001129,00
1302600	 0000000000000,00	 0000000652250,00	 0000000000000,00	 0000000000000,00
1302601	 0000000000000,00	 0000000642796,00	 0000000000000,00	 0000000000000,00
1302602	 0000000000000,00	 0000000006950,00	 0000000000000,00	 0000000000000,00
1302604	 0000000000000,00	 0000000002504,00	 0000000000000,00	 0000000000000,00
1302800	 0000000187664,00	 0000000346501,00	 0000000013962,00	 0000000535016,00
1302900	 0000000010015,00	 0000000005593,00	 0000000000904,00	 0000000014305,00
1304000	 0000000001480,00	 0000003335853,00	 0000000000000,00	 0000000514952,00
1304100	 0000000000000,00	 0000000058463,00	 0000000000000,00	 0000000000000,00
1304101	 0000000000000,00	 0000000053810,00	 0000000000000,00	 0000000000000,00
1304102	 0000000000000,00	 0000000004653,00	 0000000000000,00	 0000000000000,00
1304200	 0000000000000,00	 0000000153594,00	 0000000000000,00	 0000000000000,00
1304400	 0000000000000,00	 0000000000000,00	 0000000000000,00	 0000000000000,00
1304500	 0000000001480,00	 0000003094380,00	 0000000000000,00	 0000000233421,00
1304600	 0000000000000,00	 0000000000000,00	 0000000000000,00	 0000000000000,00
1304800	 0000000000000,00	 0000000000034,00	 0000000000000,00	 0000000281531,00
1304900	 0000000000000,00	 0000000029382,00	 0000000000000,00	 0000000000000,00
1305000	 0000001319471,00	 0000000002677,00	 0000000000000,00	 0000001124815,00
1305100	 0000000869062,00	 0000000002232,00	 0000000000000,00	 0000000887873,00
1305300	 0000000179957,00	 0000000000000,00	 0000000000000,00	 0000000003963,00
1305400	 0000000269932,00	 0000000000000,00	 0000000000000,00	 0000000137292,00
1305800	 0000000000478,00	 0000000000445,00	 0000000000000,00	 0000000015542,00
1305900	 0000000000042,00	 0000000000000,00	 0000000000000,00	 0000000080145,00
1309000	-0000000305517,00	 0000000000000,00	 0000000000000,00	-0000000288461,00
1309100	-0000000221988,00	 0000000000000,00	 0000000000000,00	-0000000211311,00
1309200	-0000000018869,00	 0000000000000,00	 0000000000000,00	-0000000016447,00
1309300	-0000000064660,00	 0000000000000,00	 0000000000000,00	-0000000060703,00
1350000	 0000000869792,00	 0000000445763,00	 0000000010542,00	 0000000472073,00
1350100	 0000000563604,00	 0000000423802,00	 0000000000000,00	 0000000021839,00
1350200	 0000000306188,00	 0000000021961,00	 0000000010542,00	 0000000000245,00
1350300	 0000000000000,00	 0000000000000,00	 0000000000000,00	 0000000449989,00
1360000	 0000000000000,00	 0000000003579,00	 0000000000000,00	 0000000232246,00
1360100	 0000000000000,00	 0000000000000,00	 0000000000000,00	 0000000000000,00
1360200	 0000000000000,00	 0000000003579,00	 0000000000000,00	 0000000000000,00
1360300	 0000000000000,00	 0000000000000,00	 0000000000000,00	 0000000232246,00
1400000	 0000000012483,00	 0000000000000,00	 0000000000000,00	 0000000004400,00
1400100	 0000000000000,00	 0000000000000,00	 0000000000000,00	 0000000000000,00
1400101	 0000000000000,00	 0000000000000,00	 0000000000000,00	 0000000000000,00
1400103	 0000000000000,00	 0000000000000,00	 0000000000000,00	 0000000000000,00
1400200	 0000000012483,00	 0000000000000,00	 0000000000000,00	 0000000004400,00
1500000	 0000001398403,00	 0000000000000,00	 0000000000000,00	 0000000208545,00
1500100	 0000001140098,00	 0000000000000,00	 0000000000000,00	 0000000000000,00
1500200	 0000000258305,00	 0000000000000,00	 0000000000000,00	 0000000208545,00
1600000	 0000000078833,00	 0000000000000,00	 0000000000000,00	 0000000047911,00
1600100	 0000000052330,00	 0000000000000,00	 0000000000000,00	 0000000036120,00
1600200	 0000000026503,00	 0000000000000,00	 0000000000000,00	 0000000011791,00
1700000	 0000000114931,00	 0000000000000,00	 0000000000000,00	 0000000036594,00
1750000	 0000000225402,00	 0000000000000,00	 0000000000000,00	 0000000078287,00
1800000	 0000000276692,00	 0000000002466,00	 0000000000002,00	 0000000259840,00
1800100	 0000000002435,00	 0000000000000,00	 0000000000000,00	 0000000016972,00
1800200	 0000000003199,00	 0000000000000,00	 0000000000000,00	 0000000008945,00
1800900	 0000000271058,00	 0000000002466,00	 0000000000002,00	 0000000233923,00
2000000	 0000009785708,00	 0000005060336,00	 0000000000004,00	 0000011415539,00
2100000	 0000001832017,00	 0000000008248,00	 0000000000000,00	 0000002542654,00
2100100	 0000001474522,00	 0000000000000,00	 0000000000000,00	 0000001016224,00
2100109	 0000000959420,00	 0000000000000,00	 0000000000000,00	 0000000859473,00
2100110	 0000000515102,00	 0000000000000,00	 0000000000000,00	 0000000126379,00
2100200	 0000000146003,00	 0000000000000,00	 0000000000000,00	 0000001410251,00
2100300	 0000000211492,00	 0000000008248,00	 0000000000000,00	 0000000116179,00
2130000	 0000000097861,00	 0000000000000,00	 0000000000000,00	 0000000192401,00
2160000	 0000000199276,00	 0000000000000,00	 0000000000000,00	 0000000395441,00
2160100	 0000000000000,00	 0000000000000,00	 0000000000000,00	 0000000000000,00
2160200	 0000000199276,00	 0000000000000,00	 0000000000000,00	 0000000395441,00
2200000	 0000006242497,00	 0000001429796,00	 0000000000004,00	 0000003912605,00
2200100	 0000006242234,00	 0000001421233,00	 0000000000004,00	 0000003889876,00
2200200	 0000000000002,00	 0000000008537,00	 0000000000000,00	 0000000022729,00
2200900	 0000000000261,00	 0000000000026,00	 0000000000000,00	 0000000000000,00
2250000	 0000000749808,00	 0000000066673,00	 0000000000000,00	 0000000135291,00
2250100	 0000000698188,00	 0000000054387,00	 0000000000000,00	 0000000131764,00
2250200	 0000000051620,00	 0000000012286,00	 0000000000000,00	 0000000003527,00
2300000	-0000000000153,00	 0000000000000,00	 0000000000000,00	 0000002316889,00
2301000	 0000000000553,00	 0000000000000,00	 0000000000000,00	 0000000000000,00
2301001	 0000000000000,00	 0000000000000,00	 0000000000000,00	 0000000000000,00
2302000	-0000000000706,00	 0000000000000,00	 0000000000000,00	 0000002316889,00
2302100	 0000000000000,00	 0000000000000,00	 0000000000000,00	 0000000455384,00
2302200	-0000000000706,00	 0000000000000,00	 0000000000000,00	 0000001861505,00
2303000	 0000000000000,00	 0000000000000,00	 0000000000000,00	 0000000000000,00
2303100	 0000000000000,00	 0000000000000,00	 0000000000000,00	 0000000000000,00
2303900	 0000000000000,00	 0000000000000,00	 0000000000000,00	 0000000000000,00
2400000	 0000000245573,00	 0000003555619,00	 0000000000000,00	 0000001597063,00
2401000	 0000000002521,00	 0000000079558,00	 0000000000000,00	 0000000000000,00
2402000	 0000000243052,00	 0000003476061,00	 0000000000000,00	 0000001597063,00
2402100	 0000000243052,00	 0000002624686,00	 0000000000000,00	 0000001369876,00
2402200	 0000000000000,00	 0000000851375,00	 0000000000000,00	 0000000227187,00
2402300	 0000000000000,00	 0000000000000,00	 0000000000000,00	 0000000000000,00
2500000	 0000000021070,00	 0000000000000,00	 0000000000000,00	 0000000001335,00
2500100	 0000000000000,00	 0000000000000,00	 0000000000000,00	 0000000000000,00
2500200	 0000000021070,00	 0000000000000,00	 0000000000000,00	 0000000000000,00
2500300	 0000000000000,00	 0000000000000,00	 0000000000000,00	 0000000001335,00
2600000	 0000000000000,00	 0000000000000,00	 0000000000000,00	 0000000000000,00
2650000	 0000000120190,00	 0000000000000,00	 0000000000000,00	 0000000108148,00
2700000	 0000000078100,00	 0000000000000,00	 0000000000000,00	 0000000076506,00
2700100	 0000000038490,00	 0000000000000,00	 0000000000000,00	 0000000054834,00
2700200	 0000000001514,00	 0000000000000,00	 0000000000000,00	 0000000000000,00
2700300	 0000000013719,00	 0000000000000,00	 0000000000000,00	 0000000016608,00
2700400	 0000000024377,00	 0000000000000,00	 0000000000000,00	 0000000005064,00
2700401	 0000000002562,00	 0000000000000,00	 0000000000000,00	 0000000004097,00
2700402	 0000000000000,00	 0000000000000,00	 0000000000000,00	 0000000000000,00
2700411	 0000000000000,00	 0000000000000,00	 0000000000000,00	 0000000000000,00
2700412	 0000000000000,00	 0000000000000,00	 0000000000000,00	 0000000000000,00
2700413	 0000000000000,00	 0000000000000,00	 0000000000000,00	 0000000000000,00
2700421	 0000000000000,00	 0000000000000,00	 0000000000000,00	 0000000000000,00
2700422	 0000000000000,00	 0000000000000,00	 0000000000000,00	 0000000000000,00
2700423	 0000000000000,00	 0000000000000,00	 0000000000000,00	 0000000000000,00
2700490	 0000000021815,00	 0000000000000,00	 0000000000000,00	 0000000000967,00
2800000	 0000000199469,00	 0000000000000,00	 0000000000000,00	 0000000137206,00
3000000	 0000003346927,00	 0000000082198,00	 0000000000364,00	-0000000017664,00
3101000	 0000001862826,00	 0000000000000,00	 0000000000000,00	 0000000000000,00
3102000	 0000001294108,00	 0000000000000,00	 0000000000000,00	 0000000000000,00
3103000	 0000000026152,00	 0000000000000,00	 0000000000000,00	 0000000000000,00
3104000	-0000000062430,00	 0000000082198,00	 0000000000364,00	-0000000018617,00
3104100	 0000000000000,00	 0000000000000,00	 0000000000000,00	 0000000000000,00
3104200	-0000000060916,00	 0000000082198,00	 0000000000364,00	-0000000018617,00
3104300	-0000000001514,00	 0000000000000,00	 0000000000000,00	 0000000000000,00
3200000	 0000000226271,00	 0000000000000,00	 0000000000000,00	 0000000000953,00
5001000	 0000003120656,00	 0000000082198,00	 0000000000364,00	-0000000018617,00
5002000	 0000013132635,00	 0000005142534,00	 0000000000368,00	 0000011397875,00
5100000	 0000006131797,00	 0000007500259,00	 0000000014883,00	 0000007578156,00
