014	SCOTIABANK CHILE
4100000	 0000000361721,00	 0000000297215,00	-0000000000108,00	 0000000019879,00
4100100	 0000000003331,00	 0000000000000,00	 0000000000000,00	 0000000000000,00
4100101	 0000000003331,00	 0000000000000,00	 0000000000000,00	 0000000000000,00
4100151	 0000000000000,00	 0000000000000,00	 0000000000000,00	 0000000000000,00
4100200	 0000000000135,00	 0000000000000,00	 0000000000000,00	 0000000000918,00
4100201	 0000000000135,00	 0000000000000,00	 0000000000000,00	 0000000000918,00
4100251	 0000000000000,00	 0000000000000,00	 0000000000000,00	 0000000000000,00
4100300	 0000000101940,00	 0000000096358,00	-0000000000108,00	 0000000018346,00
4100301	 0000000089056,00	 0000000022965,00	 0000000000001,00	 0000000008420,00
4100309	 0000000000907,00	 0000000000000,00	 0000000000062,00	 0000000009906,00
4100310	 0000000004250,00	 0000000000000,00	 0000000000000,00	 0000000000000,00
4100320	 0000000002962,00	 0000000000000,00	 0000000000000,00	 0000000000018,00
4100325	 0000000000001,00	 0000000029569,00	 0000000000000,00	 0000000000000,00
4100330	 0000000004449,00	 0000000005932,00	 0000000000360,00	 0000000000000,00
4100340	 0000000000004,00	 0000000000000,00	 0000000000000,00	 0000000000000,00
4100351	 0000000000006,00	 0000000015753,00	 0000000000000,00	 0000000000000,00
4100359	 0000000000000,00	 0000000000000,00	 0000000000000,00	 0000000000000,00
4100360	 0000000000000,00	 0000000000000,00	 0000000000000,00	 0000000000000,00
4100370	 0000000000000,00	 0000000000000,00	 0000000000000,00	 0000000000000,00
4100375	 0000000000000,00	 0000000016722,00	 0000000000000,00	 0000000000000,00
4100380	 0000000000000,00	 0000000003432,00	-0000000000531,00	 0000000000000,00
4100390	 0000000000000,00	 0000000000000,00	 0000000000000,00	 0000000000000,00
4100399	 0000000000305,00	 0000000001985,00	 0000000000000,00	 0000000000002,00
4100400	 0000000000112,00	 0000000193337,00	 0000000000000,00	 0000000000000,00
4100401	 0000000000000,00	 0000000008024,00	 0000000000000,00	 0000000000000,00
4100402	 0000000000000,00	 0000000002103,00	 0000000000000,00	 0000000000000,00
4100403	 0000000000000,00	 0000000000000,00	 0000000000000,00	 0000000000000,00
4100405	 0000000000000,00	 0000000004205,00	 0000000000000,00	 0000000000000,00
4100407	 0000000000112,00	 0000000101315,00	 0000000000000,00	 0000000000000,00
4100408	 0000000000000,00	 0000000000000,00	 0000000000000,00	 0000000000000,00
4100420	 0000000000000,00	 0000000001673,00	 0000000000000,00	 0000000000000,00
4100430	 0000000000000,00	 0000000000002,00	 0000000000000,00	 0000000000000,00
4100451	 0000000000000,00	 0000000005054,00	 0000000000000,00	 0000000000000,00
4100452	 0000000000000,00	 0000000000000,00	 0000000000000,00	 0000000000000,00
4100455	 0000000000000,00	 0000000001930,00	 0000000000000,00	 0000000000000,00
4100457	 0000000000000,00	 0000000068363,00	 0000000000000,00	 0000000000000,00
4100458	 0000000000000,00	 0000000000002,00	 0000000000000,00	 0000000000000,00
4100480	 0000000000000,00	 0000000000552,00	 0000000000000,00	 0000000000000,00
4100490	 0000000000000,00	 0000000000001,00	 0000000000000,00	 0000000000000,00
4100499	 0000000000000,00	 0000000000113,00	 0000000000000,00	 0000000000000,00
4100500	 0000000222715,00	 0000000000367,00	 0000000000000,00	 0000000000000,00
4100501	 0000000094980,00	 0000000000339,00	 0000000000000,00	 0000000000000,00
4100510	 0000000010729,00	 0000000000000,00	 0000000000000,00	 0000000000000,00
4100520	 0000000116517,00	 0000000000000,00	 0000000000000,00	 0000000000000,00
4100530	 0000000000000,00	 0000000000000,00	 0000000000000,00	 0000000000000,00
4100540	 0000000000005,00	 0000000000000,00	 0000000000000,00	 0000000000000,00
4100590	 0000000000000,00	 0000000000028,00	 0000000000000,00	 0000000000000,00
4100599	 0000000000484,00	 0000000000000,00	 0000000000000,00	 0000000000000,00
4100600	 0000000018339,00	 0000000001559,00	 0000000000000,00	 0000000000139,00
4100601	 0000000018339,00	 0000000000504,00	 0000000000000,00	 0000000000139,00
4100621	 0000000000000,00	 0000000000000,00	 0000000000000,00	 0000000000000,00
4100651	 0000000000000,00	 0000000001055,00	 0000000000000,00	 0000000000000,00
4100671	 0000000000000,00	 0000000000000,00	 0000000000000,00	 0000000000000,00
4100800	 0000000006509,00	 0000000005594,00	 0000000000000,00	 0000000000476,00
4100801	 0000000000000,00	 0000000000000,00	 0000000000000,00	 0000000000000,00
4100804	 0000000000000,00	 0000000000000,00	 0000000000000,00	 0000000000080,00
4100810	 0000000006509,00	 0000000003888,00	 0000000000000,00	 0000000000396,00
4100850	 0000000000000,00	 0000000001706,00	 0000000000000,00	 0000000000000,00
4100900	 0000000008640,00	 0000000000000,00	 0000000000000,00	 0000000000000,00
4150000	-0000000164754,00	-0000000165553,00	-0000000000241,00	-0000000007868,00
4150100	-0000000000947,00	 0000000000000,00	 0000000000000,00	 0000000000000,00
4150101	-0000000000947,00	 0000000000000,00	 0000000000000,00	 0000000000000,00
4150102	 0000000000000,00	 0000000000000,00	 0000000000000,00	 0000000000000,00
4150103	 0000000000000,00	 0000000000000,00	 0000000000000,00	 0000000000000,00
4150151	 0000000000000,00	 0000000000000,00	 0000000000000,00	 0000000000000,00
4150200	-0000000000129,00	 0000000000000,00	 0000000000000,00	-0000000000017,00
4150201	-0000000000129,00	 0000000000000,00	 0000000000000,00	-0000000000017,00
4150251	 0000000000000,00	 0000000000000,00	 0000000000000,00	 0000000000000,00
4150300	-0000000143431,00	-0000000010142,00	 0000000000000,00	-0000000001596,00
4150301	-0000000143431,00	-0000000002887,00	 0000000000000,00	-0000000001596,00
4150302	 0000000000000,00	-0000000000111,00	 0000000000000,00	 0000000000000,00
4150309	 0000000000000,00	 0000000000000,00	 0000000000000,00	 0000000000000,00
4150351	 0000000000000,00	-0000000006284,00	 0000000000000,00	 0000000000000,00
4150352	 0000000000000,00	-0000000000860,00	 0000000000000,00	 0000000000000,00
4150359	 0000000000000,00	 0000000000000,00	 0000000000000,00	 0000000000000,00
4150400	-0000000004938,00	 0000000000000,00	-0000000000241,00	-0000000006222,00
4150401	-0000000004938,00	 0000000000000,00	-0000000000241,00	-0000000006222,00
4150451	 0000000000000,00	 0000000000000,00	 0000000000000,00	 0000000000000,00
4150500	-0000000003188,00	-0000000154764,00	 0000000000000,00	 0000000000000,00
4150501	 0000000000000,00	-0000000009632,00	 0000000000000,00	 0000000000000,00
4150511	-0000000003188,00	-0000000065641,00	 0000000000000,00	 0000000000000,00
4150521	 0000000000000,00	-0000000008069,00	 0000000000000,00	 0000000000000,00
4150522	 0000000000000,00	 0000000000000,00	 0000000000000,00	 0000000000000,00
4150551	 0000000000000,00	-0000000006097,00	 0000000000000,00	 0000000000000,00
4150561	 0000000000000,00	-0000000060282,00	 0000000000000,00	 0000000000000,00
4150571	 0000000000000,00	-0000000005043,00	 0000000000000,00	 0000000000000,00
4150572	 0000000000000,00	 0000000000000,00	 0000000000000,00	 0000000000000,00
4150600	-0000000000881,00	-0000000000339,00	 0000000000000,00	 0000000000000,00
4150601	-0000000000881,00	-0000000000047,00	 0000000000000,00	 0000000000000,00
4150651	 0000000000000,00	-0000000000292,00	 0000000000000,00	 0000000000000,00
4150800	-0000000001983,00	-0000000000308,00	 0000000000000,00	-0000000000033,00
4150801	 0000000000000,00	 0000000000000,00	 0000000000000,00	-0000000000033,00
4150851	-0000000001983,00	-0000000000308,00	 0000000000000,00	 0000000000000,00
4150900	-0000000009257,00	 0000000000000,00	 0000000000000,00	 0000000000000,00
4200000	 0000000099274,00	 0000000001554,00	 0000000001273,00	 0000000002275,00
4200100	 0000000000804,00	 0000000000000,00	 0000000000000,00	 0000000000000,00
4200200	 0000000001121,00	 0000000001396,00	 0000000000263,00	 0000000000757,00
4200300	 0000000017877,00	 0000000000000,00	 0000000000000,00	 0000000000000,00
4200303	 0000000002252,00	 0000000000000,00	 0000000000000,00	 0000000000000,00
4200304	 0000000004637,00	 0000000000000,00	 0000000000000,00	 0000000000000,00
4200305	 0000000007397,00	 0000000000000,00	 0000000000000,00	 0000000000000,00
4200306	 0000000000389,00	 0000000000000,00	 0000000000000,00	 0000000000000,00
4200307	 0000000003202,00	 0000000000000,00	 0000000000000,00	 0000000000000,00
4200309	 0000000000000,00	 0000000000000,00	 0000000000000,00	 0000000000000,00
4200400	 0000000007129,00	 0000000000000,00	 0000000000000,00	 0000000000000,00
4200500	 0000000029528,00	 0000000000000,00	 0000000000011,00	 0000000000024,00
4200600	 0000000001272,00	 0000000000158,00	 0000000000000,00	 0000000000000,00
4200700	 0000000010346,00	 0000000000000,00	 0000000000000,00	 0000000000000,00
4200800	 0000000021114,00	 0000000000000,00	 0000000000000,00	 0000000000000,00
4200900	 0000000010083,00	 0000000000000,00	 0000000000999,00	 0000000001494,00
4250000	-0000000027434,00	 0000000000000,00	 0000000000000,00	-0000000000119,00
4250100	-0000000018408,00	 0000000000000,00	 0000000000000,00	 0000000000000,00
4250101	-0000000012827,00	 0000000000000,00	 0000000000000,00	 0000000000000,00
4250102	-0000000005356,00	 0000000000000,00	 0000000000000,00	 0000000000000,00
4250190	-0000000000225,00	 0000000000000,00	 0000000000000,00	 0000000000000,00
4250200	-0000000005103,00	 0000000000000,00	 0000000000000,00	 0000000000000,00
4250300	-0000000003923,00	 0000000000000,00	 0000000000000,00	-0000000000119,00
4300000	 0000000024148,00	 0000000017311,00	 0000000000000,00	-0000000000001,00
4300100	 0000000005252,00	 0000000006806,00	 0000000000000,00	 0000000000000,00
4300101	 0000000001863,00	 0000000005539,00	 0000000000000,00	 0000000000000,00
4300102	-0000000000154,00	 0000000000000,00	 0000000000000,00	 0000000000000,00
4300103	 0000000002211,00	 0000000002417,00	 0000000000000,00	 0000000000000,00
4300104	-0000000000377,00	-0000000001150,00	 0000000000000,00	 0000000000000,00
4300190	 0000000001709,00	 0000000000000,00	 0000000000000,00	 0000000000000,00
4300200	 0000000015588,00	 0000000000000,00	 0000000000000,00	 0000000000000,00
4300300	 0000000002620,00	 0000000000004,00	 0000000000000,00	 0000000000000,00
4300400	 0000000001129,00	 0000000010504,00	 0000000000000,00	 0000000000000,00
4300500	-0000000000441,00	-0000000000003,00	 0000000000000,00	-0000000000001,00
4350000	 0000000000102,00	 0000000000000,00	 0000000010532,00	 0000000000000,00
4350100	 0000000000102,00	 0000000000000,00	 0000000010534,00	 0000000000000,00
4350200	 0000000000000,00	 0000000000000,00	-0000000000002,00	 0000000000000,00
4350900	 0000000000000,00	 0000000000000,00	 0000000000000,00	 0000000000000,00
4400000	 0000000011849,00	 0000000000000,00	 0000000000000,00	 0000000005353,00
4400100	 0000000002142,00	 0000000000000,00	 0000000000000,00	 0000000000000,00
4400200	 0000000001550,00	 0000000000000,00	 0000000000000,00	 0000000000000,00
4400290	 0000000001550,00	 0000000000000,00	 0000000000000,00	 0000000000000,00
4400300	 0000000008157,00	 0000000000000,00	 0000000000000,00	 0000000005353,00
4500000	-0000000091525,00	 0000000013493,00	 0000000000000,00	 0000000000000,00
4500100	-0000000127825,00	 0000000000000,00	 0000000000000,00	 0000000000000,00
4500101	-0000000030182,00	 0000000000000,00	 0000000000000,00	 0000000000000,00
4500111	-0000000009361,00	 0000000000000,00	 0000000000000,00	 0000000000000,00
4500112	-0000000088508,00	 0000000000000,00	 0000000000000,00	 0000000000000,00
4500190	 0000000000226,00	 0000000000000,00	 0000000000000,00	 0000000000000,00
4500200	-0000000000703,00	 0000000000000,00	 0000000000000,00	 0000000000000,00
4500700	 0000000007771,00	 0000000000000,00	 0000000000000,00	 0000000000000,00
4500701	 0000000001713,00	 0000000000000,00	 0000000000000,00	 0000000000000,00
4500702	 0000000004907,00	 0000000000000,00	 0000000000000,00	 0000000000000,00
4500703	 0000000001151,00	 0000000000000,00	 0000000000000,00	 0000000000000,00
4500800	 0000000000000,00	 0000000000000,00	 0000000000000,00	 0000000000000,00
4500801	 0000000000000,00	 0000000000000,00	 0000000000000,00	 0000000000000,00
4500802	 0000000000000,00	 0000000000000,00	 0000000000000,00	 0000000000000,00
4500803	 0000000000000,00	 0000000000000,00	 0000000000000,00	 0000000000000,00
4500900	 0000000029232,00	 0000000013493,00	 0000000000000,00	 0000000000000,00
4500901	 0000000004990,00	 0000000003937,00	 0000000000000,00	 0000000000000,00
4500911	 0000000000284,00	 0000000002957,00	 0000000000000,00	 0000000000000,00
4500921	 0000000023958,00	 0000000006599,00	 0000000000000,00	 0000000000000,00
4500931	 0000000000000,00	 0000000000000,00	 0000000000000,00	 0000000000000,00
4600000	-0000000137150,00	 0000000000000,00	 0000000000000,00	-0000000000046,00
4610000	-0000000103577,00	 0000000000000,00	 0000000000000,00	-0000000003683,00
4610100	-0000000059037,00	 0000000000000,00	 0000000000000,00	-0000000003595,00
4610200	-0000000021371,00	 0000000000000,00	 0000000000000,00	 0000000000000,00
4610300	-0000000000371,00	 0000000000000,00	 0000000000000,00	 0000000000000,00
4610400	-0000000017708,00	 0000000000000,00	 0000000000000,00	-0000000000088,00
4610500	-0000000005090,00	 0000000000000,00	 0000000000000,00	 0000000000000,00
4620000	-0000000016419,00	 0000000000000,00	 0000000000000,00	 0000000000000,00
4630000	 0000000000000,00	 0000000000000,00	 0000000000000,00	 0000000000000,00
4650000	-0000000009295,00	-0000000003504,00	 0000000000000,00	-0000000000557,00
4650100	-0000000002440,00	 0000000000000,00	 0000000000000,00	 0000000000000,00
4650200	-0000000000159,00	 0000000000000,00	 0000000000000,00	 0000000000000,00
4650201	-0000000000159,00	 0000000000000,00	 0000000000000,00	 0000000000000,00
4650211	 0000000000000,00	 0000000000000,00	 0000000000000,00	 0000000000000,00
4650290	 0000000000000,00	 0000000000000,00	 0000000000000,00	 0000000000000,00
4650900	-0000000006696,00	-0000000003504,00	 0000000000000,00	-0000000000557,00
4700000	 0000000001007,00	 0000000000000,00	 0000000000000,00	 0000000000000,00
4700100	 0000000001007,00	 0000000000000,00	 0000000000000,00	 0000000000000,00
4700101	 0000000000000,00	 0000000000000,00	 0000000000000,00	 0000000000000,00
4700103	 0000000000846,00	 0000000000000,00	 0000000000000,00	 0000000000000,00
4700110	 0000000000161,00	 0000000000000,00	 0000000000000,00	 0000000000000,00
4700200	 0000000000000,00	 0000000000000,00	 0000000000000,00	 0000000000000,00
4700201	 0000000000000,00	 0000000000000,00	 0000000000000,00	 0000000000000,00
4700203	 0000000000000,00	 0000000000000,00	 0000000000000,00	 0000000000000,00
4700210	 0000000000000,00	 0000000000000,00	 0000000000000,00	 0000000000000,00
4800000	-0000000024982,00	 0000000000000,00	 0000000000000,00	 0000000000000,00
4800001	-0000000027517,00	 0000000000000,00	 0000000000000,00	 0000000000000,00
4850000	 0000000000000,00	 0000000000000,00	 0000000000000,00	 0000000000000,00
4900000	 0000000011149,00	 0000000000000,00	 0000000000000,00	 0000000000000,00
5003000	 0000000196967,00	 0000000131662,00	-0000000000349,00	 0000000012011,00
5004000	 0000000071840,00	 0000000001554,00	 0000000001273,00	 0000000002156,00
5005000	 0000000304906,00	 0000000150527,00	 0000000011456,00	 0000000019519,00
5006000	 0000000213381,00	 0000000164020,00	 0000000011456,00	 0000000019519,00
5007000	-0000000053060,00	 0000000160516,00	 0000000011456,00	 0000000015233,00
5008000	-0000000052053,00	 0000000160516,00	 0000000011456,00	 0000000015233,00
5009000	-0000000077035,00	 0000000160516,00	 0000000011456,00	 0000000015233,00
5010000	-0000000077035,00	 0000000160516,00	 0000000011456,00	 0000000015233,00
5020000	-0000000088184,00	 0000000160516,00	 0000000011456,00	 0000000015233,00
