049	BANCO SECURITY                                                          
1000000	 0000001735093,00	 0000001528050,00	 0000000024067,00	 0000000624155,00
1100000	 0000000131121,00	 0000000000000,00	 0000000000000,00	 0000000131396,00
1100100	 0000000006540,00	 0000000000000,00	 0000000000000,00	 0000000003537,00
1100200	 0000000123187,00	 0000000000000,00	 0000000000000,00	 0000000019235,00
1100300	 0000000001394,00	 0000000000000,00	 0000000000000,00	 0000000000000,00
1100400	 0000000000000,00	 0000000000000,00	 0000000000000,00	 0000000108624,00
1130000	 0000000048786,00	 0000000000000,00	 0000000000000,00	 0000000057409,00
1130100	 0000000013042,00	 0000000000000,00	 0000000000000,00	 0000000005182,00
1130200	 0000000035744,00	 0000000000000,00	 0000000000000,00	 0000000052227,00
1150000	 0000000145540,00	 0000000258826,00	 0000000000000,00	 0000000000000,00
1150100	 0000000012918,00	 0000000118060,00	 0000000000000,00	 0000000000000,00
1150200	 0000000085339,00	 0000000140766,00	 0000000000000,00	 0000000000000,00
1150300	 0000000000000,00	 0000000000000,00	 0000000000000,00	 0000000000000,00
1150400	 0000000047283,00	 0000000000000,00	 0000000000000,00	 0000000000000,00
1160000	 0000000002018,00	 0000000000000,00	 0000000000000,00	 0000000000000,00
1160100	 0000000000000,00	 0000000000000,00	 0000000000000,00	 0000000000000,00
1160200	 0000000002018,00	 0000000000000,00	 0000000000000,00	 0000000000000,00
1250000	 0000000053613,00	 0000000000000,00	 0000000000000,00	 0000000000000,00
1250100	 0000000053028,00	 0000000000000,00	 0000000000000,00	 0000000000000,00
1250200	 0000000000585,00	 0000000000000,00	 0000000000000,00	 0000000000000,00
1270000	 0000000000004,00	 0000000000000,00	 0000000000000,00	 0000000031647,00
1270100	 0000000000037,00	 0000000000000,00	 0000000000000,00	 0000000000000,00
1270112	 0000000000000,00	 0000000000000,00	 0000000000000,00	 0000000000000,00
1270113	 0000000000000,00	 0000000000000,00	 0000000000000,00	 0000000000000,00
1270116	 0000000000037,00	 0000000000000,00	 0000000000000,00	 0000000000000,00
1270117	 0000000000000,00	 0000000000000,00	 0000000000000,00	 0000000000000,00
1270118	 0000000000000,00	 0000000000000,00	 0000000000000,00	 0000000000000,00
1270190	 0000000000000,00	 0000000000000,00	 0000000000000,00	 0000000000000,00
1270200	-0000000000033,00	 0000000000000,00	 0000000000000,00	 0000000031647,00
1270202	 0000000000000,00	 0000000000000,00	 0000000000000,00	 0000000000000,00
1270203	 0000000000000,00	 0000000000000,00	 0000000000000,00	 0000000031446,00
1270206	 0000000000000,00	 0000000000000,00	 0000000000000,00	 0000000000201,00
1270207	 0000000000000,00	 0000000000000,00	 0000000000000,00	 0000000000000,00
1270208	 0000000000000,00	 0000000000000,00	 0000000000000,00	 0000000000000,00
1270290	-0000000000033,00	 0000000000000,00	 0000000000000,00	 0000000000000,00
1270300	 0000000000000,00	 0000000000000,00	 0000000000000,00	 0000000000000,00
1300000	 0000001070346,00	 0000001110123,00	 0000000024067,00	 0000000342493,00
1302000	 0000000941026,00	 0000000707686,00	 0000000024067,00	 0000000341287,00
1302100	 0000000878101,00	 0000000520748,00	 0000000004349,00	 0000000073141,00
1302101	 0000000878092,00	 0000000456054,00	 0000000004349,00	 0000000000000,00
1302102	 0000000000007,00	 0000000000000,00	 0000000000000,00	 0000000073141,00
1302170	 0000000000000,00	 0000000039460,00	 0000000000000,00	 0000000000000,00
1302180	 0000000000002,00	 0000000025234,00	 0000000000000,00	 0000000000000,00
1302200	 0000000010816,00	 0000000000000,00	 0000000000000,00	 0000000267892,00
1302201	 0000000000000,00	 0000000000000,00	 0000000000000,00	 0000000000000,00
1302202	 0000000010674,00	 0000000000000,00	 0000000000000,00	 0000000155156,00
1302241	 0000000000000,00	 0000000000000,00	 0000000000000,00	 0000000005605,00
1302242	 0000000000142,00	 0000000000000,00	 0000000000000,00	 0000000093260,00
1302281	 0000000000000,00	 0000000000000,00	 0000000000000,00	 0000000000000,00
1302282	 0000000000000,00	 0000000000000,00	 0000000000000,00	 0000000013871,00
1302300	 0000000028179,00	 0000000000000,00	 0000000000000,00	 0000000000003,00
1302500	 0000000000000,00	 0000000000000,00	 0000000000000,00	 0000000000000,00
1302800	 0000000021510,00	 0000000186787,00	 0000000019699,00	 0000000000000,00
1302900	 0000000002420,00	 0000000000151,00	 0000000000019,00	 0000000000251,00
1304000	 0000000000380,00	 0000000397846,00	 0000000000000,00	 0000000000000,00
1304100	 0000000000000,00	 0000000014936,00	 0000000000000,00	 0000000000000,00
1304101	 0000000000000,00	 0000000014936,00	 0000000000000,00	 0000000000000,00
1304102	 0000000000000,00	 0000000000000,00	 0000000000000,00	 0000000000000,00
1304200	 0000000000005,00	 0000000045410,00	 0000000000000,00	 0000000000000,00
1304500	 0000000000375,00	 0000000337500,00	 0000000000000,00	 0000000000000,00
1304600	 0000000000000,00	 0000000000000,00	 0000000000000,00	 0000000000000,00
1304800	 0000000000000,00	 0000000000000,00	 0000000000000,00	 0000000000000,00
1304900	 0000000000000,00	 0000000000000,00	 0000000000000,00	 0000000000000,00
1305000	 0000000164798,00	 0000000004591,00	 0000000000000,00	 0000000001206,00
1305100	 0000000105895,00	 0000000004591,00	 0000000000000,00	 0000000000000,00
1305300	 0000000030278,00	 0000000000000,00	 0000000000000,00	 0000000000000,00
1305400	 0000000028625,00	 0000000000000,00	 0000000000000,00	 0000000001206,00
1305800	 0000000000000,00	 0000000000000,00	 0000000000000,00	 0000000000000,00
1305900	 0000000000000,00	 0000000000000,00	 0000000000000,00	 0000000000000,00
1309000	-0000000035858,00	 0000000000000,00	 0000000000000,00	 0000000000000,00
1309100	-0000000032754,00	 0000000000000,00	 0000000000000,00	 0000000000000,00
1309200	-0000000000447,00	 0000000000000,00	 0000000000000,00	 0000000000000,00
1309300	-0000000002657,00	 0000000000000,00	 0000000000000,00	 0000000000000,00
1350000	 0000000114753,00	 0000000159101,00	 0000000000000,00	 0000000059646,00
1350100	 0000000048812,00	 0000000013530,00	 0000000000000,00	 0000000000000,00
1350200	 0000000065941,00	 0000000145571,00	 0000000000000,00	 0000000008365,00
1350300	 0000000000000,00	 0000000000000,00	 0000000000000,00	 0000000051281,00
1360000	 0000000000000,00	 0000000000000,00	 0000000000000,00	 0000000000000,00
1360100	 0000000000000,00	 0000000000000,00	 0000000000000,00	 0000000000000,00
1360200	 0000000000000,00	 0000000000000,00	 0000000000000,00	 0000000000000,00
1360300	 0000000000000,00	 0000000000000,00	 0000000000000,00	 0000000000000,00
1400000	 0000000000620,00	 0000000000000,00	 0000000000000,00	 0000000000000,00
1400100	 0000000000000,00	 0000000000000,00	 0000000000000,00	 0000000000000,00
1400101	 0000000000000,00	 0000000000000,00	 0000000000000,00	 0000000000000,00
1400102	 0000000000000,00	 0000000000000,00	 0000000000000,00	 0000000000000,00
1400103	 0000000000000,00	 0000000000000,00	 0000000000000,00	 0000000000000,00
1400200	 0000000000620,00	 0000000000000,00	 0000000000000,00	 0000000000000,00
1500000	 0000000029522,00	 0000000000000,00	 0000000000000,00	 0000000000000,00
1500100	 0000000000000,00	 0000000000000,00	 0000000000000,00	 0000000000000,00
1500200	 0000000029522,00	 0000000000000,00	 0000000000000,00	 0000000000000,00
1600000	 0000000023595,00	 0000000000000,00	 0000000000000,00	 0000000000000,00
1600100	 0000000018310,00	 0000000000000,00	 0000000000000,00	 0000000000000,00
1600200	 0000000005285,00	 0000000000000,00	 0000000000000,00	 0000000000000,00
1700000	 0000000002744,00	 0000000000000,00	 0000000000000,00	 0000000000000,00
1750000	 0000000036445,00	 0000000000000,00	 0000000000000,00	 0000000000000,00
1800000	 0000000075986,00	 0000000000000,00	 0000000000000,00	 0000000001564,00
1800100	 0000000013808,00	 0000000000000,00	 0000000000000,00	 0000000000000,00
1800200	 0000000001998,00	 0000000000000,00	 0000000000000,00	 0000000000000,00
1800900	 0000000060180,00	 0000000000000,00	 0000000000000,00	 0000000001564,00
2000000	 0000002070567,00	 0000000940044,00	 0000000001395,00	 0000000631896,00
2100000	 0000000306247,00	 0000000000188,00	 0000000000000,00	 0000000047180,00
2100100	 0000000215953,00	 0000000000000,00	 0000000000000,00	 0000000042701,00
2100109	 0000000142889,00	 0000000000000,00	 0000000000000,00	 0000000038018,00
2100110	 0000000073038,00	 0000000000000,00	 0000000000000,00	 0000000004683,00
2100200	 0000000021358,00	 0000000000000,00	 0000000000000,00	 0000000000000,00
2100300	 0000000068936,00	 0000000000188,00	 0000000000000,00	 0000000004479,00
2130000	 0000000024691,00	 0000000000000,00	 0000000000000,00	 0000000046677,00
2160000	 0000000111913,00	 0000000009162,00	 0000000000000,00	 0000000000000,00
2160100	 0000000107510,00	 0000000000000,00	 0000000000000,00	 0000000000000,00
2160200	 0000000004403,00	 0000000009162,00	 0000000000000,00	 0000000000000,00
2200000	 0000001476098,00	 0000000314274,00	 0000000000000,00	 0000000248390,00
2200100	 0000001474857,00	 0000000312459,00	 0000000000000,00	 0000000248390,00
2200200	 0000000000000,00	 0000000000000,00	 0000000000000,00	 0000000000000,00
2200900	 0000000001241,00	 0000000001815,00	 0000000000000,00	 0000000000000,00
2250000	 0000000055266,00	 0000000000000,00	 0000000000000,00	 0000000000016,00
2250100	 0000000054369,00	 0000000000000,00	 0000000000000,00	 0000000000016,00
2250200	 0000000000897,00	 0000000000000,00	 0000000000000,00	 0000000000000,00
2300000	 0000000002683,00	 0000000000000,00	 0000000000000,00	 0000000286594,00
2301000	 0000000002683,00	 0000000000000,00	 0000000000000,00	 0000000005917,00
2301001	 0000000000000,00	 0000000000000,00	 0000000000000,00	 0000000005917,00
2302000	 0000000000000,00	 0000000000000,00	 0000000000000,00	 0000000280677,00
2302100	 0000000000000,00	 0000000000000,00	 0000000000000,00	 0000000272297,00
2302200	 0000000000000,00	 0000000000000,00	 0000000000000,00	 0000000008380,00
2303000	 0000000000000,00	 0000000000000,00	 0000000000000,00	 0000000000000,00
2303100	 0000000000000,00	 0000000000000,00	 0000000000000,00	 0000000000000,00
2303900	 0000000000000,00	 0000000000000,00	 0000000000000,00	 0000000000000,00
2400000	 0000000000000,00	 0000000585098,00	 0000000000000,00	 0000000000000,00
2401000	 0000000000000,00	 0000000053905,00	 0000000000000,00	 0000000000000,00
2402000	 0000000000000,00	 0000000531193,00	 0000000000000,00	 0000000000000,00
2402100	 0000000000000,00	 0000000428513,00	 0000000000000,00	 0000000000000,00
2402200	 0000000000000,00	 0000000102680,00	 0000000000000,00	 0000000000000,00
2500000	 0000000004446,00	 0000000031322,00	 0000000001395,00	 0000000000104,00
2500100	 0000000001707,00	 0000000031322,00	 0000000001395,00	 0000000000000,00
2500200	 0000000002739,00	 0000000000000,00	 0000000000000,00	 0000000000104,00
2500300	 0000000000000,00	 0000000000000,00	 0000000000000,00	 0000000000000,00
2600000	 0000000000000,00	 0000000000000,00	 0000000000000,00	 0000000000000,00
2650000	 0000000035121,00	 0000000000000,00	 0000000000000,00	 0000000000000,00
2700000	 0000000017638,00	 0000000000000,00	 0000000000000,00	 0000000000000,00
2700100	 0000000001516,00	 0000000000000,00	 0000000000000,00	 0000000000000,00
2700200	 0000000010505,00	 0000000000000,00	 0000000000000,00	 0000000000000,00
2700300	 0000000003155,00	 0000000000000,00	 0000000000000,00	 0000000000000,00
2700400	 0000000002462,00	 0000000000000,00	 0000000000000,00	 0000000000000,00
2700401	 0000000000044,00	 0000000000000,00	 0000000000000,00	 0000000000000,00
2700402	 0000000000000,00	 0000000000000,00	 0000000000000,00	 0000000000000,00
2700411	 0000000000000,00	 0000000000000,00	 0000000000000,00	 0000000000000,00
2700412	 0000000000000,00	 0000000000000,00	 0000000000000,00	 0000000000000,00
2700413	 0000000000000,00	 0000000000000,00	 0000000000000,00	 0000000000000,00
2700421	 0000000000009,00	 0000000000000,00	 0000000000000,00	 0000000000000,00
2700422	 0000000000440,00	 0000000000000,00	 0000000000000,00	 0000000000000,00
2700423	 0000000000115,00	 0000000000000,00	 0000000000000,00	 0000000000000,00
2700490	 0000000001854,00	 0000000000000,00	 0000000000000,00	 0000000000000,00
2800000	 0000000036464,00	 0000000000000,00	 0000000000000,00	 0000000002935,00
3000000	 0000000267463,00	 0000000000000,00	 0000000000000,00	 0000000000000,00
3101000	 0000000185207,00	 0000000000000,00	 0000000000000,00	 0000000000000,00
3102000	 0000000022224,00	 0000000000000,00	 0000000000000,00	 0000000000000,00
3103000	-0000000001493,00	 0000000000000,00	 0000000000000,00	 0000000000000,00
3104000	 0000000061452,00	 0000000000000,00	 0000000000000,00	 0000000000000,00
3104100	 0000000036941,00	 0000000000000,00	 0000000000000,00	 0000000000000,00
3104200	 0000000035016,00	 0000000000000,00	 0000000000000,00	 0000000000000,00
3104300	-0000000010505,00	 0000000000000,00	 0000000000000,00	 0000000000000,00
3200000	 0000000000073,00	 0000000000000,00	 0000000000000,00	 0000000000000,00
5001000	 0000000267390,00	 0000000000000,00	 0000000000000,00	 0000000000000,00
5002000	 0000002338030,00	 0000000940044,00	 0000000001395,00	 0000000631896,00
5100000	 0000001106204,00	 0000001110123,00	 0000000024067,00	 0000000342493,00
