001	BANCO DE CHILE
100000000	023380994374641	022367654470333	000183094336530	006163698499272
105000000	001481646351825	000000000000000	000000000000000	001217429791821
105000100	000758284379125	000000000000000	000000000000000	000120845710723
105000101	000238466754261	000000000000000	000000000000000	000096673833120
105000102	000519817624864	000000000000000	000000000000000	000024171877603
105000103	000000000000000	000000000000000	000000000000000	000000000000000
105000200	000719905169691	000000000000000	000000000000000	000316571182291
105000201	000719905169691	000000000000000	000000000000000	000316571182291
105000202	000000000000000	000000000000000	000000000000000	000000000000000
105000209	000000000000000	000000000000000	000000000000000	000000000000000
105000300	000000000000000	000000000000000	000000000000000	000000000000000
105000301	000000000000000	000000000000000	000000000000000	000000000000000
105000302	000000000000000	000000000000000	000000000000000	000000000000000
105000309	000000000000000	000000000000000	000000000000000	000000000000000
105000400	000003456803009	000000000000000	000000000000000	000009310281431
105000500	000000000000000	000000000000000	000000000000000	000770702617376
107000000	000205423933933	000000000000000	000000000000000	000167031569345
107000100	000090799834250	000000000000000	000000000000000	000018834964330
107000101	000000036950516	000000000000000	000000000000000	000000000000000
107000102	000090065084523	000000000000000	000000000000000	000016089105959
107000103	000000697799211	000000000000000	000000000000000	000002745858371
107000200	000000000000000	000000000000000	000000000000000	000000000000000
107000201	000000000000000	000000000000000	000000000000000	000000000000000
107000202	000000000000000	000000000000000	000000000000000	000000000000000
107000300	000014379158900	000000000000000	000000000000000	000000000000000
107000400	000100244940783	000000000000000	000000000000000	000148196605015
107000401	000039310343610	000000000000000	000000000000000	000000000000000
107000409	000014549197219	000000000000000	000000000000000	000147667626672
107000411	000046385399954	000000000000000	000000000000000	000000520144707
107000419	000000000000000	000000000000000	000000000000000	000000008833636
110000000	003787120909719	000239124663660	000000000000000	000403177623972
111000100	001901255606277	000000000000000	000000000000000	000402097627552
111000101	000218826472174	000000000000000	000000000000000	000008843744848
111000102	001677227801176	000000000000000	000000000000000	000393253882704
111000103	000004948585257	000000000000000	000000000000000	000000000000000
111000104	000000252747670	000000000000000	000000000000000	000000000000000
111000105	000000000000000	000000000000000	000000000000000	000000000000000
111000109	000000000000000	000000000000000	000000000000000	000000000000000
112000000	001474214873114	000239124663660	000000000000000	000001041830828
112000100	001412197611352	000083258977117	000000000000000	000000000000000
112000101	001217097928034	000000218164847	000000000000000	000000000000000
112000102	000195099683318	000083040812270	000000000000000	000000000000000
112000109	000000000000000	000000000000000	000000000000000	000000000000000
112000200	000062017261762	000155865686543	000000000000000	000000065286732
112000201	000062016982878	000155865686543	000000000000000	000000065286732
112000202	000000000278884	000000000000000	000000000000000	000000000000000
112000209	000000000000000	000000000000000	000000000000000	000000000000000
112000300	000000000000000	000000000000000	000000000000000	000000976544096
112000301	000000000000000	000000000000000	000000000000000	000000976544096
112000302	000000000000000	000000000000000	000000000000000	000000000000000
112000303	000000000000000	000000000000000	000000000000000	000000000000000
112000304	000000000000000	000000000000000	000000000000000	000000000000000
112000309	000000000000000	000000000000000	000000000000000	000000000000000
113000000	000411650430328	000000000000000	000000000000000	000000038165592
113000100	000408121444154	000000000000000	000000000000000	000000000000000
113000101	000408121444154	000000000000000	000000000000000	000000000000000
113000102	000000000000000	000000000000000	000000000000000	000000000000000
113000200	000001038598176	000000000000000	000000000000000	000000000000000
113000201	000001038598176	000000000000000	000000000000000	000000000000000
113000202	000000000000000	000000000000000	000000000000000	000000000000000
113000300	000000000000000	000000000000000	000000000000000	000000000000000
113000301	000000000000000	000000000000000	000000000000000	000000000000000
113000302	000000000000000	000000000000000	000000000000000	000000000000000
113000303	000000000000000	000000000000000	000000000000000	000000000000000
113000304	000000000000000	000000000000000	000000000000000	000000000000000
113000400	000002490387998	000000000000000	000000000000000	000000038165592
115000000	000000000000000	000000000000000	000000000000000	000000000000000
115250000	000000000000000	000000000000000	000000000000000	000000000000000
115250100	000000000000000	000000000000000	000000000000000	000000000000000
115250101	000000000000000	000000000000000	000000000000000	000000000000000
115250102	000000000000000	000000000000000	000000000000000	000000000000000
115250109	000000000000000	000000000000000	000000000000000	000000000000000
115250200	000000000000000	000000000000000	000000000000000	000000000000000
115250201	000000000000000	000000000000000	000000000000000	000000000000000
115250202	000000000000000	000000000000000	000000000000000	000000000000000
115250209	000000000000000	000000000000000	000000000000000	000000000000000
115250300	000000000000000	000000000000000	000000000000000	000000000000000
115250301	000000000000000	000000000000000	000000000000000	000000000000000
115250302	000000000000000	000000000000000	000000000000000	000000000000000
115250303	000000000000000	000000000000000	000000000000000	000000000000000
115250304	000000000000000	000000000000000	000000000000000	000000000000000
115250309	000000000000000	000000000000000	000000000000000	000000000000000
115500000	000000000000000	000000000000000	000000000000000	000000000000000
115500100	000000000000000	000000000000000	000000000000000	000000000000000
115500101	000000000000000	000000000000000	000000000000000	000000000000000
115500102	000000000000000	000000000000000	000000000000000	000000000000000
115500300	000000000000000	000000000000000	000000000000000	000000000000000
115500301	000000000000000	000000000000000	000000000000000	000000000000000
115500302	000000000000000	000000000000000	000000000000000	000000000000000
115500303	000000000000000	000000000000000	000000000000000	000000000000000
115500304	000000000000000	000000000000000	000000000000000	000000000000000
115500400	000000000000000	000000000000000	000000000000000	000000000000000
118000000	000000000000000	000000000000000	000000000000000	000000000000000
118250000	000000000000000	000000000000000	000000000000000	000000000000000
118250100	000000000000000	000000000000000	000000000000000	000000000000000
118250101	000000000000000	000000000000000	000000000000000	000000000000000
118250102	000000000000000	000000000000000	000000000000000	000000000000000
118250109	000000000000000	000000000000000	000000000000000	000000000000000
118250200	000000000000000	000000000000000	000000000000000	000000000000000
118250201	000000000000000	000000000000000	000000000000000	000000000000000
118250202	000000000000000	000000000000000	000000000000000	000000000000000
118250209	000000000000000	000000000000000	000000000000000	000000000000000
118250300	000000000000000	000000000000000	000000000000000	000000000000000
118250301	000000000000000	000000000000000	000000000000000	000000000000000
118250302	000000000000000	000000000000000	000000000000000	000000000000000
118250303	000000000000000	000000000000000	000000000000000	000000000000000
118250304	000000000000000	000000000000000	000000000000000	000000000000000
118250309	000000000000000	000000000000000	000000000000000	000000000000000
118500000	000000000000000	000000000000000	000000000000000	000000000000000
118500300	000000000000000	000000000000000	000000000000000	000000000000000
118500301	000000000000000	000000000000000	000000000000000	000000000000000
118500302	000000000000000	000000000000000	000000000000000	000000000000000
118500303	000000000000000	000000000000000	000000000000000	000000000000000
118500304	000000000000000	000000000000000	000000000000000	000000000000000
118500400	000000000000000	000000000000000	000000000000000	000000000000000
120000000	001359590473329	000675033687595	000000000000000	000053720355681
122000000	001359590473329	000675033687595	000000000000000	000053720355681
122000100	000264179736553	000396598075642	000000000000000	000000000000000
122000101	000000000000000	000000000000000	000000000000000	000000000000000
122000102	000264179736553	000396141901664	000000000000000	000000000000000
122000109	000000000000000	000000456173978	000000000000000	000000000000000
122000200	001095410736776	000278435611953	000000000000000	000001783770880
122000201	001088303089024	000230943439608	000000000000000	000001783770880
122000202	000007107647752	000047492172345	000000000000000	000000000000000
122000209	000000000000000	000000000000000	000000000000000	000000000000000
122000300	000000000000000	000000000000000	000000000000000	000051936584801
122000301	000000000000000	000000000000000	000000000000000	000000000000000
122000302	000000000000000	000000000000000	000000000000000	000048882697949
122000303	000000000000000	000000000000000	000000000000000	000000000000000
122000304	000000000000000	000000000000000	000000000000000	000003053886852
122000309	000000000000000	000000000000000	000000000000000	000000000000000
123000000	000000000000000	000000000000000	000000000000000	000000000000000
123000300	000000000000000	000000000000000	000000000000000	000000000000000
123000301	000000000000000	000000000000000	000000000000000	000000000000000
123000302	000000000000000	000000000000000	000000000000000	000000000000000
123000303	000000000000000	000000000000000	000000000000000	000000000000000
123000304	000000000000000	000000000000000	000000000000000	000000000000000
123000400	000000000000000	000000000000000	000000000000000	000000000000000
130000000	000073959118574	000000000000000	000000000000000	000000000000000
130000100	000073959118574	000000000000000	000000000000000	000000000000000
130000101	000000000000000	000000000000000	000000000000000	000000000000000
130000102	000073959118574	000000000000000	000000000000000	000000000000000
130000103	000000000000000	000000000000000	000000000000000	000000000000000
130000104	000000000000000	000000000000000	000000000000000	000000000000000
130000105	000000000000000	000000000000000	000000000000000	000000000000000
130000190	000000000000000	000000000000000	000000000000000	000000000000000
140000000	014319982681463	021404177453280	000171395810972	003891660010215
141000000	000087291415811	000000000000000	000000000000000	000000000000000
141000100	000000000000000	000000000000000	000000000000000	000000000000000
141000101	000000000000000	000000000000000	000000000000000	000000000000000
141000102	000000000000000	000000000000000	000000000000000	000000000000000
141000103	000000000000000	000000000000000	000000000000000	000000000000000
141000200	000000000000000	000000000000000	000000000000000	000000000000000
141000201	000000000000000	000000000000000	000000000000000	000000000000000
141000202	000000000000000	000000000000000	000000000000000	000000000000000
141000203	000000000000000	000000000000000	000000000000000	000000000000000
141000300	000087291415811	000000000000000	000000000000000	000000000000000
141000301	000087291415811	000000000000000	000000000000000	000000000000000
141000302	000000000000000	000000000000000	000000000000000	000000000000000
141000400	000000000000000	000000000000000	000000000000000	000000000000000
141000401	000000000000000	000000000000000	000000000000000	000000000000000
141000402	000000000000000	000000000000000	000000000000000	000000000000000
141000900	000000000000000	000000000000000	000000000000000	000000000000000
141000901	000000000000000	000000000000000	000000000000000	000000000000000
141000902	000000000000000	000000000000000	000000000000000	000000000000000
141000903	000000000000000	000000000000000	000000000000000	000000000000000
141500000	000321493228856	000622580843474	000000000000000	000000000000000
141500100	000321526441298	000622582234045	000000000000000	000000000000000
141500101	000000000000000	000000000000000	000000000000000	000000000000000
141500102	000321526441298	000622582234045	000000000000000	000000000000000
141500109	000000000000000	000000000000000	000000000000000	000000000000000
141500200	000000000000000	000000000000000	000000000000000	000000000000000
141500201	000000000000000	000000000000000	000000000000000	000000000000000
141500202	000000000000000	000000000000000	000000000000000	000000000000000
141500209	000000000000000	000000000000000	000000000000000	000000000000000
141500300	000000000000000	000000000000000	000000000000000	000000000000000
141500301	000000000000000	000000000000000	000000000000000	000000000000000
141500302	000000000000000	000000000000000	000000000000000	000000000000000
141500303	000000000000000	000000000000000	000000000000000	000000000000000
141500304	000000000000000	000000000000000	000000000000000	000000000000000
141500309	000000000000000	000000000000000	000000000000000	000000000000000
141500900	-00000033212442	-00000001390571	000000000000000	000000000000000
141500901	-00000033212442	-00000001390571	000000000000000	000000000000000
141500902	000000000000000	000000000000000	000000000000000	000000000000000
141500903	000000000000000	000000000000000	000000000000000	000000000000000
143000000	000299887145450	000000000000000	000000000000000	000366927768841
143100100	000300041666909	000000000000000	000000000000000	000000000000000
143100101	000300041666664	000000000000000	000000000000000	000000000000000
143100102	000000000000000	000000000000000	000000000000000	000000000000000
143100103	000000000000245	000000000000000	000000000000000	000000000000000
143100104	000000000000000	000000000000000	000000000000000	000000000000000
143100105	000000000000000	000000000000000	000000000000000	000000000000000
143100106	000000000000000	000000000000000	000000000000000	000000000000000
143100107	000000000000000	000000000000000	000000000000000	000000000000000
143100190	000000000000000	000000000000000	000000000000000	000000000000000
143150100	-00000154521459	000000000000000	000000000000000	000000000000000
143150101	-00000154521459	000000000000000	000000000000000	000000000000000
143150102	000000000000000	000000000000000	000000000000000	000000000000000
143150103	000000000000000	000000000000000	000000000000000	000000000000000
143200100	000000000000000	000000000000000	000000000000000	000367661365569
143200101	000000000000000	000000000000000	000000000000000	000000000000000
143200102	000000000000000	000000000000000	000000000000000	000269191229404
143200103	000000000000000	000000000000000	000000000000000	000000000000000
143200104	000000000000000	000000000000000	000000000000000	000098470136164
143200105	000000000000000	000000000000000	000000000000000	000000000000000
143200106	000000000000000	000000000000000	000000000000000	000000000000001
143200107	000000000000000	000000000000000	000000000000000	000000000000000
143200108	000000000000000	000000000000000	000000000000000	000000000000000
143200190	000000000000000	000000000000000	000000000000000	000000000000000
143250100	000000000000000	000000000000000	000000000000000	-00000733596728
143250101	000000000000000	000000000000000	000000000000000	-00000733596728
143250102	000000000000000	000000000000000	000000000000000	000000000000000
143250103	000000000000000	000000000000000	000000000000000	000000000000000
143300100	000000000000000	000000000000000	000000000000000	000000000000000
143300101	000000000000000	000000000000000	000000000000000	000000000000000
143300102	000000000000000	000000000000000	000000000000000	000000000000000
143300103	000000000000000	000000000000000	000000000000000	000000000000000
143400100	000000000000000	000000000000000	000000000000000	000000000000000
143400101	000000000000000	000000000000000	000000000000000	000000000000000
143400102	000000000000000	000000000000000	000000000000000	000000000000000
143400103	000000000000000	000000000000000	000000000000000	000000000000000
144000000	013611310891346	020781596609806	000171395810972	003524732241374
145000000	008820239449970	007577272533494	000171989145656	003535726543030
145400100	007183146662578	006610979251048	000000000000000	001318881426336
145400101	007086067627566	003496385034042	000000000000000	001199011234562
145400102	000000000000000	000000000000000	000000000000000	000119870191774
145400103	000000000000000	000000000000000	000000000000000	000000000000000
145400104	000000000143450	000000156520963	000000000000000	000000000000000
145400105	000000001650325	000000459153300	000000000000000	000000000000000
145400106	000097077241237	003113978542743	000000000000000	000000000000000
145400200	000042488786914	000000000000000	000000097091385	001969582187798
145400201	000000000000000	000000000000000	000000000000000	000000000000000
145400202	000042326955224	000000000000000	000000000000000	001407382756454
145400203	000000161831690	000000000000000	000000000000000	000000000000000
145400204	000000000000000	000000000000000	000000097091385	000562199431344
145400205	000000000000000	000000000000000	000000000000000	000000000000000
145400290	000000000000000	000000000000000	000000000000000	000000000000000
145400300	000193815638174	000000000000000	000000000000000	000003003789501
145400400	000113605570430	000000000000000	000000000000000	000010144457966
145400401	000057441594443	000000000000000	000000000000000	000010144457966
145400402	000056163975987	000000000000000	000000000000000	000000000000000
145400500	000364641231451	000000000000000	000000000000000	000232271870265
145400501	000198474326068	000000000000000	000000000000000	000012627969924
145400502	000166166905383	000000000000000	000000000000000	000219643900341
145400600	000917211828902	000901919820648	000171892054271	000000000000000
145400601	000161421895722	000779154539764	000062466093099	000000000000000
145400602	000755789933180	000122765280884	000109425961172	000000000000000
145400700	000000008889756	000052271460438	000000000000000	000000000000000
145400701	000000000000000	000000000000000	000000000000000	000000000000000
145400702	000000000000000	000000000000000	000000000000000	000000000000000
145400703	000000008889756	000052271460438	000000000000000	000000000000000
145400900	000005320841765	000012102001360	000000000000000	000001842811164
145400901	000000000000000	000000000000000	000000000000000	000000000000000
145400902	000001953377671	000006745697955	000000000000000	000000000000000
145400990	000003367464094	000005356303405	000000000000000	000001842811164
146000000	000044717012190	013173869093398	000000000000000	000000000000000
146000100	000000000000000	000001389779458	000000000000000	000000000000000
146000200	000000000325501	000011048461901	000000000000000	000000000000000
146000300	000000000000000	000000000000000	000000000000000	000000000000000
146000400	000042122768281	012999243177117	000000000000000	000000000000000
146000401	000000000000000	000000000000000	000000000000000	000000000000000
146000402	000042122768281	012999243177117	000000000000000	000000000000000
146000500	000000000000000	000000000000000	000000000000000	000000000000000
146000900	000002593918408	000162187674922	000000000000000	000000000000000
146000901	000001089960161	000156614334628	000000000000000	000000000000000
146000902	000000001543821	000005573152406	000000000000000	000000000000000
146000903	000000000000000	000000000000000	000000000000000	000000000000000
146000909	000001502414426	000000000187888	000000000000000	000000000000000
148000000	005448272428125	000030454982914	000000000000000	000072578071909
148000100	003223191923926	000030454982910	000000000000000	000000000000000
148000200	000283920897124	000000000000000	000000000000000	000000004174045
148000300	001939474557261	000000000000000	000000000000000	000072573897864
148000301	001038977437240	000000000000000	000000000000000	000072573897864
148000302	000900497120021	000000000000000	000000000000000	000000000000000
148000400	000000320133503	000000000000004	000000000000000	000000000000000
148000900	000001364916311	000000000000000	000000000000000	000000000000000
148000901	000000000000000	000000000000000	000000000000000	000000000000000
148000902	000001364916311	000000000000000	000000000000000	000000000000000
149000000	-00701917998939	000000000000000	-00000593334684	-00083572373565
149500100	-00297180572819	000000000000000	-00000593334684	-00082520790743
149500101	-00095383474219	000000000000000	-00000524955626	-00062425957727
149500102	-00002843283974	000000000000000	000000000000000	-00001604744400
149500103	-00071941990887	000000000000000	-00000056270049	-00014717716996
149500104	-00035655370786	000000000000000	-00000012109009	-00001531465713
149500105	-00088195519400	000000000000000	000000000000000	-00002240905907
149500109	-00003160933553	000000000000000	000000000000000	000000000000000
149600100	-00038400111618	000000000000000	000000000000000	000000000000000
149600101	-00015859871382	000000000000000	000000000000000	000000000000000
149600102	-00022540240236	000000000000000	000000000000000	000000000000000
149700100	-00366337314502	000000000000000	000000000000000	-00001051582822
149700101	-00199034466354	000000000000000	000000000000000	-00001022854906
149700102	-00167302848148	000000000000000	000000000000000	-00000028727916
150000000	000076657183999	000000000000000	000000000000000	000000112184105
150000100	000000000000000	000000000000000	000000000000000	000000000000000
150000200	000000000000000	000000000000000	000000000000000	000000000000000
150000201	000000000000000	000000000000000	000000000000000	000000000000000
150000202	000000000000000	000000000000000	000000000000000	000000000000000
150000300	000059019451978	000000000000000	000000000000000	000000000000000
150000400	000000000000000	000000000000000	000000000000000	000000000000000
150000500	000008257934927	000000000000000	000000000000000	000000000000000
150000600	000000000000000	000000000000000	000000000000000	000000000000000
150000700	000007276986640	000000000000000	000000000000000	000000000000000
150000800	000002102810454	000000000000000	000000000000000	000000112184105
160000000	000158555899899	000000000000000	000000000000000	000000000000000
160000100	000000000000000	000000000000000	000000000000000	000000000000000
160000200	000000000000000	000000000000000	000000000000000	000000000000000
160000201	000000000000000	000000000000000	000000000000000	000000000000000
160000202	000000000000000	000000000000000	000000000000000	000000000000000
160000203	000000000000000	000000000000000	000000000000000	000000000000000
160000204	000000000000000	000000000000000	000000000000000	000000000000000
160000205	000000000000000	000000000000000	000000000000000	000000000000000
160000206	000000000000000	000000000000000	000000000000000	000000000000000
160000207	000000000000000	000000000000000	000000000000000	000000000000000
160000208	000000000000000	000000000000000	000000000000000	000000000000000
160000209	000000000000000	000000000000000	000000000000000	000000000000000
160000219	000000000000000	000000000000000	000000000000000	000000000000000
160000300	000158555899899	000000000000000	000000000000000	000000000000000
160000301	000347261232780	000000000000000	000000000000000	000000000000000
160000302	000030001565649	000000000000000	000000000000000	000000000000000
160000303	000000000000000	000000000000000	000000000000000	000000000000000
160000309	000002282524600	000000000000000	000000000000000	000000000000000
160000319	-00220989423130	000000000000000	000000000000000	000000000000000
170000000	000189072912696	000000000000000	000000000000000	000000000000000
170000100	000154733748852	000000000000000	000000000000000	000000000000000
170000101	000280407154167	000000000000000	000000000000000	000000000000000
170000102	000047453678929	000000000000000	000000000000000	000000000000000
170000119	-00173127084244	000000000000000	000000000000000	000000000000000
170000200	000034339163844	000000000000000	000000000000000	000000000000000
170000201	000261141876903	000000000000000	000000000000000	000000000000000
170000209	000063198355359	000000000000000	000000000000000	000000000000000
170000219	-00290001068418	000000000000000	000000000000000	000000000000000
175000000	000096716341781	000000162186431	000000000000000	000000000000000
175000100	000089608389200	000000162186431	000000000000000	000000000000000
175000101	000162579807670	000000162186431	000000000000000	000000000000000
175000102	000000000000000	000000000000000	000000000000000	000000000000000
175000119	-00072971418470	000000000000000	000000000000000	000000000000000
175000200	000007107952581	000000000000000	000000000000000	000000000000000
175000201	000028777614663	000000000000000	000000000000000	000000000000000
175000219	-00021669662082	000000000000000	000000000000000	000000000000000
175000300	000000000000000	000000000000000	000000000000000	000000000000000
175000301	000000000000000	000000000000000	000000000000000	000000000000000
175000309	000000000000000	000000000000000	000000000000000	000000000000000
175000319	000000000000000	000000000000000	000000000000000	000000000000000
175000400	000000000000000	000000000000000	000000000000000	000000000000000
175000401	000000000000000	000000000000000	000000000000000	000000000000000
175000409	000000000000000	000000000000000	000000000000000	000000000000000
175000419	000000000000000	000000000000000	000000000000000	000000000000000
180000000	000159869447253	000000000000000	000000000000000	000000000000000
185000000	000556828875866	000000000000000	000000000000000	000000000000000
190000000	000882120129740	000049156479367	000011698525558	000430566964133
190000100	000103512879774	000049087579906	000009994137284	000000000000000
190000101	000103512879774	000049087579906	000009994137284	000000000000000
190000102	000000000000000	000000000000000	000000000000000	000000000000000
190000103	000000000000000	000000000000000	000000000000000	000000000000000
190000200	000004548307039	000000000000000	000000000000000	000343239452283
190000201	000004548307039	000000000000000	000000000000000	000001249417781
190000202	000000000000000	000000000000000	000000000000000	000000000000000
190000203	000000000000000	000000000000000	000000000000000	000023564779791
190000204	000000000000000	000000000000000	000000000000000	000318425254711
190000300	000194726514790	000000000000000	000000000000000	000000526043948
190000301	000044483417817	000000000000000	000000000000000	000000526043948
190000302	000150243096973	000000000000000	000000000000000	000000000000000
190000303	000000000000000	000000000000000	000000000000000	000000000000000
190000400	000000000000000	000000000000000	000000000000000	000000000000000
190000401	000000000000000	000000000000000	000000000000000	000000000000000
190000402	000000000000000	000000000000000	000000000000000	000000000000000
190000500	000471142757992	000000006341847	000000000000000	000073496936291
190000501	000012366474461	000000000000000	000000000000000	000000000000000
190000502	000000000000000	000000000000000	000000000000000	000000000000000
190000503	000349282247908	000000000000000	000000000000000	000000000000000
190000504	000000000000000	000000000000000	000000000000000	000000000000000
190000505	000005846560552	000000000000000	000000000000000	000000000000000
190000509	000103647475071	000000006341847	000000000000000	000073496936291
190000600	000000000000000	000000000000000	000000000000000	000000000000000
190000700	000011405929403	000000000000000	000000000000000	000000000000000
190000701	000017628656634	000000000000000	000000000000000	000000000000000
190000702	-00006222727231	000000000000000	000000000000000	000000000000000
190000800	000000018742398	000000000000000	000000000000000	000000000000000
190000900	000053645092465	000000000000000	000000000000000	000000000000000
190001000	000000000000000	000000000000000	000000000000000	000000000000000
190001100	000000000000000	000000000000000	000000000000000	000000000000000
190001200	000022311304793	000000000000000	000001695172940	000000000000000
190001300	000000000000000	000000000000000	000000000000000	000000000000000
190001400	000005040747059	000000037526959	000000000000000	000009727258357
190001500	000003118590154	000000024935410	000000009215334	000000197882605
190002900	000014465814166	000000000095245	000000000000000	000003379390649
192500100	-00001816550293	000000000000000	000000000000000	000000000000000
192500101	-00000367997648	000000000000000	000000000000000	000000000000000
192500102	-00000048488000	000000000000000	000000000000000	000000000000000
192500103	-00001400064645	000000000000000	000000000000000	000000000000000
195000000	000033450114564	000000000000000	000000000000000	000000000000000
195000100	000032847158949	000000000000000	000000000000000	000000000000000
195000101	000005075398959	000000000000000	000000000000000	000000000000000
195000102	000027853630361	000000000000000	000000000000000	000000000000000
195000103	-00000081870371	000000000000000	000000000000000	000000000000000
195000200	000000602955615	000000000000000	000000000000000	000000000000000
195000201	000000000000000	000000000000000	000000000000000	000000000000000
195000202	000000000000000	000000000000000	000000000000000	000000000000000
195000203	000000000000000	000000000000000	000000000000000	000000000000000
195000204	000000602955615	000000000000000	000000000000000	000000000000000
195000219	000000000000000	000000000000000	000000000000000	000000000000000
195000300	000000000000000	000000000000000	000000000000000	000000000000000
200000000	027902128880727	011090240930431	000001428022200	007478642470964
207000000	000113132790274	000000000000000	000000000000000	000170472369214
207000100	000000000000000	000000000000000	000000000000000	000000000000000
207000101	000000000000000	000000000000000	000000000000000	000000000000000
207000102	000000000000000	000000000000000	000000000000000	000000000000000
207000200	000000000000000	000000000000000	000000000000000	000014403835200
207000300	000113132790274	000000000000000	000000000000000	000156068534014
207000301	000052257197412	000000000000000	000000000000000	000000000000000
207000309	000016701019257	000000000000000	000000000000000	000155852366928
207000311	000044174573605	000000000000000	000000000000000	000000206777250
207000319	000000000000000	000000000000000	000000000000000	000000009389836
210000000	002110261259956	000000000000000	000000000000000	000335534888654
211000100	002109681310476	000000000000000	000000000000000	000335124955225
211000101	000231420158068	000000000000000	000000000000000	000010212398983
211000102	001873155330018	000000000000000	000000000000000	000324912556242
211000103	000004150643465	000000000000000	000000000000000	000000000000000
211000104	000000955178925	000000000000000	000000000000000	000000000000000
211000105	000000000000000	000000000000000	000000000000000	000000000000000
211000190	000000000000000	000000000000000	000000000000000	000000000000000
213000100	000000579949480	000000000000000	000000000000000	000000409933429
213000101	000000000000000	000000000000000	000000000000000	000000000000000
213000102	000000000000000	000000000000000	000000000000000	000000000000000
213000103	000000000000000	000000000000000	000000000000000	000000000000000
213000109	000000579949480	000000000000000	000000000000000	000000409933429
218000000	000000000000000	000000000000000	000000000000000	000000000000000
218000001	000000000000000	000000000000000	000000000000000	000000000000000
218000002	000000000000000	000000000000000	000000000000000	000000000000000
218000003	000000000000000	000000000000000	000000000000000	000000000000000
218000009	000000000000000	000000000000000	000000000000000	000000000000000
230000000	000141039810469	000000000000000	000000000000000	000000000000000
230000100	000141039810469	000000000000000	000000000000000	000000000000000
230000101	000000000000000	000000000000000	000000000000000	000000000000000
230000102	000141039810469	000000000000000	000000000000000	000000000000000
230000103	000000000000000	000000000000000	000000000000000	000000000000000
230000104	000000000000000	000000000000000	000000000000000	000000000000000
230000105	000000000000000	000000000000000	000000000000000	000000000000000
230000190	000000000000000	000000000000000	000000000000000	000000000000000
240000000	023302440689015	009647412521256	000000176117112	006669785883771
241000000	012281831487679	000072062996083	000000000000000	001909408143959
241000100	009962060630056	000000000000000	000000000000000	001807358497573
241000101	000006512582695	000000000000000	000000000000000	000002262173238
241000102	000063878368782	000000000000000	000000000000000	000000000000000
241000103	006319066439897	000000000000000	000000000000000	001445250344232
241000104	003572603238682	000000000000000	000000000000000	000359845980103
241000200	000652074828404	000000000000000	000000000000000	000000000000000
241000201	000000000000000	000000000000000	000000000000000	000000000000000
241000202	000652074828404	000000000000000	000000000000000	000000000000000
241000300	000459254622606	000000000000000	000000000000000	000000000000000
241000301	000459254622606	000000000000000	000000000000000	000000000000000
241000400	000000000000000	000000000000000	000000000000000	000000000000000
241000401	000000000000000	000000000000000	000000000000000	000000000000000
241000402	000000000000000	000000000000000	000000000000000	000000000000000
241000500	001208441406613	000072062996083	000000000000000	000102049646386
241000501	000000000000000	000000000000000	000000000000000	000000000000000
241000502	000000000000000	000000000000000	000000000000000	000000000000000
241000503	000000000000000	000000000000000	000000000000000	000000000000000
241000504	000000000000000	000000000000000	000000000000000	000000000000000
241000505	000073847656489	000070719348240	000000000000000	000000000000000
241000506	000107046650590	000000000000000	000000000000000	000000000000000
241000507	000000000000000	000000000000000	000000000000000	000000006845133
241000508	000014313566815	000000000000000	000000000000000	000000863402030
241000509	000355590632748	000000000000000	000000000000000	000017005542874
241000510	000036710027225	000000000000000	000000000000000	000005588427454
241000511	000085881724024	000000000000000	000000000000000	000015804904441
241000512	000000000000000	000000000000000	000000000000000	000000000000000
241000513	000000000000000	000000000000000	000000000000000	000000000000000
241000590	000535051148722	000001343647843	000000000000000	000062780524454
242000000	010622323709673	001951986041705	000000000000000	001594392865484
242000100	010574858943307	001619207370158	000000000000000	001570763420097
242000200	000045291995597	000329302162780	000000000000000	000000000000000
242000201	000008161063541	000155831656506	000000000000000	000000000000000
242000202	000037130932056	000173470506274	000000000000000	000000000000000
242000300	000002172770769	000003476508767	000000000000000	000023629445387
242000301	000002172770769	000003476508767	000000000000000	000023629445387
242000302	000000000000000	000000000000000	000000000000000	000000000000000
242000390	000000000000000	000000000000000	000000000000000	000000000000000
243000000	000105748696297	000000000000000	000000000000000	000004044807835
243000100	000000000000000	000000000000000	000000000000000	000000000000000
243000101	000000000000000	000000000000000	000000000000000	000000000000000
243000102	000000000000000	000000000000000	000000000000000	000000000000000
243000103	000000000000000	000000000000000	000000000000000	000000000000000
243000200	000000000000000	000000000000000	000000000000000	000000000000000
243000201	000000000000000	000000000000000	000000000000000	000000000000000
243000202	000000000000000	000000000000000	000000000000000	000000000000000
243000203	000000000000000	000000000000000	000000000000000	000000000000000
243000300	000105748696297	000000000000000	000000000000000	000004044807835
243000301	000105748696297	000000000000000	000000000000000	000004044807835
243000302	000000000000000	000000000000000	000000000000000	000000000000000
243000400	000000000000000	000000000000000	000000000000000	000000000000000
243000401	000000000000000	000000000000000	000000000000000	000000000000000
243000402	000000000000000	000000000000000	000000000000000	000000000000000
244000000	000000000004000	000000000000000	000000176117112	001103292155162
244250000	000000000004000	000000000000000	000000000000000	000000000000000
244250100	000000000000000	000000000000000	000000000000000	000000000000000
244250101	000000000000000	000000000000000	000000000000000	000000000000000
244250102	000000000000000	000000000000000	000000000000000	000000000000000
244250103	000000000000000	000000000000000	000000000000000	000000000000000
244250200	000000000004000	000000000000000	000000000000000	000000000000000
244250201	000000000000000	000000000000000	000000000000000	000000000000000
244250202	000000000000000	000000000000000	000000000000000	000000000000000
244250203	000000000004000	000000000000000	000000000000000	000000000000000
244250204	000000000000000	000000000000000	000000000000000	000000000000000
244250209	000000000000000	000000000000000	000000000000000	000000000000000
244500000	000000000000000	000000000000000	000000176117112	001103292155162
244500100	000000000000000	000000000000000	000000176117112	000951444005390
244500101	000000000000000	000000000000000	000000176117112	000904808151078
244500102	000000000000000	000000000000000	000000000000000	000046635854312
244500103	000000000000000	000000000000000	000000000000000	000000000000000
244500200	000000000000000	000000000000000	000000000000000	000151848149772
244500201	000000000000000	000000000000000	000000000000000	000000000000000
244500202	000000000000000	000000000000000	000000000000000	000150775388545
244500203	000000000000000	000000000000000	000000000000000	000001072761227
244500204	000000000000000	000000000000000	000000000000000	000000000000000
244500209	000000000000000	000000000000000	000000000000000	000000000000000
244700000	000000000000000	000000000000000	000000000000000	000000000000000
244700100	000000000000000	000000000000000	000000000000000	000000000000000
244700200	000000000000000	000000000000000	000000000000000	000000000000000
244900000	000000000000000	000000000000000	000000000000000	000000000000000
244900100	000000000000000	000000000000000	000000000000000	000000000000000
244900200	000000000000000	000000000000000	000000000000000	000000000000000
245000000	000106528129059	007623363483468	000000000000000	001960177775166
245000100	000000000000000	000000850321916	000000000000000	000000000000000
245000101	000000000000000	000000849692928	000000000000000	000000000000000
245000102	000000000000000	000000000628988	000000000000000	000000000000000
245000200	000106528129059	007622513161552	000000000000000	001960177775166
245000201	000106528129059	007622513161552	000000000000000	001960177775166
245000203	000000000000000	000000000000000	000000000000000	000000000000000
246000000	000186008662307	000000000000000	000000000000000	000098470136165
246000100	000000000000000	000000000000000	000000000000000	000000000000000
246000101	000000000000000	000000000000000	000000000000000	000000000000000
246000102	000000000000000	000000000000000	000000000000000	000000000000000
246000200	000186008662307	000000000000000	000000000000000	000098470136165
246000201	000000000000000	000000000000000	000000000000000	000000000000000
246000202	000000000000000	000000000000000	000000000000000	000000000000000
246000203	000000000000000	000000000000000	000000000000000	000000000000000
246000204	000186008662307	000000000000000	000000000000000	000000000000000
246000205	000000000000000	000000000000000	000000000000000	000000000000000
246000206	000000000000000	000000000000000	000000000000000	000000000000000
246000207	000000000000000	000000000000000	000000000000000	000000000000000
246000208	000000000000000	000000000000000	000000000000000	000098470136165
246000290	000000000000000	000000000000000	000000000000000	000000000000000
246000300	000000000000000	000000000000000	000000000000000	000000000000000
246000301	000000000000000	000000000000000	000000000000000	000000000000000
246000302	000000000000000	000000000000000	000000000000000	000000000000000
246000303	000000000000000	000000000000000	000000000000000	000000000000000
246000304	000000000000000	000000000000000	000000000000000	000000000000000
246000305	000000000000000	000000000000000	000000000000000	000000000000000
246000390	000000000000000	000000000000000	000000000000000	000000000000000
250000000	000091429274145	000000000000000	000000000000000	000000000000000
255000000	000000000000000	001068879381832	000000000000000	000000000000000
255000100	000000000000000	001068879381832	000000000000000	000000000000000
255000101	000000000000000	000000000000000	000000000000000	000000000000000
255000102	000000000000000	001068879381832	000000000000000	000000000000000
255000200	000000000000000	000000000000000	000000000000000	000000000000000
255000300	000000000000000	000000000000000	000000000000000	000000000000000
260000000	000194752809211	000000000000000	000000000000000	000000000000000
260000100	000151633369437	000000000000000	000000000000000	000000000000000
260000101	000143305628562	000000000000000	000000000000000	000000000000000
260000102	000000000000000	000000000000000	000000000000000	000000000000000
260000103	000000000000000	000000000000000	000000000000000	000000000000000
260000104	000008327740875	000000000000000	000000000000000	000000000000000
260000105	000000000000000	000000000000000	000000000000000	000000000000000
260000106	000000000000000	000000000000000	000000000000000	000000000000000
260000107	000000000000000	000000000000000	000000000000000	000000000000000
260000109	000000000000000	000000000000000	000000000000000	000000000000000
260000200	000000000000000	000000000000000	000000000000000	000000000000000
260000300	000000000000000	000000000000000	000000000000000	000000000000000
260000400	000001591526228	000000000000000	000000000000000	000000000000000
260000500	000040620597190	000000000000000	000000000000000	000000000000000
260000600	000000907316356	000000000000000	000000000000000	000000000000000
260000900	000000000000000	000000000000000	000000000000000	000000000000000
265000000	000597227583074	000000000000000	000000000000000	000000000000000
265000100	000597227583074	000000000000000	000000000000000	000000000000000
265000101	000597227583074	000000000000000	000000000000000	000000000000000
265000102	000000000000000	000000000000000	000000000000000	000000000000000
265000200	000000000000000	000000000000000	000000000000000	000000000000000
265000300	000000000000000	000000000000000	000000000000000	000000000000000
270000000	000761755817789	000000000000000	000000002156590	000012426273448
271000000	000055108086718	000000000000000	000000002156590	000012426273448
271000100	000000000000000	000000000000000	000000000000000	000004955911407
271000200	000000187881649	000000000000000	000000000000000	000000852177542
271000400	000045071229495	000000000000000	000000000000000	000002908059394
271000500	000000000000000	000000000000000	000000000000000	000000000000000
271000501	000000000000000	000000000000000	000000000000000	000000000000000
271000502	000000000000000	000000000000000	000000000000000	000000000000000
271000503	000000000000000	000000000000000	000000000000000	000000000000000
271000504	000000000000000	000000000000000	000000000000000	000000000000000
271000505	000000000000000	000000000000000	000000000000000	000000000000000
271000600	000001572657116	000000000000000	000000000000000	000000000000000
271000601	000000000000000	000000000000000	000000000000000	000000000000000
271000602	000001572657116	000000000000000	000000000000000	000000000000000
271000700	000008276318458	000000000000000	000000002156590	000003710125105
271000701	000003761958692	000000000000000	000000002156590	000000016874653
271000702	000000852988552	000000000000000	000000000000000	000001122919088
271000703	000000904772061	000000000000000	000000000000000	000000000000000
271000704	000002756599153	000000000000000	000000000000000	000002570331364
271000705	000000000000000	000000000000000	000000000000000	000000000000000
271000800	000000000000000	000000000000000	000000000000000	000000000000000
271000900	000000000000000	000000000000000	000000000000000	000000000000000
272000000	000006395853933	000000000000000	000000000000000	000000000000000
273000000	000000000000000	000000000000000	000000000000000	000000000000000
274000000	000700251877138	000000000000000	000000000000000	000000000000000
274000100	000700251877138	000000000000000	000000000000000	000000000000000
274000200	000000000000000	000000000000000	000000000000000	000000000000000
274000300	000000000000000	000000000000000	000000000000000	000000000000000
275000000	000000000000000	000000000000000	000000000000000	000000000000000
275000100	000000000000000	000000000000000	000000000000000	000000000000000
275000200	000000000000000	000000000000000	000000000000000	000000000000000
275000300	000000000000000	000000000000000	000000000000000	000000000000000
275000400	000000000000000	000000000000000	000000000000000	000000000000000
275000500	000000000000000	000000000000000	000000000000000	000000000000000
275000600	000000000000000	000000000000000	000000000000000	000000000000000
279000000	000000000000000	000000000000000	000000000000000	000000000000000
279000100	000000000000000	000000000000000	000000000000000	000000000000000
279000200	000000000000000	000000000000000	000000000000000	000000000000000
279000300	000000000000000	000000000000000	000000000000000	000000000000000
280000000	000000132347023	000000000000000	000000000000000	000000000000000
285000000	000000166499119	000000000000000	000000000000000	000000000000000
290000000	000589790000652	000373949027343	000001249748498	000290423055877
290000100	000000000036000	000000000000000	000000000000000	000176520345453
290000101	000000000000000	000000000000000	000000000000000	000000000000000
290000102	000000000000000	000000000000000	000000000000000	000000000000000
290000103	000000000036000	000000000000000	000000000000000	000012788679791
290000104	000000000000000	000000000000000	000000000000000	000163731665662
290000200	000192514402236	000000000000000	000000000000000	000000656099864
290000201	000042223325412	000000000000000	000000000000000	000000656099864
290000202	000150291076824	000000000000000	000000000000000	000000000000000
290000203	000000000000000	000000000000000	000000000000000	000000000000000
290000300	000309213252923	000011471041934	000001245720490	000103803196950
290000301	000000000000000	000000000000000	000000000000000	000000000000000
290000302	000009451853176	000000000000000	000000000000000	000000000000000
290000303	000003744545467	000000000000000	000000000000000	000000000000000
290000304	000000030813635	000000000000000	000000000000000	000000000000000
290000305	000033988533879	000000000000000	000000000000000	000000000000000
290000306	000000000000000	000000000000000	000000000000000	000000000000000
290000307	000005421191014	000000000000000	000000000000000	000000000000000
290000308	000095508699719	000000000000000	000000000000000	000000590722370
290000309	000021880801922	000000000000000	000000000000000	000000000000000
290000390	000139186814111	000011471041934	000001245720490	000103212474580
290000400	000000000000000	000000000000000	000000000000000	000000000000000
290000500	000013466876840	000000000000000	000000000000000	000000000000000
290000501	000013466876840	000000000000000	000000000000000	000000000000000
290000502	000000000000000	000000000000000	000000000000000	000000000000000
290000700	000000000000000	000000000000000	000000000000000	000000000000000
290000800	000037015787880	000000000000000	000000000000000	000002767710921
290000801	000000000000000	000000000000000	000000000000000	000000000000000
290000802	000001198678995	000000000000000	000000000000000	000000000000000
290000803	000000652891986	000000000000000	000000000000000	000000000000000
290000809	000035164216899	000000000000000	000000000000000	000002767710921
290000900	000004010180490	000000000000000	000000000000000	000000066298035
290001000	000000189210803	000000293314700	000000000000000	000000000000000
290001100	000001349391102	000000124976424	000000003974269	000000053489376
290001200	000032030862378	000362059694285	000000000053739	000006555915278
295000000	000000000000000	000000000000000	000000000000000	000000000000000
300000000	004443978107156	001030197756158	000032012858264	000116812654876
310000000	002420538367471	000000000000000	000000000000000	000000000000000
311000000	002418833181067	000000000000000	000000000000000	000000000000000
311000100	001493173801395	000000000000000	000000000000000	000000000000000
311000200	000913889577566	000000000000000	000000000000000	000000000000000
311000300	000000000000000	000000000000000	000000000000000	000000000000000
311000400	000000000000000	000000000000000	000000000000000	000000000000000
311000500	000000000000000	000000000000000	000000000000000	000000000000000
311000600	000011769802106	000000000000000	000000000000000	000000000000000
312000000	000001705186404	000000000000000	000000000000000	000000000000000
313000000	000000000000000	000000000000000	000000000000000	000000000000000
320000000	000709741690467	000000000000000	000000000000000	000000000000000
320000100	000038249538976	000000000000000	000000000000000	000000000000000
320000200	000671492151491	000000000000000	000000000000000	000000000000000
320000300	000000000000000	000000000000000	000000000000000	000000000000000
320000400	000000000000000	000000000000000	000000000000000	000000000000000
330000000	000003777496988	000000000000000	000000000000000	000000000000000
331000000	000007552148173	000000000000000	000000000000000	000000000000000
331000100	-00000216824600	000000000000000	000000000000000	000000000000000
331000200	000007768972773	000000000000000	000000000000000	000000000000000
331000201	000005852394520	000000000000000	000000000000000	000000000000000
331000202	000001916578253	000000000000000	000000000000000	000000000000000
331000203	000000000000000	000000000000000	000000000000000	000000000000000
331000209	000000000000000	000000000000000	000000000000000	000000000000000
331000300	000000000000000	000000000000000	000000000000000	000000000000000
331000400	000000000000000	000000000000000	000000000000000	000000000000000
331000500	000000000000000	000000000000000	000000000000000	000000000000000
331000900	000000000000000	000000000000000	000000000000000	000000000000000
332000000	-00003774651185	000000000000000	000000000000000	000000000000000
332000100	000005552107890	000000000000000	000000000000000	000000000000000
332000200	000000000000000	000000000000000	000000000000000	000000000000000
332000300	000000000000000	000000000000000	000000000000000	000000000000000
332000400	-00009279108842	000000000000000	000000000000000	000000000000000
332000500	000000000000000	000000000000000	000000000000000	000000000000000
332000600	-00000047650233	000000000000000	000000000000000	000000000000000
332000700	000000000000000	000000000000000	000000000000000	000000000000000
332000900	000000000000000	000000000000000	000000000000000	000000000000000
340000000	001878778115676	000000000000000	000000000000000	000000000000000
340000100	001878778115676	000000000000000	000000000000000	000000000000000
340000200	000000000000000	000000000000000	000000000000000	000000000000000
350000000	000028368343259	001030197756158	000032012858264	000116812654876
360000000	-00597227583074	000000000000000	000000000000000	000000000000000
360000100	-00597227583074	000000000000000	000000000000000	000000000000000
360000101	-00597227583074	000000000000000	000000000000000	000000000000000
360000102	000000000000000	000000000000000	000000000000000	000000000000000
360000200	000000000000000	000000000000000	000000000000000	000000000000000
360000300	000000000000000	000000000000000	000000000000000	000000000000000
365000000	000000000000000	000000000000000	000000000000000	000000000000000
380000000	004443976430787	001030197756158	000032012858264	000116812654876
390000000	000000001676369	000000000000000	000000000000000	000000000000000
500000000	014613270557194	020781596609806	000171989145656	003975965980508
505000000	014613270557194	020781596609806	000171989145656	003975965980508
510000000	032346106987883	012120438686589	000033440880464	007595455125840
