028	BANCO BICE                              
4100000	 0000000048049,00	 0000000060592,00	 0000000002671,00	 0000000012390,00
4100100	 0000000000007,00	 0000000000000,00	 0000000000000,00	 0000000000000,00
4100101	 0000000000007,00	 0000000000000,00	 0000000000000,00	 0000000000000,00
4100151	 0000000000000,00	 0000000000000,00	 0000000000000,00	 0000000000000,00
4100200	 0000000000397,00	 0000000000000,00	 0000000000000,00	 0000000000071,00
4100201	 0000000000397,00	 0000000000000,00	 0000000000000,00	 0000000000071,00
4100251	 0000000000000,00	 0000000000000,00	 0000000000000,00	 0000000000000,00
4100300	 0000000036125,00	 0000000042285,00	 0000000002671,00	 0000000010649,00
4100301	 0000000032245,00	 0000000018257,00	 0000000001756,00	 0000000008357,00
4100309	 0000000000088,00	 0000000000000,00	 0000000000054,00	 0000000002249,00
4100310	 0000000001758,00	 0000000000000,00	 0000000000000,00	 0000000000043,00
4100320	 0000000000000,00	 0000000000001,00	 0000000000000,00	 0000000000000,00
4100330	 0000000001222,00	 0000000006689,00	 0000000000861,00	 0000000000000,00
4100340	 0000000000001,00	 0000000000000,00	 0000000000000,00	 0000000000000,00
4100351	 0000000000001,00	 0000000013292,00	 0000000000000,00	 0000000000000,00
4100359	 0000000000000,00	 0000000000000,00	 0000000000000,00	 0000000000000,00
4100360	 0000000000000,00	 0000000000000,00	 0000000000000,00	 0000000000000,00
4100370	 0000000000000,00	 0000000000001,00	 0000000000000,00	 0000000000000,00
4100380	 0000000000000,00	 0000000004045,00	 0000000000000,00	 0000000000000,00
4100390	 0000000000000,00	 0000000000000,00	 0000000000000,00	 0000000000000,00
4100399	 0000000000810,00	 0000000000000,00	 0000000000000,00	 0000000000000,00
4100400	 0000000000079,00	 0000000017858,00	 0000000000000,00	 0000000000000,00
4100401	 0000000000000,00	 0000000000054,00	 0000000000000,00	 0000000000000,00
4100402	 0000000000079,00	 0000000000000,00	 0000000000000,00	 0000000000000,00
4100403	 0000000000000,00	 0000000000000,00	 0000000000000,00	 0000000000000,00
4100405	 0000000000000,00	 0000000010115,00	 0000000000000,00	 0000000000000,00
4100407	 0000000000000,00	 0000000000000,00	 0000000000000,00	 0000000000000,00
4100408	 0000000000000,00	 0000000000000,00	 0000000000000,00	 0000000000000,00
4100420	 0000000000000,00	 0000000000000,00	 0000000000000,00	 0000000000000,00
4100430	 0000000000000,00	 0000000000000,00	 0000000000000,00	 0000000000000,00
4100451	 0000000000000,00	 0000000000036,00	 0000000000000,00	 0000000000000,00
4100452	 0000000000000,00	 0000000000000,00	 0000000000000,00	 0000000000000,00
4100455	 0000000000000,00	 0000000007653,00	 0000000000000,00	 0000000000000,00
4100457	 0000000000000,00	 0000000000000,00	 0000000000000,00	 0000000000000,00
4100458	 0000000000000,00	 0000000000000,00	 0000000000000,00	 0000000000000,00
4100480	 0000000000000,00	 0000000000000,00	 0000000000000,00	 0000000000000,00
4100490	 0000000000000,00	 0000000000000,00	 0000000000000,00	 0000000000000,00
4100499	 0000000000000,00	 0000000000000,00	 0000000000000,00	 0000000000000,00
4100500	 0000000004535,00	 0000000000261,00	 0000000000000,00	 0000000001566,00
4100501	 0000000003427,00	 0000000000177,00	 0000000000000,00	 0000000000000,00
4100510	 0000000000007,00	 0000000000000,00	 0000000000000,00	 0000000001566,00
4100520	 0000000001023,00	 0000000000000,00	 0000000000000,00	 0000000000000,00
4100530	 0000000000000,00	 0000000000000,00	 0000000000000,00	 0000000000000,00
4100540	 0000000000000,00	 0000000000000,00	 0000000000000,00	 0000000000000,00
4100590	 0000000000000,00	 0000000000084,00	 0000000000000,00	 0000000000000,00
4100599	 0000000000078,00	 0000000000000,00	 0000000000000,00	 0000000000000,00
4100600	 0000000003180,00	 0000000000168,00	 0000000000000,00	 0000000000048,00
4100601	 0000000003180,00	 0000000000049,00	 0000000000000,00	 0000000000048,00
4100621	 0000000000000,00	 0000000000000,00	 0000000000000,00	 0000000000000,00
4100651	 0000000000000,00	 0000000000119,00	 0000000000000,00	 0000000000000,00
4100671	 0000000000000,00	 0000000000000,00	 0000000000000,00	 0000000000000,00
4100800	 0000000003726,00	 0000000000020,00	 0000000000000,00	 0000000000056,00
4100801	 0000000000000,00	 0000000000000,00	 0000000000000,00	 0000000000000,00
4100804	 0000000000000,00	 0000000000000,00	 0000000000000,00	 0000000000049,00
4100810	 0000000003724,00	 0000000000000,00	 0000000000000,00	 0000000000007,00
4100850	 0000000000002,00	 0000000000020,00	 0000000000000,00	 0000000000000,00
4100900	 0000000000000,00	 0000000000000,00	 0000000000000,00	 0000000000000,00
4150000	-0000000030879,00	-0000000037848,00	-0000000001034,00	-0000000003705,00
4150100	 0000000000000,00	-0000000000317,00	 0000000000000,00	 0000000000000,00
4150101	 0000000000000,00	 0000000000000,00	 0000000000000,00	 0000000000000,00
4150102	 0000000000000,00	 0000000000000,00	 0000000000000,00	 0000000000000,00
4150103	 0000000000000,00	 0000000000000,00	 0000000000000,00	 0000000000000,00
4150151	 0000000000000,00	-0000000000317,00	 0000000000000,00	 0000000000000,00
4150200	-0000000000741,00	-0000000000051,00	 0000000000000,00	-0000000000001,00
4150201	-0000000000741,00	-0000000000051,00	 0000000000000,00	-0000000000001,00
4150251	 0000000000000,00	 0000000000000,00	 0000000000000,00	 0000000000000,00
4150300	-0000000029394,00	-0000000017396,00	 0000000000000,00	-0000000000692,00
4150301	-0000000029394,00	-0000000006349,00	 0000000000000,00	-0000000000692,00
4150302	 0000000000000,00	-0000000000041,00	 0000000000000,00	 0000000000000,00
4150309	 0000000000000,00	 0000000000000,00	 0000000000000,00	 0000000000000,00
4150351	 0000000000000,00	-0000000010933,00	 0000000000000,00	 0000000000000,00
4150352	 0000000000000,00	-0000000000073,00	 0000000000000,00	 0000000000000,00
4150359	 0000000000000,00	 0000000000000,00	 0000000000000,00	 0000000000000,00
4150400	 0000000000000,00	 0000000000000,00	-0000000000012,00	-0000000000301,00
4150401	 0000000000000,00	 0000000000000,00	-0000000000012,00	-0000000000301,00
4150451	 0000000000000,00	 0000000000000,00	 0000000000000,00	 0000000000000,00
4150500	-0000000000744,00	-0000000019575,00	 0000000000000,00	-0000000002081,00
4150501	 0000000000000,00	-0000000000181,00	 0000000000000,00	 0000000000000,00
4150511	-0000000000744,00	-0000000006816,00	 0000000000000,00	-0000000002081,00
4150521	 0000000000000,00	-0000000003690,00	 0000000000000,00	 0000000000000,00
4150522	 0000000000000,00	 0000000000000,00	 0000000000000,00	 0000000000000,00
4150551	 0000000000000,00	-0000000000125,00	 0000000000000,00	 0000000000000,00
4150561	 0000000000000,00	-0000000006276,00	 0000000000000,00	 0000000000000,00
4150571	 0000000000000,00	-0000000002487,00	 0000000000000,00	 0000000000000,00
4150572	 0000000000000,00	 0000000000000,00	 0000000000000,00	 0000000000000,00
4150600	 0000000000000,00	-0000000000463,00	-0000000001022,00	-0000000000630,00
4150601	 0000000000000,00	-0000000000221,00	-0000000001022,00	-0000000000630,00
4150651	 0000000000000,00	-0000000000242,00	 0000000000000,00	 0000000000000,00
4150800	 0000000000000,00	-0000000000046,00	 0000000000000,00	 0000000000000,00
4150801	 0000000000000,00	 0000000000000,00	 0000000000000,00	 0000000000000,00
4150851	 0000000000000,00	-0000000000046,00	 0000000000000,00	 0000000000000,00
4150900	 0000000000000,00	 0000000000000,00	 0000000000000,00	 0000000000000,00
4200000	 0000000022030,00	 0000000000000,00	 0000000000082,00	 0000000000469,00
4200100	 0000000002642,00	 0000000000000,00	 0000000000000,00	 0000000000000,00
4200200	 0000000000108,00	 0000000000000,00	 0000000000082,00	 0000000000168,00
4200300	 0000000002492,00	 0000000000000,00	 0000000000000,00	 0000000000000,00
4200303	 0000000000000,00	 0000000000000,00	 0000000000000,00	 0000000000000,00
4200304	 0000000000239,00	 0000000000000,00	 0000000000000,00	 0000000000000,00
4200305	 0000000000879,00	 0000000000000,00	 0000000000000,00	 0000000000000,00
4200306	 0000000001175,00	 0000000000000,00	 0000000000000,00	 0000000000000,00
4200307	 0000000000000,00	 0000000000000,00	 0000000000000,00	 0000000000000,00
4200309	 0000000000199,00	 0000000000000,00	 0000000000000,00	 0000000000000,00
4200400	 0000000000184,00	 0000000000000,00	 0000000000000,00	 0000000000000,00
4200500	 0000000001696,00	 0000000000000,00	 0000000000000,00	 0000000000044,00
4200600	 0000000003327,00	 0000000000000,00	 0000000000000,00	 0000000000000,00
4200700	 0000000009729,00	 0000000000000,00	 0000000000000,00	 0000000000000,00
4200800	 0000000000750,00	 0000000000000,00	 0000000000000,00	 0000000000000,00
4200900	 0000000001102,00	 0000000000000,00	 0000000000000,00	 0000000000257,00
4250000	-0000000001937,00	 0000000000000,00	 0000000000000,00	-0000000001271,00
4250100	-0000000001430,00	 0000000000000,00	 0000000000000,00	 0000000000000,00
4250101	-0000000000537,00	 0000000000000,00	 0000000000000,00	 0000000000000,00
4250102	-0000000000893,00	 0000000000000,00	 0000000000000,00	 0000000000000,00
4250190	 0000000000000,00	 0000000000000,00	 0000000000000,00	 0000000000000,00
4250200	-0000000000452,00	 0000000000000,00	 0000000000000,00	-0000000000116,00
4250300	-0000000000055,00	 0000000000000,00	 0000000000000,00	-0000000001155,00
4300000	-0000000001288,00	 0000000001219,00	 0000000000000,00	 0000000001194,00
4300100	 0000000003965,00	 0000000001198,00	 0000000000000,00	 0000000000129,00
4300101	 0000000002498,00	 0000000000926,00	 0000000000000,00	 0000000000128,00
4300102	 0000000000522,00	 0000000000000,00	 0000000000000,00	 0000000000000,00
4300103	 0000000000666,00	 0000000000337,00	 0000000000000,00	 0000000000001,00
4300104	-0000000000053,00	-0000000000065,00	 0000000000000,00	 0000000000000,00
4300190	 0000000000332,00	 0000000000000,00	 0000000000000,00	 0000000000000,00
4300200	-0000000005285,00	 0000000000000,00	 0000000000000,00	 0000000001065,00
4300300	 0000000000032,00	 0000000000021,00	 0000000000000,00	 0000000000000,00
4300400	 0000000000000,00	 0000000000000,00	 0000000000000,00	 0000000000000,00
4300500	 0000000000000,00	 0000000000000,00	 0000000000000,00	 0000000000000,00
4350000	 0000000008101,00	 0000000000000,00	 0000000001234,00	 0000000000000,00
4350100	 0000000008292,00	 0000000000000,00	 0000000000000,00	 0000000000000,00
4350200	-0000000000191,00	 0000000000000,00	 0000000001234,00	 0000000000000,00
4350900	 0000000000000,00	 0000000000000,00	 0000000000000,00	 0000000000000,00
4400000	 0000000001381,00	 0000000000000,00	 0000000000001,00	 0000000000254,00
4400100	 0000000000116,00	 0000000000000,00	 0000000000000,00	 0000000000000,00
4400200	 0000000000005,00	 0000000000000,00	 0000000000000,00	 0000000000000,00
4400290	 0000000000000,00	 0000000000000,00	 0000000000000,00	 0000000000000,00
4400300	 0000000001260,00	 0000000000000,00	 0000000000001,00	 0000000000254,00
4500000	-0000000002958,00	 0000000000000,00	 0000000000000,00	 0000000000000,00
4500100	-0000000002855,00	 0000000000000,00	 0000000000000,00	 0000000000000,00
4500101	-0000000002112,00	 0000000000000,00	 0000000000000,00	 0000000000000,00
4500111	-0000000000028,00	 0000000000000,00	 0000000000000,00	 0000000000000,00
4500112	-0000000000665,00	 0000000000000,00	 0000000000000,00	 0000000000000,00
4500190	-0000000000050,00	 0000000000000,00	 0000000000000,00	 0000000000000,00
4500200	-0000000000100,00	 0000000000000,00	 0000000000000,00	 0000000000000,00
4500700	-0000000000581,00	 0000000000000,00	 0000000000000,00	 0000000000000,00
4500701	-0000000000246,00	 0000000000000,00	 0000000000000,00	 0000000000000,00
4500702	-0000000000311,00	 0000000000000,00	 0000000000000,00	 0000000000000,00
4500703	-0000000000024,00	 0000000000000,00	 0000000000000,00	 0000000000000,00
4500800	 0000000000000,00	 0000000000000,00	 0000000000000,00	 0000000000000,00
4500801	 0000000000000,00	 0000000000000,00	 0000000000000,00	 0000000000000,00
4500802	 0000000000000,00	 0000000000000,00	 0000000000000,00	 0000000000000,00
4500803	 0000000000000,00	 0000000000000,00	 0000000000000,00	 0000000000000,00
4500900	 0000000000578,00	 0000000000000,00	 0000000000000,00	 0000000000000,00
4500901	 0000000000430,00	 0000000000000,00	 0000000000000,00	 0000000000000,00
4500911	 0000000000000,00	 0000000000000,00	 0000000000000,00	 0000000000000,00
4500921	 0000000000148,00	 0000000000000,00	 0000000000000,00	 0000000000000,00
4500931	 0000000000000,00	 0000000000000,00	 0000000000000,00	 0000000000000,00
4600000	-0000000027809,00	 0000000000000,00	 0000000000000,00	 0000000000000,00
4610000	-0000000011901,00	-0000000000033,00	 0000000000000,00	 0000000000000,00
4610100	-0000000008223,00	-0000000000033,00	 0000000000000,00	 0000000000000,00
4610200	-0000000000574,00	 0000000000000,00	 0000000000000,00	 0000000000000,00
4610300	-0000000000274,00	 0000000000000,00	 0000000000000,00	 0000000000000,00
4610400	-0000000001571,00	 0000000000000,00	 0000000000000,00	 0000000000000,00
4610500	-0000000001259,00	 0000000000000,00	 0000000000000,00	 0000000000000,00
4620000	-0000000001954,00	 0000000000000,00	 0000000000000,00	 0000000000000,00
4630000	 0000000000000,00	 0000000000000,00	 0000000000000,00	 0000000000000,00
4650000	-0000000004207,00	-0000000000001,00	 0000000000000,00	 0000000000000,00
4650100	-0000000000017,00	 0000000000000,00	 0000000000000,00	 0000000000000,00
4650200	 0000000000000,00	 0000000000000,00	 0000000000000,00	 0000000000000,00
4650201	 0000000000000,00	 0000000000000,00	 0000000000000,00	 0000000000000,00
4650211	 0000000000000,00	 0000000000000,00	 0000000000000,00	 0000000000000,00
4650290	 0000000000000,00	 0000000000000,00	 0000000000000,00	 0000000000000,00
4650900	-0000000004190,00	-0000000000001,00	 0000000000000,00	 0000000000000,00
4700000	 0000000000131,00	 0000000000000,00	 0000000000000,00	 0000000000000,00
4700100	 0000000000131,00	 0000000000000,00	 0000000000000,00	 0000000000000,00
4700101	 0000000000000,00	 0000000000000,00	 0000000000000,00	 0000000000000,00
4700103	 0000000000000,00	 0000000000000,00	 0000000000000,00	 0000000000000,00
4700110	 0000000000131,00	 0000000000000,00	 0000000000000,00	 0000000000000,00
4700200	 0000000000000,00	 0000000000000,00	 0000000000000,00	 0000000000000,00
4700201	 0000000000000,00	 0000000000000,00	 0000000000000,00	 0000000000000,00
4700203	 0000000000000,00	 0000000000000,00	 0000000000000,00	 0000000000000,00
4700210	 0000000000000,00	 0000000000000,00	 0000000000000,00	 0000000000000,00
4800000	-0000000005570,00	 0000000000000,00	 0000000000000,00	 0000000000000,00
4800001	-0000000011856,00	 0000000000000,00	 0000000000000,00	 0000000000000,00
4850000	 0000000000000,00	 0000000000000,00	 0000000000000,00	 0000000000000,00
4900000	 0000000000001,00	 0000000000000,00	 0000000000000,00	 0000000000000,00
5003000	 0000000017170,00	 0000000022744,00	 0000000001637,00	 0000000008685,00
5004000	 0000000020093,00	 0000000000000,00	 0000000000082,00	-0000000000802,00
5005000	 0000000045457,00	 0000000023963,00	 0000000002954,00	 0000000009331,00
5006000	 0000000042499,00	 0000000023963,00	 0000000002954,00	 0000000009331,00
5007000	-0000000003372,00	 0000000023929,00	 0000000002954,00	 0000000009331,00
5008000	-0000000003241,00	 0000000023929,00	 0000000002954,00	 0000000009331,00
5009000	-0000000008811,00	 0000000023929,00	 0000000002954,00	 0000000009331,00
5010000	-0000000008811,00	 0000000023929,00	 0000000002954,00	 0000000009331,00
5020000	-0000000008812,00	 0000000023929,00	 0000000002954,00	 0000000009331,00
