504	BANCO BILBAO VIZCAYA ARGENTARIA, CHILE                                  
1000000	 0000004290324,00	 0000003675317,00	 0000000036086,00	 0000001230011,00
1100000	 0000000091122,00	 0000000000000,00	 0000000000000,00	 0000000245529,00
1100100	 0000000072966,00	 0000000000000,00	 0000000000000,00	 0000000007775,00
1100200	 0000000017765,00	 0000000000000,00	 0000000000000,00	 0000000003749,00
1100300	 0000000000391,00	 0000000000000,00	 0000000000000,00	 0000000000000,00
1100400	 0000000000000,00	 0000000000000,00	 0000000000000,00	 0000000234005,00
1130000	 0000000111361,00	 0000000000000,00	 0000000000000,00	 0000000089074,00
1130100	 0000000033224,00	 0000000000000,00	 0000000000000,00	 0000000002347,00
1130200	 0000000078137,00	 0000000000000,00	 0000000000000,00	 0000000086727,00
1150000	 0000000488555,00	 0000000355148,00	 0000000000000,00	 0000000000000,00
1150100	 0000000210727,00	 0000000173586,00	 0000000000000,00	 0000000000000,00
1150200	 0000000223025,00	 0000000181562,00	 0000000000000,00	 0000000000000,00
1150300	 0000000000000,00	 0000000000000,00	 0000000000000,00	 0000000000000,00
1150400	 0000000054803,00	 0000000000000,00	 0000000000000,00	 0000000000000,00
1160000	 0000000010003,00	 0000000000000,00	 0000000000000,00	 0000000000000,00
1160100	 0000000000000,00	 0000000000000,00	 0000000000000,00	 0000000000000,00
1160200	 0000000010003,00	 0000000000000,00	 0000000000000,00	 0000000000000,00
1250000	 0000000577059,00	 0000000000000,00	 0000000000000,00	 0000000000000,00
1250100	 0000000574372,00	 0000000000000,00	 0000000000000,00	 0000000000000,00
1250200	 0000000002687,00	 0000000000000,00	 0000000000000,00	 0000000000000,00
1270000	 0000000000000,00	 0000000000001,00	 0000000000000,00	 0000000040280,00
1270100	 0000000000000,00	 0000000000001,00	 0000000000000,00	 0000000000000,00
1270112	 0000000000000,00	 0000000000000,00	 0000000000000,00	 0000000000000,00
1270113	 0000000000000,00	 0000000000000,00	 0000000000000,00	 0000000000000,00
1270116	 0000000000000,00	 0000000000000,00	 0000000000000,00	 0000000000000,00
1270117	 0000000000000,00	 0000000000000,00	 0000000000000,00	 0000000000000,00
1270118	 0000000000000,00	 0000000000000,00	 0000000000000,00	 0000000000000,00
1270190	 0000000000000,00	 0000000000000,00	 0000000000000,00	 0000000000000,00
1270200	 0000000000000,00	 0000000000000,00	 0000000000000,00	 0000000040280,00
1270202	 0000000000000,00	 0000000000000,00	 0000000000000,00	 0000000000000,00
1270203	 0000000000000,00	 0000000000000,00	 0000000000000,00	 0000000000000,00
1270206	 0000000000000,00	 0000000000000,00	 0000000000000,00	 0000000040672,00
1270207	 0000000000000,00	 0000000000000,00	 0000000000000,00	 0000000000000,00
1270208	 0000000000000,00	 0000000000000,00	 0000000000000,00	 0000000000000,00
1270290	 0000000000000,00	 0000000000000,00	 0000000000000,00	-0000000000392,00
1270300	 0000000000000,00	 0000000000000,00	 0000000000000,00	 0000000000000,00
1300000	 0000002515547,00	 0000003310558,00	 0000000036086,00	 0000000843870,00
1302000	 0000001719383,00	 0000001181415,00	 0000000036086,00	 0000000841616,00
1302100	 0000001340802,00	 0000000941829,00	 0000000000000,00	 0000000218664,00
1302101	 0000001340802,00	 0000000924027,00	 0000000000000,00	 0000000178622,00
1302102	 0000000000000,00	 0000000000000,00	 0000000000000,00	 0000000040042,00
1302170	 0000000000000,00	 0000000014101,00	 0000000000000,00	 0000000000000,00
1302180	 0000000000000,00	 0000000003701,00	 0000000000000,00	 0000000000000,00
1302200	 0000000027474,00	 0000000000113,00	 0000000000003,00	 0000000556279,00
1302201	 0000000000000,00	 0000000000000,00	 0000000000000,00	 0000000000000,00
1302202	 0000000027474,00	 0000000000113,00	 0000000000000,00	 0000000417253,00
1302241	 0000000000000,00	 0000000000000,00	 0000000000003,00	 0000000005356,00
1302242	 0000000000000,00	 0000000000000,00	 0000000000000,00	 0000000133670,00
1302281	 0000000000000,00	 0000000000000,00	 0000000000000,00	 0000000000000,00
1302282	 0000000000000,00	 0000000000000,00	 0000000000000,00	 0000000000000,00
1302300	 0000000037638,00	 0000000000000,00	 0000000000000,00	 0000000000000,00
1302500	 0000000239195,00	 0000000025898,00	 0000000000000,00	 0000000066600,00
1302800	 0000000073659,00	 0000000213370,00	 0000000036007,00	 0000000000000,00
1302900	 0000000000615,00	 0000000000205,00	 0000000000076,00	 0000000000073,00
1304000	 0000000034696,00	 0000002026434,00	 0000000000000,00	 0000000000000,00
1304100	 0000000000000,00	 0000000021855,00	 0000000000000,00	 0000000000000,00
1304101	 0000000000000,00	 0000000021855,00	 0000000000000,00	 0000000000000,00
1304102	 0000000000000,00	 0000000000000,00	 0000000000000,00	 0000000000000,00
1304200	 0000000000000,00	 0000000031987,00	 0000000000000,00	 0000000000000,00
1304500	 0000000001970,00	 0000001971663,00	 0000000000000,00	 0000000000000,00
1304600	 0000000000000,00	 0000000000078,00	 0000000000000,00	 0000000000000,00
1304800	 0000000032589,00	 0000000000387,00	 0000000000000,00	 0000000000000,00
1304900	 0000000000137,00	 0000000000464,00	 0000000000000,00	 0000000000000,00
1305000	 0000000892012,00	 0000000102709,00	 0000000000000,00	 0000000002254,00
1305100	 0000000701425,00	 0000000102644,00	 0000000000000,00	 0000000000000,00
1305300	 0000000043973,00	 0000000000000,00	 0000000000000,00	 0000000000000,00
1305400	 0000000146066,00	 0000000000000,00	 0000000000000,00	 0000000002254,00
1305800	 0000000000546,00	 0000000000065,00	 0000000000000,00	 0000000000000,00
1305900	 0000000000002,00	 0000000000000,00	 0000000000000,00	 0000000000000,00
1309000	-0000000130544,00	 0000000000000,00	 0000000000000,00	 0000000000000,00
1309100	-0000000074466,00	 0000000000000,00	 0000000000000,00	 0000000000000,00
1309200	-0000000011296,00	 0000000000000,00	 0000000000000,00	 0000000000000,00
1309300	-0000000044782,00	 0000000000000,00	 0000000000000,00	 0000000000000,00
1350000	 0000000200688,00	 0000000005245,00	 0000000000000,00	 0000000000000,00
1350100	 0000000117648,00	 0000000000000,00	 0000000000000,00	 0000000000000,00
1350200	 0000000083040,00	 0000000005245,00	 0000000000000,00	 0000000000000,00
1350300	 0000000000000,00	 0000000000000,00	 0000000000000,00	 0000000000000,00
1360000	 0000000004472,00	 0000000002484,00	 0000000000000,00	 0000000000000,00
1360100	 0000000000000,00	 0000000000000,00	 0000000000000,00	 0000000000000,00
1360200	 0000000004472,00	 0000000002484,00	 0000000000000,00	 0000000000000,00
1360300	 0000000000000,00	 0000000000000,00	 0000000000000,00	 0000000000000,00
1400000	 0000000002361,00	 0000000000529,00	 0000000000000,00	 0000000000007,00
1400100	 0000000001395,00	 0000000000000,00	 0000000000000,00	 0000000000000,00
1400101	 0000000000000,00	 0000000000000,00	 0000000000000,00	 0000000000000,00
1400102	 0000000000000,00	 0000000000000,00	 0000000000000,00	 0000000000000,00
1400103	 0000000001395,00	 0000000000000,00	 0000000000000,00	 0000000000000,00
1400200	 0000000000966,00	 0000000000529,00	 0000000000000,00	 0000000000007,00
1500000	 0000000016316,00	 0000000000000,00	 0000000000000,00	 0000000000000,00
1500100	 0000000000000,00	 0000000000000,00	 0000000000000,00	 0000000000000,00
1500200	 0000000016316,00	 0000000000000,00	 0000000000000,00	 0000000000000,00
1600000	 0000000057933,00	 0000000000005,00	 0000000000000,00	 0000000000000,00
1600100	 0000000047516,00	 0000000000000,00	 0000000000000,00	 0000000000000,00
1600200	 0000000010417,00	 0000000000005,00	 0000000000000,00	 0000000000000,00
1700000	 0000000000000,00	 0000000000000,00	 0000000000000,00	 0000000000000,00
1750000	 0000000124239,00	 0000000000000,00	 0000000000000,00	 0000000000000,00
1800000	 0000000090668,00	 0000000001347,00	 0000000000000,00	 0000000011251,00
1800100	 0000000012222,00	 0000000000000,00	 0000000000000,00	 0000000000000,00
1800200	 0000000005061,00	 0000000000000,00	 0000000000000,00	 0000000000000,00
1800900	 0000000073385,00	 0000000001347,00	 0000000000000,00	 0000000011251,00
2000000	 0000005011317,00	 0000002291987,00	 0000000001430,00	 0000001305426,00
2100000	 0000000835222,00	 0000000074034,00	 0000000000014,00	 0000000069469,00
2100100	 0000000653397,00	 0000000000000,00	 0000000000000,00	 0000000064887,00
2100109	 0000000471962,00	 0000000000000,00	 0000000000000,00	 0000000060176,00
2100110	 0000000179128,00	 0000000000000,00	 0000000000000,00	 0000000004711,00
2100200	 0000000101351,00	 0000000000000,00	 0000000000000,00	 0000000000000,00
2100300	 0000000080474,00	 0000000074034,00	 0000000000014,00	 0000000004582,00
2130000	 0000000088033,00	 0000000000000,00	 0000000000000,00	 0000000077774,00
2160000	 0000000287672,00	 0000000000000,00	 0000000000000,00	 0000000071698,00
2160100	 0000000181719,00	 0000000000000,00	 0000000000000,00	 0000000000000,00
2160200	 0000000105953,00	 0000000000000,00	 0000000000000,00	 0000000071698,00
2200000	 0000002968341,00	 0000000946632,00	 0000000000000,00	 0000000434358,00
2200100	 0000002968223,00	 0000000903769,00	 0000000000000,00	 0000000434358,00
2200200	 0000000000000,00	 0000000042189,00	 0000000000000,00	 0000000000000,00
2200900	 0000000000118,00	 0000000000674,00	 0000000000000,00	 0000000000000,00
2250000	 0000000599745,00	 0000000000000,00	 0000000000000,00	 0000000000000,00
2250100	 0000000596964,00	 0000000000000,00	 0000000000000,00	 0000000000000,00
2250200	 0000000002781,00	 0000000000000,00	 0000000000000,00	 0000000000000,00
2300000	 0000000006639,00	 0000000000075,00	 0000000000000,00	 0000000583575,00
2301000	 0000000006639,00	 0000000000000,00	 0000000000000,00	 0000000000000,00
2301001	 0000000005002,00	 0000000000000,00	 0000000000000,00	 0000000000000,00
2302000	 0000000000000,00	 0000000000000,00	 0000000000000,00	 0000000583575,00
2302100	 0000000000000,00	 0000000000000,00	 0000000000000,00	 0000000424877,00
2302200	 0000000000000,00	 0000000000000,00	 0000000000000,00	 0000000158698,00
2303000	 0000000000000,00	 0000000000075,00	 0000000000000,00	 0000000000000,00
2303100	 0000000000000,00	 0000000000000,00	 0000000000000,00	 0000000000000,00
2303900	 0000000000000,00	 0000000000075,00	 0000000000000,00	 0000000000000,00
2400000	 0000000015228,00	 0000001255108,00	 0000000000000,00	 0000000000000,00
2401000	 0000000000000,00	 0000000050686,00	 0000000000000,00	 0000000000000,00
2402000	 0000000015228,00	 0000001204422,00	 0000000000000,00	 0000000000000,00
2402100	 0000000015228,00	 0000000791769,00	 0000000000000,00	 0000000000000,00
2402200	 0000000000000,00	 0000000412653,00	 0000000000000,00	 0000000000000,00
2500000	 0000000027463,00	 0000000016033,00	 0000000001416,00	 0000000012875,00
2500100	 0000000022218,00	 0000000016033,00	 0000000001416,00	 0000000000000,00
2500200	 0000000005245,00	 0000000000000,00	 0000000000000,00	 0000000012875,00
2500300	 0000000000000,00	 0000000000000,00	 0000000000000,00	 0000000000000,00
2600000	 0000000011896,00	 0000000000000,00	 0000000000000,00	 0000000000000,00
2650000	 0000000065554,00	 0000000000000,00	 0000000000000,00	 0000000000000,00
2700000	 0000000050622,00	 0000000000000,00	 0000000000000,00	 0000000000000,00
2700100	 0000000009686,00	 0000000000000,00	 0000000000000,00	 0000000000000,00
2700200	 0000000012554,00	 0000000000000,00	 0000000000000,00	 0000000000000,00
2700300	 0000000013109,00	 0000000000000,00	 0000000000000,00	 0000000000000,00
2700400	 0000000015273,00	 0000000000000,00	 0000000000000,00	 0000000000000,00
2700401	 0000000000081,00	 0000000000000,00	 0000000000000,00	 0000000000000,00
2700402	 0000000000000,00	 0000000000000,00	 0000000000000,00	 0000000000000,00
2700411	 0000000004424,00	 0000000000000,00	 0000000000000,00	 0000000000000,00
2700412	 0000000001294,00	 0000000000000,00	 0000000000000,00	 0000000000000,00
2700413	 0000000003958,00	 0000000000000,00	 0000000000000,00	 0000000000000,00
2700421	 0000000000000,00	 0000000000000,00	 0000000000000,00	 0000000000000,00
2700422	 0000000000000,00	 0000000000000,00	 0000000000000,00	 0000000000000,00
2700423	 0000000000000,00	 0000000000000,00	 0000000000000,00	 0000000000000,00
2700490	 0000000005516,00	 0000000000000,00	 0000000000000,00	 0000000000000,00
2800000	 0000000054902,00	 0000000000105,00	 0000000000000,00	 0000000055677,00
3000000	 0000000621549,00	 0000000000029,00	 0000000000000,00	 0000000000000,00
3101000	 0000000275795,00	 0000000000000,00	 0000000000000,00	 0000000000000,00
3102000	 0000000316069,00	 0000000000000,00	 0000000000000,00	 0000000000000,00
3103000	 0000000000059,00	 0000000000029,00	 0000000000000,00	 0000000000000,00
3104000	 0000000029294,00	 0000000000000,00	 0000000000000,00	 0000000000000,00
3104100	 0000000000000,00	 0000000000000,00	 0000000000000,00	 0000000000000,00
3104200	 0000000041848,00	 0000000000000,00	 0000000000000,00	 0000000000000,00
3104300	-0000000012554,00	 0000000000000,00	 0000000000000,00	 0000000000000,00
3200000	 0000000000332,00	 0000000000000,00	 0000000000000,00	 0000000000000,00
5001000	 0000000621217,00	 0000000000029,00	 0000000000000,00	 0000000000000,00
5002000	 0000005632866,00	 0000002292016,00	 0000000001430,00	 0000001305426,00
5100000	 0000002646091,00	 0000003310558,00	 0000000036086,00	 0000000843870,00
