049	BANCO SECURITY
4100000	 0000000151622,00	 0000000128138,00	 0000000002401,00	 0000000027820,00
4100100	 0000000000009,00	 0000000000000,00	 0000000000000,00	 0000000000000,00
4100101	 0000000000009,00	 0000000000000,00	 0000000000000,00	 0000000000000,00
4100151	 0000000000000,00	 0000000000000,00	 0000000000000,00	 0000000000000,00
4100200	 0000000000632,00	 0000000000000,00	 0000000000000,00	 0000000000000,00
4100201	 0000000000632,00	 0000000000000,00	 0000000000000,00	 0000000000000,00
4100251	 0000000000000,00	 0000000000000,00	 0000000000000,00	 0000000000000,00
4100300	 0000000093449,00	 0000000091414,00	 0000000002401,00	 0000000021109,00
4100301	 0000000082465,00	 0000000041284,00	 0000000000000,00	 0000000014520,00
4100309	 0000000000258,00	 0000000000337,00	 0000000000000,00	 0000000006530,00
4100310	 0000000006333,00	 0000000000000,00	 0000000000000,00	 0000000000004,00
4100320	 0000000000000,00	 0000000000000,00	 0000000000000,00	 0000000000000,00
4100325	 0000000000000,00	 0000000000232,00	 0000000000000,00	 0000000000000,00
4100330	 0000000003057,00	 0000000010179,00	 0000000000801,00	 0000000000000,00
4100340	 0000000000000,00	 0000000000000,00	 0000000000000,00	 0000000000000,00
4100351	 0000000000000,00	 0000000032458,00	 0000000000000,00	 0000000000000,00
4100359	 0000000000000,00	 0000000000406,00	 0000000000000,00	 0000000000000,00
4100360	 0000000000000,00	 0000000000000,00	 0000000000000,00	 0000000000000,00
4100370	 0000000000000,00	 0000000000000,00	 0000000000000,00	 0000000000000,00
4100375	 0000000000000,00	 0000000000117,00	 0000000000000,00	 0000000000000,00
4100380	 0000000000000,00	 0000000005841,00	 0000000001600,00	 0000000000000,00
4100390	 0000000000000,00	 0000000000000,00	 0000000000000,00	 0000000000000,00
4100399	 0000000001336,00	 0000000000560,00	 0000000000000,00	 0000000000055,00
4100400	 0000000000000,00	 0000000032219,00	 0000000000000,00	 0000000000000,00
4100401	 0000000000000,00	 0000000000123,00	 0000000000000,00	 0000000000000,00
4100402	 0000000000000,00	 0000000000022,00	 0000000000000,00	 0000000000000,00
4100403	 0000000000000,00	 0000000000000,00	 0000000000000,00	 0000000000000,00
4100405	 0000000000000,00	 0000000004328,00	 0000000000000,00	 0000000000000,00
4100407	 0000000000000,00	 0000000013335,00	 0000000000000,00	 0000000000000,00
4100408	 0000000000000,00	 0000000000000,00	 0000000000000,00	 0000000000000,00
4100420	 0000000000000,00	 0000000000000,00	 0000000000000,00	 0000000000000,00
4100430	 0000000000000,00	 0000000000000,00	 0000000000000,00	 0000000000000,00
4100451	 0000000000000,00	 0000000000074,00	 0000000000000,00	 0000000000000,00
4100452	 0000000000000,00	 0000000000000,00	 0000000000000,00	 0000000000000,00
4100455	 0000000000000,00	 0000000003742,00	 0000000000000,00	 0000000000000,00
4100457	 0000000000000,00	 0000000010595,00	 0000000000000,00	 0000000000000,00
4100458	 0000000000000,00	 0000000000000,00	 0000000000000,00	 0000000000000,00
4100480	 0000000000000,00	 0000000000000,00	 0000000000000,00	 0000000000000,00
4100490	 0000000000000,00	 0000000000000,00	 0000000000000,00	 0000000000000,00
4100499	 0000000000000,00	 0000000000000,00	 0000000000000,00	 0000000000000,00
4100500	 0000000044295,00	 0000000000009,00	 0000000000000,00	 0000000000000,00
4100501	 0000000018623,00	 0000000000007,00	 0000000000000,00	 0000000000000,00
4100510	 0000000015230,00	 0000000000000,00	 0000000000000,00	 0000000000000,00
4100520	 0000000010442,00	 0000000000000,00	 0000000000000,00	 0000000000000,00
4100530	 0000000000000,00	 0000000000000,00	 0000000000000,00	 0000000000000,00
4100540	 0000000000000,00	 0000000000000,00	 0000000000000,00	 0000000000000,00
4100590	 0000000000000,00	-0000000000001,00	 0000000000000,00	 0000000000000,00
4100599	 0000000000000,00	 0000000000003,00	 0000000000000,00	 0000000000000,00
4100600	 0000000009946,00	 0000000004356,00	 0000000000000,00	 0000000004842,00
4100601	 0000000009946,00	 0000000002106,00	 0000000000000,00	 0000000004842,00
4100621	 0000000000000,00	 0000000000000,00	 0000000000000,00	 0000000000000,00
4100651	 0000000000000,00	 0000000002250,00	 0000000000000,00	 0000000000000,00
4100671	 0000000000000,00	 0000000000000,00	 0000000000000,00	 0000000000000,00
4100800	 0000000003372,00	 0000000000140,00	 0000000000000,00	 0000000001869,00
4100801	 0000000000000,00	 0000000000000,00	 0000000000000,00	 0000000001810,00
4100804	 0000000001362,00	 0000000000000,00	 0000000000000,00	 0000000000000,00
4100810	 0000000002010,00	 0000000000000,00	 0000000000000,00	 0000000000059,00
4100850	 0000000000000,00	 0000000000140,00	 0000000000000,00	 0000000000000,00
4100900	-0000000000081,00	 0000000000000,00	 0000000000000,00	 0000000000000,00
4150000	-0000000073066,00	-0000000089688,00	-0000000000470,00	-0000000011455,00
4150100	-0000000000132,00	-0000000000097,00	 0000000000000,00	 0000000000000,00
4150101	-0000000000132,00	 0000000000000,00	 0000000000000,00	 0000000000000,00
4150102	 0000000000000,00	 0000000000000,00	 0000000000000,00	 0000000000000,00
4150103	 0000000000000,00	 0000000000000,00	 0000000000000,00	 0000000000000,00
4150151	 0000000000000,00	-0000000000097,00	 0000000000000,00	 0000000000000,00
4150200	-0000000000487,00	 0000000000000,00	 0000000000000,00	 0000000000000,00
4150201	-0000000000487,00	 0000000000000,00	 0000000000000,00	 0000000000000,00
4150251	 0000000000000,00	 0000000000000,00	 0000000000000,00	 0000000000000,00
4150300	-0000000059491,00	-0000000005929,00	 0000000000000,00	-0000000007134,00
4150301	-0000000059491,00	-0000000001311,00	 0000000000000,00	-0000000007134,00
4150302	 0000000000000,00	 0000000000000,00	 0000000000000,00	 0000000000000,00
4150309	 0000000000000,00	 0000000000000,00	 0000000000000,00	 0000000000000,00
4150351	 0000000000000,00	-0000000004618,00	 0000000000000,00	 0000000000000,00
4150352	 0000000000000,00	 0000000000000,00	 0000000000000,00	 0000000000000,00
4150359	 0000000000000,00	 0000000000000,00	 0000000000000,00	 0000000000000,00
4150400	 0000000000000,00	 0000000000000,00	-0000000000230,00	-0000000004321,00
4150401	 0000000000000,00	 0000000000000,00	-0000000000230,00	-0000000004321,00
4150451	 0000000000000,00	 0000000000000,00	 0000000000000,00	 0000000000000,00
4150500	-0000000006375,00	-0000000083463,00	 0000000000000,00	 0000000000000,00
4150501	 0000000000000,00	-0000000000548,00	 0000000000000,00	 0000000000000,00
4150511	-0000000006375,00	-0000000034157,00	 0000000000000,00	 0000000000000,00
4150521	 0000000000000,00	-0000000007805,00	 0000000000000,00	 0000000000000,00
4150522	 0000000000000,00	 0000000000000,00	 0000000000000,00	 0000000000000,00
4150551	 0000000000000,00	-0000000000370,00	 0000000000000,00	 0000000000000,00
4150561	 0000000000000,00	-0000000035130,00	 0000000000000,00	 0000000000000,00
4150571	 0000000000000,00	-0000000005453,00	 0000000000000,00	 0000000000000,00
4150572	 0000000000000,00	 0000000000000,00	 0000000000000,00	 0000000000000,00
4150600	-0000000000191,00	-0000000000199,00	-0000000000240,00	 0000000000000,00
4150601	-0000000000191,00	 0000000000000,00	-0000000000240,00	 0000000000000,00
4150651	 0000000000000,00	-0000000000199,00	 0000000000000,00	 0000000000000,00
4150800	-0000000000022,00	 0000000000000,00	 0000000000000,00	 0000000000000,00
4150801	-0000000000021,00	 0000000000000,00	 0000000000000,00	 0000000000000,00
4150851	-0000000000001,00	 0000000000000,00	 0000000000000,00	 0000000000000,00
4150900	-0000000006368,00	 0000000000000,00	 0000000000000,00	 0000000000000,00
4200000	 0000000065819,00	 0000000001825,00	 0000000000205,00	 0000000000782,00
4200100	 0000000001182,00	 0000000000000,00	 0000000000000,00	 0000000000000,00
4200200	 0000000002340,00	 0000000001707,00	 0000000000205,00	 0000000000329,00
4200300	 0000000006662,00	 0000000000000,00	 0000000000000,00	 0000000000000,00
4200303	 0000000000000,00	 0000000000000,00	 0000000000000,00	 0000000000000,00
4200304	 0000000001190,00	 0000000000000,00	 0000000000000,00	 0000000000000,00
4200305	 0000000003655,00	 0000000000000,00	 0000000000000,00	 0000000000000,00
4200306	 0000000000627,00	 0000000000000,00	 0000000000000,00	 0000000000000,00
4200307	 0000000001190,00	 0000000000000,00	 0000000000000,00	 0000000000000,00
4200309	 0000000000000,00	 0000000000000,00	 0000000000000,00	 0000000000000,00
4200400	 0000000003460,00	 0000000000000,00	 0000000000000,00	 0000000000000,00
4200500	 0000000011692,00	 0000000000050,00	 0000000000000,00	 0000000000000,00
4200600	 0000000011565,00	 0000000000000,00	 0000000000000,00	 0000000000000,00
4200700	 0000000020940,00	 0000000000000,00	 0000000000000,00	 0000000000000,00
4200800	 0000000000000,00	 0000000000000,00	 0000000000000,00	 0000000000000,00
4200900	 0000000007978,00	 0000000000068,00	 0000000000000,00	 0000000000453,00
4250000	-0000000011336,00	 0000000000000,00	 0000000000000,00	 0000000000000,00
4250100	 0000000000000,00	 0000000000000,00	 0000000000000,00	 0000000000000,00
4250101	 0000000000000,00	 0000000000000,00	 0000000000000,00	 0000000000000,00
4250102	 0000000000000,00	 0000000000000,00	 0000000000000,00	 0000000000000,00
4250190	 0000000000000,00	 0000000000000,00	 0000000000000,00	 0000000000000,00
4250200	-0000000002533,00	 0000000000000,00	 0000000000000,00	 0000000000000,00
4250300	-0000000008803,00	 0000000000000,00	 0000000000000,00	 0000000000000,00
4300000	 0000000013108,00	 0000000001640,00	 0000000000000,00	-0000000000094,00
4300100	 0000000004944,00	 0000000000582,00	 0000000000000,00	 0000000000000,00
4300101	 0000000002355,00	 0000000000622,00	 0000000000000,00	 0000000000000,00
4300102	-0000000000067,00	-0000000000166,00	 0000000000000,00	 0000000000000,00
4300103	 0000000001602,00	 0000000000220,00	 0000000000000,00	 0000000000000,00
4300104	-0000000000335,00	-0000000000094,00	 0000000000000,00	 0000000000000,00
4300190	 0000000001389,00	 0000000000000,00	 0000000000000,00	 0000000000000,00
4300200	 0000000004404,00	 0000000000000,00	 0000000000000,00	 0000000000000,00
4300300	 0000000000787,00	 0000000001058,00	 0000000000000,00	 0000000000753,00
4300400	 0000000001175,00	 0000000000000,00	 0000000000000,00	 0000000000000,00
4300500	 0000000001798,00	 0000000000000,00	 0000000000000,00	-0000000000847,00
4350000	 0000000010957,00	 0000000000000,00	-0000000000937,00	 0000000000000,00
4350100	 0000000012732,00	 0000000000000,00	 0000000000000,00	 0000000000000,00
4350200	 0000000000000,00	 0000000000000,00	-0000000000937,00	 0000000000000,00
4350900	-0000000001775,00	 0000000000000,00	 0000000000000,00	 0000000000000,00
4400000	 0000000003525,00	 0000000000037,00	 0000000000000,00	 0000000000117,00
4400100	 0000000000197,00	 0000000000000,00	 0000000000000,00	 0000000000000,00
4400200	 0000000000062,00	 0000000000000,00	 0000000000000,00	 0000000000000,00
4400290	 0000000000000,00	 0000000000000,00	 0000000000000,00	 0000000000000,00
4400300	 0000000003266,00	 0000000000037,00	 0000000000000,00	 0000000000117,00
4500000	-0000000035801,00	 0000000000000,00	 0000000000000,00	 0000000000000,00
4500100	-0000000041990,00	 0000000000000,00	 0000000000000,00	 0000000000000,00
4500101	-0000000023621,00	 0000000000000,00	 0000000000000,00	 0000000000000,00
4500111	-0000000000395,00	 0000000000000,00	 0000000000000,00	 0000000000000,00
4500112	-0000000017959,00	 0000000000000,00	 0000000000000,00	 0000000000000,00
4500190	-0000000000015,00	 0000000000000,00	 0000000000000,00	 0000000000000,00
4500200	 0000000000832,00	 0000000000000,00	 0000000000000,00	 0000000000000,00
4500700	 0000000000000,00	 0000000000000,00	 0000000000000,00	 0000000000000,00
4500701	 0000000000000,00	 0000000000000,00	 0000000000000,00	 0000000000000,00
4500702	 0000000000000,00	 0000000000000,00	 0000000000000,00	 0000000000000,00
4500703	 0000000000000,00	 0000000000000,00	 0000000000000,00	 0000000000000,00
4500800	-0000000000071,00	 0000000000000,00	 0000000000000,00	 0000000000000,00
4500801	 0000000000000,00	 0000000000000,00	 0000000000000,00	 0000000000000,00
4500802	-0000000000066,00	 0000000000000,00	 0000000000000,00	 0000000000000,00
4500803	-0000000000005,00	 0000000000000,00	 0000000000000,00	 0000000000000,00
4500900	 0000000005428,00	 0000000000000,00	 0000000000000,00	 0000000000000,00
4500901	 0000000002343,00	 0000000000000,00	 0000000000000,00	 0000000000000,00
4500911	 0000000000391,00	 0000000000000,00	 0000000000000,00	 0000000000000,00
4500921	 0000000002694,00	 0000000000000,00	 0000000000000,00	 0000000000000,00
4500931	 0000000000000,00	 0000000000000,00	 0000000000000,00	 0000000000000,00
4600000	-0000000046986,00	 0000000000000,00	 0000000000000,00	 0000000000000,00
4610000	-0000000054122,00	 0000000000000,00	 0000000000000,00	 0000000000000,00
4610100	-0000000040713,00	 0000000000000,00	 0000000000000,00	 0000000000000,00
4610200	-0000000004818,00	 0000000000000,00	 0000000000000,00	 0000000000000,00
4610300	-0000000000817,00	 0000000000000,00	 0000000000000,00	 0000000000000,00
4610400	-0000000004938,00	 0000000000000,00	 0000000000000,00	 0000000000000,00
4610500	-0000000002836,00	 0000000000000,00	 0000000000000,00	 0000000000000,00
4620000	-0000000004304,00	 0000000000000,00	 0000000000000,00	 0000000000000,00
4630000	-0000000000498,00	 0000000000000,00	 0000000000000,00	 0000000000000,00
4650000	-0000000003801,00	-0000000000045,00	 0000000000000,00	 0000000000000,00
4650100	-0000000000537,00	 0000000000000,00	 0000000000000,00	 0000000000000,00
4650200	-0000000000099,00	 0000000000000,00	 0000000000000,00	 0000000000000,00
4650201	-0000000000099,00	 0000000000000,00	 0000000000000,00	 0000000000000,00
4650211	 0000000000000,00	 0000000000000,00	 0000000000000,00	 0000000000000,00
4650290	 0000000000000,00	 0000000000000,00	 0000000000000,00	 0000000000000,00
4650900	-0000000003165,00	-0000000000045,00	 0000000000000,00	 0000000000000,00
4700000	 0000000000018,00	 0000000000000,00	 0000000000000,00	 0000000000000,00
4700100	 0000000000018,00	 0000000000000,00	 0000000000000,00	 0000000000000,00
4700101	 0000000000000,00	 0000000000000,00	 0000000000000,00	 0000000000000,00
4700103	 0000000000000,00	 0000000000000,00	 0000000000000,00	 0000000000000,00
4700110	 0000000000018,00	 0000000000000,00	 0000000000000,00	 0000000000000,00
4700200	 0000000000000,00	 0000000000000,00	 0000000000000,00	 0000000000000,00
4700201	 0000000000000,00	 0000000000000,00	 0000000000000,00	 0000000000000,00
4700203	 0000000000000,00	 0000000000000,00	 0000000000000,00	 0000000000000,00
4700210	 0000000000000,00	 0000000000000,00	 0000000000000,00	 0000000000000,00
4800000	-0000000015710,00	 0000000000000,00	 0000000000000,00	 0000000000000,00
4800001	-0000000013631,00	 0000000000000,00	 0000000000000,00	 0000000000000,00
4850000	 0000000000000,00	 0000000000000,00	 0000000000000,00	 0000000000000,00
4900000	 0000000000003,00	 0000000000000,00	 0000000000000,00	 0000000000000,00
5003000	 0000000078556,00	 0000000038450,00	 0000000001931,00	 0000000016365,00
5004000	 0000000054483,00	 0000000001825,00	 0000000000205,00	 0000000000782,00
5005000	 0000000160629,00	 0000000041952,00	 0000000001199,00	 0000000017170,00
5006000	 0000000124828,00	 0000000041952,00	 0000000001199,00	 0000000017170,00
5007000	 0000000015117,00	 0000000041907,00	 0000000001199,00	 0000000017170,00
5008000	 0000000015135,00	 0000000041907,00	 0000000001199,00	 0000000017170,00
5009000	-0000000000575,00	 0000000041907,00	 0000000001199,00	 0000000017170,00
5010000	-0000000000575,00	 0000000041907,00	 0000000001199,00	 0000000017170,00
5020000	-0000000000578,00	 0000000041907,00	 0000000001199,00	 0000000017170,00
