012	BANCO DEL ESTADO DE CHILE                                               
1000000	 0000008355099,00	 0000008092432,00	 0000000013972,00	 0000003224993,00
1100000	 0000000324508,00	 0000000000000,00	 0000000000196,00	 0000001362920,00
1100100	 0000000236470,00	 0000000000000,00	 0000000000000,00	 0000000009687,00
1100200	 0000000087753,00	 0000000000000,00	 0000000000000,00	 0000000016619,00
1100300	 0000000000285,00	 0000000000000,00	 0000000000069,00	 0000000000000,00
1100400	 0000000000000,00	 0000000000000,00	 0000000000127,00	 0000001336614,00
1130000	 0000000149988,00	 0000000000000,00	 0000000000000,00	 0000000275288,00
1130100	 0000000027607,00	 0000000000000,00	 0000000000000,00	 0000000001209,00
1130200	 0000000122381,00	 0000000000000,00	 0000000000000,00	 0000000274079,00
1150000	 0000001038108,00	 0000000294318,00	 0000000000000,00	 0000000000000,00
1150100	 0000000025509,00	 0000000113755,00	 0000000000000,00	 0000000000000,00
1150200	 0000001009938,00	 0000000180563,00	 0000000000000,00	 0000000000000,00
1150300	 0000000000000,00	 0000000000000,00	 0000000000000,00	 0000000000000,00
1150400	 0000000002661,00	 0000000000000,00	 0000000000000,00	 0000000000000,00
1160000	 0000000059852,00	 0000000000000,00	 0000000000000,00	 0000000000000,00
1160100	 0000000000000,00	 0000000000000,00	 0000000000000,00	 0000000000000,00
1160200	 0000000059852,00	 0000000000000,00	 0000000000000,00	 0000000000000,00
1250000	 0000000124367,00	 0000000000000,00	 0000000000000,00	 0000000000242,00
1250100	 0000000122882,00	 0000000000000,00	 0000000000000,00	 0000000000242,00
1250200	 0000000001485,00	 0000000000000,00	 0000000000000,00	 0000000000000,00
1270000	-0000000001130,00	 0000000000000,00	 0000000000000,00	 0000000157343,00
1270100	 0000000000000,00	 0000000000000,00	 0000000000000,00	 0000000000000,00
1270112	 0000000000000,00	 0000000000000,00	 0000000000000,00	 0000000000000,00
1270113	 0000000000000,00	 0000000000000,00	 0000000000000,00	 0000000000000,00
1270116	 0000000000000,00	 0000000000000,00	 0000000000000,00	 0000000000000,00
1270117	 0000000000000,00	 0000000000000,00	 0000000000000,00	 0000000000000,00
1270118	 0000000000000,00	 0000000000000,00	 0000000000000,00	 0000000000000,00
1270190	 0000000000000,00	 0000000000000,00	 0000000000000,00	 0000000000000,00
1270200	-0000000001130,00	 0000000000000,00	 0000000000000,00	 0000000157343,00
1270202	 0000000000000,00	 0000000000000,00	 0000000000000,00	 0000000000000,00
1270203	 0000000000000,00	 0000000000000,00	 0000000000000,00	 0000000074389,00
1270206	 0000000000000,00	 0000000000000,00	 0000000000000,00	 0000000027471,00
1270207	 0000000000000,00	 0000000000000,00	 0000000000000,00	 0000000000000,00
1270208	 0000000000000,00	 0000000000000,00	 0000000000000,00	 0000000056123,00
1270290	-0000000001130,00	 0000000000000,00	 0000000000000,00	-0000000000640,00
1270300	 0000000000000,00	 0000000000000,00	 0000000000000,00	 0000000000000,00
1300000	 0000003161179,00	 0000006920248,00	 0000000013424,00	 0000001323159,00
1302000	 0000002707280,00	 0000002005204,00	 0000000013424,00	 0000001326730,00
1302100	 0000002366417,00	 0000001662063,00	 0000000005355,00	 0000000885054,00
1302101	 0000002366417,00	 0000001583039,00	 0000000005355,00	 0000000792235,00
1302102	 0000000000000,00	 0000000000000,00	 0000000000000,00	 0000000092819,00
1302170	 0000000000000,00	 0000000074480,00	 0000000000000,00	 0000000000000,00
1302180	 0000000000000,00	 0000000004544,00	 0000000000000,00	 0000000000000,00
1302200	 0000000055732,00	 0000000000001,00	 0000000000000,00	 0000000381405,00
1302201	 0000000000000,00	 0000000000000,00	 0000000000000,00	 0000000000000,00
1302202	 0000000051201,00	 0000000000000,00	 0000000000000,00	 0000000289946,00
1302241	 0000000000000,00	 0000000000001,00	 0000000000000,00	 0000000002554,00
1302242	 0000000004531,00	 0000000000000,00	 0000000000000,00	 0000000087322,00
1302281	 0000000000000,00	 0000000000000,00	 0000000000000,00	 0000000000000,00
1302282	 0000000000000,00	 0000000000000,00	 0000000000000,00	 0000000001583,00
1302300	 0000000046107,00	 0000000000000,00	 0000000000000,00	 0000000000000,00
1302500	 0000000157066,00	 0000000035632,00	 0000000000000,00	 0000000060197,00
1302800	 0000000081486,00	 0000000170757,00	 0000000008069,00	 0000000000000,00
1302900	 0000000000472,00	 0000000136751,00	 0000000000000,00	 0000000000074,00
1304000	 0000000003474,00	 0000004672513,00	 0000000000000,00	 0000000000000,00
1304100	 0000000000000,00	 0000001449200,00	 0000000000000,00	 0000000000000,00
1304101	 0000000000000,00	 0000001449200,00	 0000000000000,00	 0000000000000,00
1304102	 0000000000000,00	 0000000000000,00	 0000000000000,00	 0000000000000,00
1304200	 0000000000000,00	 0000000720043,00	 0000000000000,00	 0000000000000,00
1304500	 0000000003414,00	 0000002265515,00	 0000000000000,00	 0000000000000,00
1304600	 0000000000000,00	 0000000012588,00	 0000000000000,00	 0000000000000,00
1304800	 0000000000000,00	 0000000000000,00	 0000000000000,00	 0000000000000,00
1304900	 0000000000060,00	 0000000225167,00	 0000000000000,00	 0000000000000,00
1305000	 0000000786398,00	 0000000242531,00	 0000000000000,00	 0000000000519,00
1305100	 0000000642793,00	 0000000242531,00	 0000000000000,00	 0000000000000,00
1305300	 0000000044576,00	 0000000000000,00	 0000000000000,00	 0000000000000,00
1305400	 0000000099029,00	 0000000000000,00	 0000000000000,00	 0000000000519,00
1305800	 0000000000000,00	 0000000000000,00	 0000000000000,00	 0000000000000,00
1305900	 0000000000000,00	 0000000000000,00	 0000000000000,00	 0000000000000,00
1309000	-0000000335973,00	 0000000000000,00	 0000000000000,00	-0000000004090,00
1309100	-0000000140559,00	 0000000000000,00	 0000000000000,00	-0000000004090,00
1309200	-0000000120129,00	 0000000000000,00	 0000000000000,00	 0000000000000,00
1309300	-0000000075285,00	 0000000000000,00	 0000000000000,00	 0000000000000,00
1350000	 0000002751024,00	 0000000769718,00	 0000000000000,00	 0000000097742,00
1350100	 0000001235070,00	 0000000384597,00	 0000000000000,00	 0000000000000,00
1350200	 0000001515942,00	 0000000385121,00	 0000000000000,00	 0000000028720,00
1350300	 0000000000012,00	 0000000000000,00	 0000000000000,00	 0000000069022,00
1360000	 0000000000000,00	 0000000066481,00	 0000000000000,00	 0000000006505,00
1360100	 0000000000000,00	 0000000066481,00	 0000000000000,00	 0000000000000,00
1360200	 0000000000000,00	 0000000000000,00	 0000000000000,00	 0000000000000,00
1360300	 0000000000000,00	 0000000000000,00	 0000000000000,00	 0000000006505,00
1400000	 0000000004242,00	 0000000000000,00	 0000000000000,00	 0000000000000,00
1400100	 0000000002729,00	 0000000000000,00	 0000000000000,00	 0000000000000,00
1400101	 0000000000000,00	 0000000000000,00	 0000000000000,00	 0000000000000,00
1400102	 0000000000000,00	 0000000000000,00	 0000000000000,00	 0000000000000,00
1400103	 0000000002729,00	 0000000000000,00	 0000000000000,00	 0000000000000,00
1400200	 0000000001513,00	 0000000000000,00	 0000000000000,00	 0000000000000,00
1500000	 0000000023274,00	 0000000000000,00	 0000000000000,00	 0000000000007,00
1500100	 0000000000000,00	 0000000000000,00	 0000000000000,00	 0000000000000,00
1500200	 0000000023274,00	 0000000000000,00	 0000000000000,00	 0000000000007,00
1600000	 0000000229268,00	 0000000000000,00	 0000000000000,00	 0000000000063,00
1600100	 0000000182315,00	 0000000000000,00	 0000000000000,00	 0000000000015,00
1600200	 0000000046953,00	 0000000000000,00	 0000000000000,00	 0000000000048,00
1700000	 0000000000000,00	 0000000000000,00	 0000000000000,00	 0000000000000,00
1750000	 0000000379381,00	 0000000000000,00	 0000000000000,00	 0000000000000,00
1800000	 0000000111038,00	 0000000041667,00	 0000000000352,00	 0000000001724,00
1800100	 0000000040781,00	 0000000000000,00	 0000000000000,00	 0000000000000,00
1800200	 0000000001028,00	 0000000000000,00	 0000000000000,00	 0000000000000,00
1800900	 0000000069229,00	 0000000041667,00	 0000000000352,00	 0000000001724,00
2000000	 0000008411681,00	 0000005850737,00	 0000000000000,00	 0000004488559,00
2100000	 0000003437379,00	 0000000050563,00	 0000000000000,00	 0000000167756,00
2100100	 0000002672121,00	 0000000000000,00	 0000000000000,00	 0000000151320,00
2100109	 0000002285006,00	 0000000000000,00	 0000000000000,00	 0000000149297,00
2100110	 0000000385841,00	 0000000000000,00	 0000000000000,00	 0000000001752,00
2100200	 0000000439943,00	 0000000000000,00	 0000000000000,00	 0000000000003,00
2100300	 0000000325315,00	 0000000050563,00	 0000000000000,00	 0000000016433,00
2130000	 0000000162880,00	 0000000000000,00	 0000000000000,00	 0000000238242,00
2160000	 0000000474834,00	 0000000066964,00	 0000000000000,00	 0000000026239,00
2160100	 0000000000000,00	 0000000000000,00	 0000000000000,00	 0000000000000,00
2160200	 0000000474834,00	 0000000066964,00	 0000000000000,00	 0000000026239,00
2200000	 0000003644365,00	 0000002646858,00	 0000000000000,00	 0000003123918,00
2200100	 0000002748600,00	 0000001122602,00	 0000000000000,00	 0000003123848,00
2200200	 0000000887761,00	 0000001519571,00	 0000000000000,00	 0000000000000,00
2200900	 0000000008004,00	 0000000004685,00	 0000000000000,00	 0000000000070,00
2250000	 0000000151944,00	 0000000000000,00	 0000000000000,00	 0000000001540,00
2250100	 0000000142297,00	 0000000000000,00	 0000000000000,00	 0000000001540,00
2250200	 0000000009647,00	 0000000000000,00	 0000000000000,00	 0000000000000,00
2300000	 0000000000000,00	 0000000000000,00	 0000000000000,00	 0000000674037,00
2301000	 0000000000000,00	 0000000000000,00	 0000000000000,00	 0000000000000,00
2301001	 0000000000000,00	 0000000000000,00	 0000000000000,00	 0000000000000,00
2302000	 0000000000000,00	 0000000000000,00	 0000000000000,00	 0000000674037,00
2302100	 0000000000000,00	 0000000000000,00	 0000000000000,00	 0000000075894,00
2302200	 0000000000000,00	 0000000000000,00	 0000000000000,00	 0000000598143,00
2303000	 0000000000000,00	 0000000000000,00	 0000000000000,00	 0000000000000,00
2303100	 0000000000000,00	 0000000000000,00	 0000000000000,00	 0000000000000,00
2303900	 0000000000000,00	 0000000000000,00	 0000000000000,00	 0000000000000,00
2400000	 0000000000000,00	 0000003085534,00	 0000000000000,00	 0000000242389,00
2401000	 0000000000000,00	 0000001539309,00	 0000000000000,00	 0000000000000,00
2402000	 0000000000000,00	 0000001546225,00	 0000000000000,00	 0000000242389,00
2402100	 0000000000000,00	 0000001074747,00	 0000000000000,00	 0000000242389,00
2402200	 0000000000000,00	 0000000471478,00	 0000000000000,00	 0000000000000,00
2500000	 0000000005411,00	 0000000000000,00	 0000000000000,00	 0000000013392,00
2500100	 0000000000000,00	 0000000000000,00	 0000000000000,00	 0000000000000,00
2500200	 0000000005411,00	 0000000000000,00	 0000000000000,00	 0000000013392,00
2500300	 0000000000000,00	 0000000000000,00	 0000000000000,00	 0000000000000,00
2600000	 0000000106152,00	 0000000000000,00	 0000000000000,00	 0000000000010,00
2650000	 0000000039389,00	 0000000000000,00	 0000000000000,00	 0000000000000,00
2700000	 0000000317895,00	 0000000000000,00	 0000000000000,00	 0000000000292,00
2700100	 0000000119764,00	 0000000000000,00	 0000000000000,00	 0000000000192,00
2700200	 0000000090383,00	 0000000000000,00	 0000000000000,00	 0000000000000,00
2700300	 0000000020071,00	 0000000000000,00	 0000000000000,00	 0000000000100,00
2700400	 0000000087677,00	 0000000000000,00	 0000000000000,00	 0000000000000,00
2700401	 0000000002047,00	 0000000000000,00	 0000000000000,00	 0000000000000,00
2700402	 0000000000000,00	 0000000000000,00	 0000000000000,00	 0000000000000,00
2700411	 0000000057129,00	 0000000000000,00	 0000000000000,00	 0000000000000,00
2700412	 0000000017877,00	 0000000000000,00	 0000000000000,00	 0000000000000,00
2700413	 0000000000000,00	 0000000000000,00	 0000000000000,00	 0000000000000,00
2700421	 0000000000000,00	 0000000000000,00	 0000000000000,00	 0000000000000,00
2700422	 0000000000000,00	 0000000000000,00	 0000000000000,00	 0000000000000,00
2700423	 0000000000000,00	 0000000000000,00	 0000000000000,00	 0000000000000,00
2700490	 0000000010624,00	 0000000000000,00	 0000000000000,00	 0000000000000,00
2800000	 0000000071432,00	 0000000000818,00	 0000000000000,00	 0000000000744,00
3000000	 0000000888589,00	 0000000047082,00	 0000000000351,00	-0000000000503,00
3101000	 0000000278497,00	 0000000000000,00	 0000000000000,00	 0000000000000,00
3102000	 0000000659378,00	 0000000000000,00	 0000000000000,00	 0000000000000,00
3103000	-0000000012203,00	 0000000000000,00	 0000000000000,00	 0000000000000,00
3104000	-0000000042045,00	 0000000047082,00	 0000000000351,00	-0000000000503,00
3104100	 0000000076634,00	 0000000000000,00	 0000000000000,00	 0000000000000,00
3104200	-0000000028296,00	 0000000047082,00	 0000000000351,00	-0000000000503,00
3104300	-0000000090383,00	 0000000000000,00	 0000000000000,00	 0000000000000,00
3200000	 0000000004962,00	 0000000000000,00	 0000000000000,00	 0000000000000,00
5001000	 0000000883627,00	 0000000047082,00	 0000000000351,00	-0000000000503,00
5002000	 0000009300270,00	 0000005897819,00	 0000000000351,00	 0000004488056,00
5100000	 0000003497152,00	 0000006920248,00	 0000000013424,00	 0000001327249,00
