055	BANCO CONSORCIO                                                         
1000000	 0000000824796,00	 0000000604946,00	 0000000000000,00	 0000000545938,00
1100000	 0000000073217,00	 0000000000000,00	 0000000000000,00	 0000000024402,00
1100100	 0000000000262,00	 0000000000000,00	 0000000000000,00	 0000000000146,00
1100200	 0000000066620,00	 0000000000000,00	 0000000000000,00	 0000000000006,00
1100300	 0000000006335,00	 0000000000000,00	 0000000000000,00	 0000000000826,00
1100400	 0000000000000,00	 0000000000000,00	 0000000000000,00	 0000000023424,00
1130000	 0000000064177,00	 0000000000000,00	 0000000000000,00	 0000000033204,00
1130100	 0000000002436,00	 0000000000000,00	 0000000000000,00	 0000000000001,00
1130200	 0000000061741,00	 0000000000000,00	 0000000000000,00	 0000000033203,00
1150000	 0000000007053,00	 0000000158285,00	 0000000000000,00	 0000000014929,00
1150100	 0000000007053,00	 0000000012508,00	 0000000000000,00	 0000000000000,00
1150200	 0000000000000,00	 0000000145777,00	 0000000000000,00	 0000000000000,00
1150300	 0000000000000,00	 0000000000000,00	 0000000000000,00	 0000000000000,00
1150400	 0000000000000,00	 0000000000000,00	 0000000000000,00	 0000000014929,00
1160000	 0000000001292,00	 0000000000000,00	 0000000000000,00	 0000000000000,00
1160100	 0000000000000,00	 0000000000000,00	 0000000000000,00	 0000000000000,00
1160200	 0000000001292,00	 0000000000000,00	 0000000000000,00	 0000000000000,00
1250000	 0000000005907,00	 0000000000927,00	 0000000000000,00	 0000000000000,00
1250100	 0000000005907,00	 0000000000927,00	 0000000000000,00	 0000000000000,00
1250200	 0000000000000,00	 0000000000000,00	 0000000000000,00	 0000000000000,00
1270000	 0000000000000,00	 0000000000000,00	 0000000000000,00	 0000000000000,00
1270100	 0000000000000,00	 0000000000000,00	 0000000000000,00	 0000000000000,00
1270112	 0000000000000,00	 0000000000000,00	 0000000000000,00	 0000000000000,00
1270113	 0000000000000,00	 0000000000000,00	 0000000000000,00	 0000000000000,00
1270116	 0000000000000,00	 0000000000000,00	 0000000000000,00	 0000000000000,00
1270117	 0000000000000,00	 0000000000000,00	 0000000000000,00	 0000000000000,00
1270118	 0000000000000,00	 0000000000000,00	 0000000000000,00	 0000000000000,00
1270190	 0000000000000,00	 0000000000000,00	 0000000000000,00	 0000000000000,00
1270200	 0000000000000,00	 0000000000000,00	 0000000000000,00	 0000000000000,00
1270202	 0000000000000,00	 0000000000000,00	 0000000000000,00	 0000000000000,00
1270203	 0000000000000,00	 0000000000000,00	 0000000000000,00	 0000000000000,00
1270206	 0000000000000,00	 0000000000000,00	 0000000000000,00	 0000000000000,00
1270207	 0000000000000,00	 0000000000000,00	 0000000000000,00	 0000000000000,00
1270208	 0000000000000,00	 0000000000000,00	 0000000000000,00	 0000000000000,00
1270290	 0000000000000,00	 0000000000000,00	 0000000000000,00	 0000000000000,00
1270300	 0000000000000,00	 0000000000000,00	 0000000000000,00	 0000000000000,00
1300000	 0000000398718,00	 0000000317284,00	 0000000000000,00	 0000000200547,00
1302000	 0000000347158,00	 0000000240800,00	 0000000000000,00	 0000000200537,00
1302100	 0000000288757,00	 0000000225749,00	 0000000000000,00	 0000000174019,00
1302101	 0000000288757,00	 0000000201645,00	 0000000000000,00	 0000000174019,00
1302102	 0000000000000,00	 0000000000000,00	 0000000000000,00	 0000000000000,00
1302170	 0000000000000,00	 0000000000000,00	 0000000000000,00	 0000000000000,00
1302180	 0000000000000,00	 0000000024104,00	 0000000000000,00	 0000000000000,00
1302200	 0000000000502,00	 0000000000000,00	 0000000000000,00	 0000000021647,00
1302201	 0000000000000,00	 0000000000000,00	 0000000000000,00	 0000000000000,00
1302202	 0000000000502,00	 0000000000000,00	 0000000000000,00	 0000000021583,00
1302241	 0000000000000,00	 0000000000000,00	 0000000000000,00	 0000000000064,00
1302242	 0000000000000,00	 0000000000000,00	 0000000000000,00	 0000000000000,00
1302281	 0000000000000,00	 0000000000000,00	 0000000000000,00	 0000000000000,00
1302282	 0000000000000,00	 0000000000000,00	 0000000000000,00	 0000000000000,00
1302300	 0000000000031,00	 0000000000000,00	 0000000000000,00	 0000000000000,00
1302500	 0000000056020,00	 0000000006863,00	 0000000000000,00	 0000000003854,00
1302800	 0000000001833,00	 0000000008188,00	 0000000000000,00	 0000000001017,00
1302900	 0000000000015,00	 0000000000000,00	 0000000000000,00	 0000000000000,00
1304000	 0000000000000,00	 0000000076484,00	 0000000000000,00	 0000000000000,00
1304100	 0000000000000,00	 0000000000000,00	 0000000000000,00	 0000000000000,00
1304101	 0000000000000,00	 0000000000000,00	 0000000000000,00	 0000000000000,00
1304102	 0000000000000,00	 0000000000000,00	 0000000000000,00	 0000000000000,00
1304200	 0000000000000,00	 0000000059224,00	 0000000000000,00	 0000000000000,00
1304400	 0000000000000,00	 0000000000000,00	 0000000000000,00	 0000000000000,00
1304500	 0000000000000,00	 0000000000000,00	 0000000000000,00	 0000000000000,00
1304600	 0000000000000,00	 0000000000000,00	 0000000000000,00	 0000000000000,00
1304800	 0000000000000,00	 0000000000000,00	 0000000000000,00	 0000000000000,00
1304900	 0000000000000,00	 0000000017260,00	 0000000000000,00	 0000000000000,00
1305000	 0000000068358,00	 0000000000000,00	 0000000000000,00	 0000000000010,00
1305100	 0000000067335,00	 0000000000000,00	 0000000000000,00	 0000000000000,00
1305300	 0000000000172,00	 0000000000000,00	 0000000000000,00	 0000000000000,00
1305400	 0000000000851,00	 0000000000000,00	 0000000000000,00	 0000000000010,00
1305800	 0000000000000,00	 0000000000000,00	 0000000000000,00	 0000000000000,00
1305900	 0000000000000,00	 0000000000000,00	 0000000000000,00	 0000000000000,00
1309000	-0000000016798,00	 0000000000000,00	 0000000000000,00	 0000000000000,00
1309100	-0000000012223,00	 0000000000000,00	 0000000000000,00	 0000000000000,00
1309200	-0000000000289,00	 0000000000000,00	 0000000000000,00	 0000000000000,00
1309300	-0000000004286,00	 0000000000000,00	 0000000000000,00	 0000000000000,00
1350000	 0000000250073,00	 0000000128450,00	 0000000000000,00	 0000000271120,00
1350100	 0000000020371,00	 0000000000246,00	 0000000000000,00	 0000000000000,00
1350200	 0000000229702,00	 0000000123999,00	 0000000000000,00	 0000000000000,00
1350300	 0000000000000,00	 0000000004205,00	 0000000000000,00	 0000000271120,00
1360000	 0000000000000,00	 0000000000000,00	 0000000000000,00	 0000000000000,00
1360100	 0000000000000,00	 0000000000000,00	 0000000000000,00	 0000000000000,00
1360200	 0000000000000,00	 0000000000000,00	 0000000000000,00	 0000000000000,00
1360300	 0000000000000,00	 0000000000000,00	 0000000000000,00	 0000000000000,00
1400000	 0000000002841,00	 0000000000000,00	 0000000000000,00	 0000000000000,00
1400100	 0000000000000,00	 0000000000000,00	 0000000000000,00	 0000000000000,00
1400101	 0000000000000,00	 0000000000000,00	 0000000000000,00	 0000000000000,00
1400103	 0000000000000,00	 0000000000000,00	 0000000000000,00	 0000000000000,00
1400200	 0000000002841,00	 0000000000000,00	 0000000000000,00	 0000000000000,00
1500000	 0000000000876,00	 0000000000000,00	 0000000000000,00	 0000000000000,00
1500100	 0000000000000,00	 0000000000000,00	 0000000000000,00	 0000000000000,00
1500200	 0000000000876,00	 0000000000000,00	 0000000000000,00	 0000000000000,00
1600000	 0000000006092,00	 0000000000000,00	 0000000000000,00	 0000000000000,00
1600100	 0000000004710,00	 0000000000000,00	 0000000000000,00	 0000000000000,00
1600200	 0000000001382,00	 0000000000000,00	 0000000000000,00	 0000000000000,00
1700000	 0000000003151,00	 0000000000000,00	 0000000000000,00	 0000000000000,00
1750000	 0000000003732,00	 0000000000000,00	 0000000000000,00	 0000000000000,00
1800000	 0000000007667,00	 0000000000000,00	 0000000000000,00	 0000000001736,00
1800100	 0000000000682,00	 0000000000000,00	 0000000000000,00	 0000000000000,00
1800200	 0000000000000,00	 0000000000000,00	 0000000000000,00	 0000000000000,00
1800900	 0000000006985,00	 0000000000000,00	 0000000000000,00	 0000000001736,00
2000000	 0000001227674,00	 0000000165528,00	 0000000000000,00	 0000000331014,00
2100000	 0000000009114,00	 0000000018569,00	 0000000000000,00	 0000000003137,00
2100100	 0000000001427,00	 0000000000000,00	 0000000000000,00	 0000000001800,00
2100109	 0000000001426,00	 0000000000000,00	 0000000000000,00	 0000000001799,00
2100110	 0000000000001,00	 0000000000000,00	 0000000000000,00	 0000000000001,00
2100200	 0000000004637,00	 0000000000000,00	 0000000000000,00	 0000000000000,00
2100300	 0000000003050,00	 0000000018569,00	 0000000000000,00	 0000000001337,00
2130000	 0000000060475,00	 0000000000000,00	 0000000000000,00	 0000000036127,00
2160000	 0000000161909,00	 0000000000000,00	 0000000000000,00	 0000000011668,00
2160100	 0000000000000,00	 0000000000000,00	 0000000000000,00	 0000000000000,00
2160200	 0000000161909,00	 0000000000000,00	 0000000000000,00	 0000000011668,00
2200000	 0000000889035,00	 0000000011668,00	 0000000000000,00	 0000000251993,00
2200100	 0000000889035,00	 0000000011668,00	 0000000000000,00	 0000000251993,00
2200200	 0000000000000,00	 0000000000000,00	 0000000000000,00	 0000000000000,00
2200900	 0000000000000,00	 0000000000000,00	 0000000000000,00	 0000000000000,00
2250000	 0000000004164,00	 0000000003396,00	 0000000000000,00	 0000000000187,00
2250100	 0000000004111,00	 0000000003354,00	 0000000000000,00	 0000000000000,00
2250200	 0000000000053,00	 0000000000042,00	 0000000000000,00	 0000000000187,00
2300000	 0000000020000,00	 0000000000000,00	 0000000000000,00	 0000000021440,00
2301000	 0000000020000,00	 0000000000000,00	 0000000000000,00	 0000000000000,00
2301001	 0000000020000,00	 0000000000000,00	 0000000000000,00	 0000000000000,00
2302000	 0000000000000,00	 0000000000000,00	 0000000000000,00	 0000000021440,00
2302100	 0000000000000,00	 0000000000000,00	 0000000000000,00	 0000000015859,00
2302200	 0000000000000,00	 0000000000000,00	 0000000000000,00	 0000000005581,00
2303000	 0000000000000,00	 0000000000000,00	 0000000000000,00	 0000000000000,00
2303100	 0000000000000,00	 0000000000000,00	 0000000000000,00	 0000000000000,00
2303900	 0000000000000,00	 0000000000000,00	 0000000000000,00	 0000000000000,00
2400000	 0000000059034,00	 0000000131821,00	 0000000000000,00	 0000000000000,00
2401000	 0000000000000,00	 0000000000000,00	 0000000000000,00	 0000000000000,00
2402000	 0000000059034,00	 0000000131821,00	 0000000000000,00	 0000000000000,00
2402100	 0000000059034,00	 0000000073003,00	 0000000000000,00	 0000000000000,00
2402200	 0000000000000,00	 0000000058818,00	 0000000000000,00	 0000000000000,00
2402300	 0000000000000,00	 0000000000000,00	 0000000000000,00	 0000000000000,00
2500000	 0000000000029,00	 0000000000000,00	 0000000000000,00	 0000000000002,00
2500100	 0000000000000,00	 0000000000000,00	 0000000000000,00	 0000000000000,00
2500200	 0000000000029,00	 0000000000000,00	 0000000000000,00	 0000000000002,00
2500300	 0000000000000,00	 0000000000000,00	 0000000000000,00	 0000000000000,00
2600000	 0000000003164,00	 0000000000000,00	 0000000000000,00	 0000000000000,00
2650000	 0000000001579,00	 0000000000000,00	 0000000000000,00	 0000000000000,00
2700000	 0000000007651,00	 0000000000000,00	 0000000000000,00	 0000000000000,00
2700100	 0000000000870,00	 0000000000000,00	 0000000000000,00	 0000000000000,00
2700200	 0000000006319,00	 0000000000000,00	 0000000000000,00	 0000000000000,00
2700300	 0000000000462,00	 0000000000000,00	 0000000000000,00	 0000000000000,00
2700400	 0000000000000,00	 0000000000000,00	 0000000000000,00	 0000000000000,00
2700401	 0000000000000,00	 0000000000000,00	 0000000000000,00	 0000000000000,00
2700402	 0000000000000,00	 0000000000000,00	 0000000000000,00	 0000000000000,00
2700411	 0000000000000,00	 0000000000000,00	 0000000000000,00	 0000000000000,00
2700412	 0000000000000,00	 0000000000000,00	 0000000000000,00	 0000000000000,00
2700413	 0000000000000,00	 0000000000000,00	 0000000000000,00	 0000000000000,00
2700421	 0000000000000,00	 0000000000000,00	 0000000000000,00	 0000000000000,00
2700422	 0000000000000,00	 0000000000000,00	 0000000000000,00	 0000000000000,00
2700423	 0000000000000,00	 0000000000000,00	 0000000000000,00	 0000000000000,00
2700490	 0000000000000,00	 0000000000000,00	 0000000000000,00	 0000000000000,00
2800000	 0000000011520,00	 0000000000074,00	 0000000000000,00	 0000000006460,00
3000000	 0000000233903,00	 0000000017561,00	 0000000000000,00	 0000000000000,00
3101000	 0000000236685,00	 0000000000000,00	 0000000000000,00	 0000000000000,00
3102000	-0000000000117,00	 0000000000000,00	 0000000000000,00	 0000000000000,00
3103000	 0000000000131,00	 0000000000000,00	 0000000000000,00	 0000000000000,00
3104000	-0000000002815,00	 0000000017561,00	 0000000000000,00	 0000000000000,00
3104100	 0000000000000,00	 0000000000000,00	 0000000000000,00	 0000000000000,00
3104200	 0000000003504,00	 0000000017561,00	 0000000000000,00	 0000000000000,00
3104300	-0000000006319,00	 0000000000000,00	 0000000000000,00	 0000000000000,00
3200000	 0000000000019,00	 0000000000000,00	 0000000000000,00	 0000000000000,00
5001000	 0000000233884,00	 0000000017561,00	 0000000000000,00	 0000000000000,00
5002000	 0000001461577,00	 0000000183089,00	 0000000000000,00	 0000000331014,00
5100000	 0000000415516,00	 0000000317284,00	 0000000000000,00	 0000000200547,00
