028	BANCO BICE                                                              
1000000	 0000001802490,00	 0000001735070,00	 0000000104239,00	 0000000700324,00
1100000	 0000000143109,00	 0000000000000,00	 0000000000000,00	 0000000093127,00
1100100	 0000000013615,00	 0000000000000,00	 0000000000000,00	 0000000005639,00
1100200	 0000000128912,00	 0000000000000,00	 0000000000000,00	 0000000009556,00
1100300	 0000000000582,00	 0000000000000,00	 0000000000000,00	 0000000000000,00
1100400	 0000000000000,00	 0000000000000,00	 0000000000000,00	 0000000077932,00
1130000	 0000000026804,00	 0000000000000,00	 0000000000000,00	 0000000016980,00
1130100	 0000000022758,00	 0000000000000,00	 0000000000000,00	 0000000001795,00
1130200	 0000000004046,00	 0000000000000,00	 0000000000000,00	 0000000015185,00
1150000	 0000000259025,00	 0000000134866,00	 0000000000000,00	 0000000000000,00
1150100	 0000000099570,00	 0000000087963,00	 0000000000000,00	 0000000000000,00
1150200	 0000000137686,00	 0000000046903,00	 0000000000000,00	 0000000000000,00
1150300	 0000000000000,00	 0000000000000,00	 0000000000000,00	 0000000000000,00
1150400	 0000000021769,00	 0000000000000,00	 0000000000000,00	 0000000000000,00
1160000	 0000000000853,00	 0000000000000,00	 0000000000000,00	 0000000000000,00
1160100	 0000000000000,00	 0000000000000,00	 0000000000000,00	 0000000000000,00
1160200	 0000000000853,00	 0000000000000,00	 0000000000000,00	 0000000000000,00
1250000	 0000000030512,00	 0000000000000,00	 0000000000000,00	 0000000004157,00
1250100	 0000000030512,00	 0000000000000,00	 0000000000000,00	 0000000004157,00
1250200	 0000000000000,00	 0000000000000,00	 0000000000000,00	 0000000000000,00
1270000	-0000000000033,00	 0000000000000,00	 0000000000000,00	 0000000005989,00
1270100	 0000000000000,00	 0000000000000,00	 0000000000000,00	 0000000000000,00
1270112	 0000000000000,00	 0000000000000,00	 0000000000000,00	 0000000000000,00
1270113	 0000000000000,00	 0000000000000,00	 0000000000000,00	 0000000000000,00
1270116	 0000000000000,00	 0000000000000,00	 0000000000000,00	 0000000000000,00
1270117	 0000000000000,00	 0000000000000,00	 0000000000000,00	 0000000000000,00
1270118	 0000000000000,00	 0000000000000,00	 0000000000000,00	 0000000000000,00
1270190	 0000000000000,00	 0000000000000,00	 0000000000000,00	 0000000000000,00
1270200	-0000000000033,00	 0000000000000,00	 0000000000000,00	 0000000005989,00
1270202	 0000000000000,00	 0000000000000,00	 0000000000000,00	 0000000000000,00
1270203	 0000000000000,00	 0000000000000,00	 0000000000000,00	 0000000000000,00
1270206	 0000000000000,00	 0000000000000,00	 0000000000000,00	 0000000001307,00
1270207	 0000000000000,00	 0000000000000,00	 0000000000000,00	 0000000000000,00
1270208	 0000000000000,00	 0000000000000,00	 0000000000000,00	 0000000004682,00
1270290	-0000000000033,00	 0000000000000,00	 0000000000000,00	 0000000000000,00
1270300	 0000000000000,00	 0000000000000,00	 0000000000000,00	 0000000000000,00
1300000	 0000001152850,00	 0000001599365,00	 0000000104239,00	 0000000576690,00
1302000	 0000001098088,00	 0000001141090,00	 0000000104239,00	 0000000575073,00
1302100	 0000001034223,00	 0000000913538,00	 0000000075448,00	 0000000349373,00
1302101	 0000001034223,00	 0000000859709,00	 0000000075448,00	 0000000349031,00
1302102	 0000000000000,00	 0000000000000,00	 0000000000000,00	 0000000000342,00
1302170	 0000000000000,00	 0000000007638,00	 0000000000000,00	 0000000000000,00
1302180	 0000000000000,00	 0000000046191,00	 0000000000000,00	 0000000000000,00
1302200	 0000000009193,00	 0000000000000,00	 0000000000014,00	 0000000223204,00
1302201	 0000000000000,00	 0000000000000,00	 0000000000000,00	 0000000000000,00
1302202	 0000000009193,00	 0000000000000,00	 0000000000000,00	 0000000109493,00
1302241	 0000000000000,00	 0000000000000,00	 0000000000014,00	 0000000007470,00
1302242	 0000000000000,00	 0000000000000,00	 0000000000000,00	 0000000093986,00
1302281	 0000000000000,00	 0000000000000,00	 0000000000000,00	 0000000000482,00
1302282	 0000000000000,00	 0000000000000,00	 0000000000000,00	 0000000011773,00
1302300	 0000000021660,00	 0000000000000,00	 0000000000000,00	 0000000002235,00
1302500	 0000000000000,00	 0000000000081,00	 0000000000000,00	 0000000000000,00
1302800	 0000000031514,00	 0000000227433,00	 0000000028709,00	 0000000000000,00
1302900	 0000000001498,00	 0000000000038,00	 0000000000068,00	 0000000000261,00
1304000	 0000000000008,00	 0000000451910,00	 0000000000000,00	 0000000000000,00
1304100	 0000000000000,00	 0000000003358,00	 0000000000000,00	 0000000000000,00
1304101	 0000000000000,00	 0000000003358,00	 0000000000000,00	 0000000000000,00
1304102	 0000000000000,00	 0000000000000,00	 0000000000000,00	 0000000000000,00
1304200	 0000000000000,00	 0000000179208,00	 0000000000000,00	 0000000000000,00
1304400	 0000000000000,00	 0000000000000,00	 0000000000000,00	 0000000000000,00
1304500	 0000000000000,00	 0000000269341,00	 0000000000000,00	 0000000000000,00
1304600	 0000000000000,00	 0000000000000,00	 0000000000000,00	 0000000000000,00
1304800	 0000000000000,00	 0000000000000,00	 0000000000000,00	 0000000000000,00
1304900	 0000000000008,00	 0000000000003,00	 0000000000000,00	 0000000000000,00
1305000	 0000000096205,00	 0000000006365,00	 0000000000000,00	 0000000001617,00
1305100	 0000000066322,00	 0000000006365,00	 0000000000000,00	 0000000000000,00
1305300	 0000000011436,00	 0000000000000,00	 0000000000000,00	 0000000000000,00
1305400	 0000000018447,00	 0000000000000,00	 0000000000000,00	 0000000001617,00
1305800	 0000000000000,00	 0000000000000,00	 0000000000000,00	 0000000000000,00
1305900	 0000000000000,00	 0000000000000,00	 0000000000000,00	 0000000000000,00
1309000	-0000000041451,00	 0000000000000,00	 0000000000000,00	 0000000000000,00
1309100	-0000000040300,00	 0000000000000,00	 0000000000000,00	 0000000000000,00
1309200	-0000000000314,00	 0000000000000,00	 0000000000000,00	 0000000000000,00
1309300	-0000000000837,00	 0000000000000,00	 0000000000000,00	 0000000000000,00
1350000	 0000000026246,00	 0000000000838,00	 0000000000000,00	 0000000000000,00
1350100	 0000000026246,00	 0000000000737,00	 0000000000000,00	 0000000000000,00
1350200	 0000000000000,00	 0000000000101,00	 0000000000000,00	 0000000000000,00
1350300	 0000000000000,00	 0000000000000,00	 0000000000000,00	 0000000000000,00
1360000	 0000000000000,00	 0000000000000,00	 0000000000000,00	 0000000000000,00
1360100	 0000000000000,00	 0000000000000,00	 0000000000000,00	 0000000000000,00
1360200	 0000000000000,00	 0000000000000,00	 0000000000000,00	 0000000000000,00
1360300	 0000000000000,00	 0000000000000,00	 0000000000000,00	 0000000000000,00
1400000	 0000000000909,00	 0000000000000,00	 0000000000000,00	 0000000000007,00
1400100	 0000000000000,00	 0000000000000,00	 0000000000000,00	 0000000000000,00
1400101	 0000000000000,00	 0000000000000,00	 0000000000000,00	 0000000000000,00
1400103	 0000000000000,00	 0000000000000,00	 0000000000000,00	 0000000000000,00
1400200	 0000000000909,00	 0000000000000,00	 0000000000000,00	 0000000000007,00
1500000	 0000000001996,00	 0000000000000,00	 0000000000000,00	 0000000000000,00
1500100	 0000000000000,00	 0000000000000,00	 0000000000000,00	 0000000000000,00
1500200	 0000000001996,00	 0000000000000,00	 0000000000000,00	 0000000000000,00
1600000	 0000000021212,00	 0000000000000,00	 0000000000000,00	 0000000000000,00
1600100	 0000000015844,00	 0000000000000,00	 0000000000000,00	 0000000000000,00
1600200	 0000000005368,00	 0000000000000,00	 0000000000000,00	 0000000000000,00
1700000	 0000000000202,00	 0000000000000,00	 0000000000000,00	 0000000000000,00
1750000	 0000000079551,00	 0000000000000,00	 0000000000000,00	 0000000000000,00
1800000	 0000000059254,00	 0000000000001,00	 0000000000000,00	 0000000003374,00
1800100	 0000000023196,00	 0000000000000,00	 0000000000000,00	 0000000001360,00
1800200	 0000000000000,00	 0000000000000,00	 0000000000000,00	 0000000000000,00
1800900	 0000000036058,00	 0000000000001,00	 0000000000000,00	 0000000002014,00
2000000	 0000001954085,00	 0000001381078,00	 0000000080786,00	 0000000587125,00
2100000	 0000000451151,00	 0000000047407,00	 0000000000000,00	 0000000145286,00
2100100	 0000000395644,00	 0000000000000,00	 0000000000000,00	 0000000137732,00
2100109	 0000000286121,00	 0000000000000,00	 0000000000000,00	 0000000119780,00
2100110	 0000000109520,00	 0000000000000,00	 0000000000000,00	 0000000017952,00
2100200	 0000000029790,00	 0000000000000,00	 0000000000000,00	 0000000000000,00
2100300	 0000000025717,00	 0000000047407,00	 0000000000000,00	 0000000007554,00
2130000	 0000000013762,00	 0000000000000,00	 0000000000000,00	 0000000005827,00
2160000	 0000000058555,00	 0000000048085,00	 0000000000000,00	 0000000000000,00
2160100	 0000000050017,00	 0000000000000,00	 0000000000000,00	 0000000000000,00
2160200	 0000000008538,00	 0000000048085,00	 0000000000000,00	 0000000000000,00
2200000	 0000001216818,00	 0000000610986,00	 0000000000000,00	 0000000176178,00
2200100	 0000001216818,00	 0000000605846,00	 0000000000000,00	 0000000176178,00
2200200	 0000000000000,00	 0000000005140,00	 0000000000000,00	 0000000000000,00
2200900	 0000000000000,00	 0000000000000,00	 0000000000000,00	 0000000000000,00
2250000	 0000000035373,00	 0000000000000,00	 0000000000000,00	 0000000003056,00
2250100	 0000000035373,00	 0000000000000,00	 0000000000000,00	 0000000003056,00
2250200	 0000000000000,00	 0000000000000,00	 0000000000000,00	 0000000000000,00
2300000	 0000000000000,00	 0000000000000,00	 0000000000000,00	 0000000099949,00
2301000	 0000000000000,00	 0000000000000,00	 0000000000000,00	 0000000000094,00
2301001	 0000000000000,00	 0000000000000,00	 0000000000000,00	 0000000000000,00
2302000	 0000000000000,00	 0000000000000,00	 0000000000000,00	 0000000099855,00
2302100	 0000000000000,00	 0000000000000,00	 0000000000000,00	 0000000089810,00
2302200	 0000000000000,00	 0000000000000,00	 0000000000000,00	 0000000010045,00
2303000	 0000000000000,00	 0000000000000,00	 0000000000000,00	 0000000000000,00
2303100	 0000000000000,00	 0000000000000,00	 0000000000000,00	 0000000000000,00
2303900	 0000000000000,00	 0000000000000,00	 0000000000000,00	 0000000000000,00
2400000	 0000000031250,00	 0000000653249,00	 0000000000000,00	 0000000101445,00
2401000	 0000000000000,00	 0000000011696,00	 0000000000000,00	 0000000000000,00
2402000	 0000000031250,00	 0000000641553,00	 0000000000000,00	 0000000101445,00
2402100	 0000000031250,00	 0000000492468,00	 0000000000000,00	 0000000101445,00
2402200	 0000000000000,00	 0000000149085,00	 0000000000000,00	 0000000000000,00
2402300	 0000000000000,00	 0000000000000,00	 0000000000000,00	 0000000000000,00
2500000	 0000000002380,00	 0000000021349,00	 0000000077921,00	 0000000051379,00
2500100	 0000000000000,00	 0000000021349,00	 0000000077921,00	 0000000000000,00
2500200	 0000000002380,00	 0000000000000,00	 0000000000000,00	 0000000007269,00
2500300	 0000000000000,00	 0000000000000,00	 0000000000000,00	 0000000044110,00
2600000	 0000000002569,00	 0000000000000,00	 0000000000000,00	 0000000000000,00
2650000	 0000000065319,00	 0000000000000,00	 0000000000000,00	 0000000000000,00
2700000	 0000000048916,00	 0000000000000,00	 0000000000000,00	 0000000000000,00
2700100	 0000000004869,00	 0000000000000,00	 0000000000000,00	 0000000000000,00
2700200	 0000000015738,00	 0000000000000,00	 0000000000000,00	 0000000000000,00
2700300	 0000000005517,00	 0000000000000,00	 0000000000000,00	 0000000000000,00
2700400	 0000000022792,00	 0000000000000,00	 0000000000000,00	 0000000000000,00
2700401	 0000000000029,00	 0000000000000,00	 0000000000000,00	 0000000000000,00
2700402	 0000000000000,00	 0000000000000,00	 0000000000000,00	 0000000000000,00
2700411	 0000000019426,00	 0000000000000,00	 0000000000000,00	 0000000000000,00
2700412	 0000000002712,00	 0000000000000,00	 0000000000000,00	 0000000000000,00
2700413	 0000000000625,00	 0000000000000,00	 0000000000000,00	 0000000000000,00
2700421	 0000000000000,00	 0000000000000,00	 0000000000000,00	 0000000000000,00
2700422	 0000000000000,00	 0000000000000,00	 0000000000000,00	 0000000000000,00
2700423	 0000000000000,00	 0000000000000,00	 0000000000000,00	 0000000000000,00
2700490	 0000000000000,00	 0000000000000,00	 0000000000000,00	 0000000000000,00
2800000	 0000000027992,00	 0000000000002,00	 0000000002865,00	 0000000004005,00
3000000	 0000000339049,00	 0000000000000,00	 0000000000000,00	 0000000000000,00
3101000	 0000000032142,00	 0000000000000,00	 0000000000000,00	 0000000000000,00
3102000	 0000000006041,00	 0000000000000,00	 0000000000000,00	 0000000000000,00
3103000	 0000000000193,00	 0000000000000,00	 0000000000000,00	 0000000000000,00
3104000	 0000000300650,00	 0000000000000,00	 0000000000000,00	 0000000000000,00
3104100	 0000000284912,00	 0000000000000,00	 0000000000000,00	 0000000000000,00
3104200	 0000000031475,00	 0000000000000,00	 0000000000000,00	 0000000000000,00
3104300	-0000000015737,00	 0000000000000,00	 0000000000000,00	 0000000000000,00
3200000	 0000000000023,00	 0000000000000,00	 0000000000000,00	 0000000000000,00
5001000	 0000000339026,00	 0000000000000,00	 0000000000000,00	 0000000000000,00
5002000	 0000002293134,00	 0000001381078,00	 0000000080786,00	 0000000587125,00
5100000	 0000001194301,00	 0000001599365,00	 0000000104239,00	 0000000576690,00
