028	BANCO BICE                              
4100000	 0000000046608,00	 0000000078912,00	 0000000002785,00	 0000000011236,00
4100100	 0000000000003,00	 0000000000000,00	 0000000000000,00	 0000000000000,00
4100101	 0000000000003,00	 0000000000000,00	 0000000000000,00	 0000000000000,00
4100151	 0000000000000,00	 0000000000000,00	 0000000000000,00	 0000000000000,00
4100200	 0000000000279,00	 0000000000000,00	 0000000000000,00	 0000000000042,00
4100201	 0000000000279,00	 0000000000000,00	 0000000000000,00	 0000000000042,00
4100251	 0000000000000,00	 0000000000000,00	 0000000000000,00	 0000000000000,00
4100300	 0000000037662,00	 0000000056452,00	 0000000002784,00	 0000000009460,00
4100301	 0000000033774,00	 0000000018931,00	 0000000001865,00	 0000000007164,00
4100309	 0000000000262,00	 0000000000000,00	 0000000000062,00	 0000000002250,00
4100310	 0000000001451,00	 0000000000000,00	 0000000000000,00	 0000000000046,00
4100320	 0000000000000,00	 0000000000001,00	 0000000000000,00	 0000000000000,00
4100330	 0000000001242,00	 0000000005410,00	 0000000000857,00	 0000000000000,00
4100340	 0000000000000,00	 0000000000000,00	 0000000000000,00	 0000000000000,00
4100351	 0000000000000,00	 0000000025818,00	 0000000000000,00	 0000000000000,00
4100359	 0000000000000,00	 0000000000000,00	 0000000000000,00	 0000000000000,00
4100360	 0000000000000,00	 0000000000000,00	 0000000000000,00	 0000000000000,00
4100370	 0000000000000,00	 0000000000003,00	 0000000000000,00	 0000000000000,00
4100380	 0000000000000,00	 0000000006289,00	 0000000000000,00	 0000000000000,00
4100390	 0000000000000,00	 0000000000000,00	 0000000000000,00	 0000000000000,00
4100399	 0000000000933,00	 0000000000000,00	 0000000000000,00	 0000000000000,00
4100400	 0000000000084,00	 0000000021630,00	 0000000000000,00	 0000000000000,00
4100401	 0000000000000,00	 0000000000073,00	 0000000000000,00	 0000000000000,00
4100402	 0000000000084,00	 0000000000000,00	 0000000000000,00	 0000000000000,00
4100403	 0000000000000,00	 0000000000000,00	 0000000000000,00	 0000000000000,00
4100405	 0000000000000,00	 0000000008663,00	 0000000000000,00	 0000000000000,00
4100407	 0000000000000,00	 0000000000001,00	 0000000000000,00	 0000000000000,00
4100408	 0000000000000,00	 0000000000000,00	 0000000000000,00	 0000000000000,00
4100420	 0000000000000,00	 0000000000000,00	 0000000000000,00	 0000000000000,00
4100430	 0000000000000,00	 0000000000000,00	 0000000000000,00	 0000000000000,00
4100451	 0000000000000,00	 0000000000106,00	 0000000000000,00	 0000000000000,00
4100452	 0000000000000,00	 0000000000000,00	 0000000000000,00	 0000000000000,00
4100455	 0000000000000,00	 0000000012787,00	 0000000000000,00	 0000000000000,00
4100457	 0000000000000,00	 0000000000000,00	 0000000000000,00	 0000000000000,00
4100458	 0000000000000,00	 0000000000000,00	 0000000000000,00	 0000000000000,00
4100480	 0000000000000,00	 0000000000000,00	 0000000000000,00	 0000000000000,00
4100490	 0000000000000,00	 0000000000000,00	 0000000000000,00	 0000000000000,00
4100499	 0000000000000,00	 0000000000000,00	 0000000000000,00	 0000000000000,00
4100500	 0000000004310,00	 0000000000383,00	 0000000000000,00	 0000000001710,00
4100501	 0000000003185,00	 0000000000200,00	 0000000000000,00	 0000000000000,00
4100510	 0000000000010,00	 0000000000000,00	 0000000000000,00	 0000000001710,00
4100520	 0000000001053,00	 0000000000000,00	 0000000000000,00	 0000000000000,00
4100530	 0000000000000,00	 0000000000000,00	 0000000000000,00	 0000000000000,00
4100540	 0000000000000,00	 0000000000000,00	 0000000000000,00	 0000000000000,00
4100590	 0000000000000,00	 0000000000183,00	 0000000000000,00	 0000000000000,00
4100599	 0000000000062,00	 0000000000000,00	 0000000000000,00	 0000000000000,00
4100600	 0000000000825,00	 0000000000369,00	 0000000000000,00	 0000000000000,00
4100601	 0000000000825,00	 0000000000131,00	 0000000000000,00	 0000000000000,00
4100621	 0000000000000,00	 0000000000000,00	 0000000000000,00	 0000000000000,00
4100651	 0000000000000,00	 0000000000238,00	 0000000000000,00	 0000000000000,00
4100671	 0000000000000,00	 0000000000000,00	 0000000000000,00	 0000000000000,00
4100800	 0000000003445,00	 0000000000078,00	 0000000000001,00	 0000000000024,00
4100801	 0000000000000,00	 0000000000000,00	 0000000000000,00	 0000000000000,00
4100804	 0000000000000,00	 0000000000000,00	 0000000000000,00	 0000000000019,00
4100810	 0000000003433,00	 0000000000006,00	 0000000000001,00	 0000000000005,00
4100850	 0000000000012,00	 0000000000072,00	 0000000000000,00	 0000000000000,00
4100900	 0000000000000,00	 0000000000000,00	 0000000000000,00	 0000000000000,00
4150000	-0000000031095,00	-0000000058118,00	-0000000001160,00	-0000000003176,00
4150100	 0000000000000,00	-0000000000183,00	 0000000000000,00	 0000000000000,00
4150101	 0000000000000,00	 0000000000000,00	 0000000000000,00	 0000000000000,00
4150102	 0000000000000,00	 0000000000000,00	 0000000000000,00	 0000000000000,00
4150103	 0000000000000,00	 0000000000000,00	 0000000000000,00	 0000000000000,00
4150151	 0000000000000,00	-0000000000183,00	 0000000000000,00	 0000000000000,00
4150200	-0000000000832,00	-0000000000276,00	 0000000000000,00	-0000000000005,00
4150201	-0000000000832,00	-0000000000180,00	 0000000000000,00	-0000000000005,00
4150251	 0000000000000,00	-0000000000096,00	 0000000000000,00	 0000000000000,00
4150300	-0000000029928,00	-0000000030066,00	 0000000000000,00	-0000000000793,00
4150301	-0000000029928,00	-0000000010695,00	 0000000000000,00	-0000000000793,00
4150302	 0000000000000,00	-0000000000010,00	 0000000000000,00	 0000000000000,00
4150309	 0000000000000,00	 0000000000000,00	 0000000000000,00	 0000000000000,00
4150351	 0000000000000,00	-0000000019207,00	 0000000000000,00	 0000000000000,00
4150352	 0000000000000,00	-0000000000154,00	 0000000000000,00	 0000000000000,00
4150359	 0000000000000,00	 0000000000000,00	 0000000000000,00	 0000000000000,00
4150400	-0000000000026,00	 0000000000000,00	-0000000000020,00	-0000000000500,00
4150401	-0000000000026,00	 0000000000000,00	-0000000000020,00	-0000000000500,00
4150451	 0000000000000,00	 0000000000000,00	 0000000000000,00	 0000000000000,00
4150500	-0000000000309,00	-0000000026676,00	 0000000000000,00	-0000000001363,00
4150501	 0000000000000,00	-0000000000240,00	 0000000000000,00	 0000000000000,00
4150511	-0000000000309,00	-0000000006958,00	 0000000000000,00	-0000000001363,00
4150521	 0000000000000,00	-0000000002853,00	 0000000000000,00	 0000000000000,00
4150522	 0000000000000,00	 0000000000000,00	 0000000000000,00	 0000000000000,00
4150551	 0000000000000,00	-0000000000362,00	 0000000000000,00	 0000000000000,00
4150561	 0000000000000,00	-0000000012705,00	 0000000000000,00	 0000000000000,00
4150571	 0000000000000,00	-0000000003558,00	 0000000000000,00	 0000000000000,00
4150572	 0000000000000,00	 0000000000000,00	 0000000000000,00	 0000000000000,00
4150600	 0000000000000,00	-0000000000917,00	-0000000001140,00	-0000000000515,00
4150601	 0000000000000,00	-0000000000261,00	-0000000001140,00	-0000000000515,00
4150651	 0000000000000,00	-0000000000656,00	 0000000000000,00	 0000000000000,00
4150800	 0000000000000,00	 0000000000000,00	 0000000000000,00	 0000000000000,00
4150801	 0000000000000,00	 0000000000000,00	 0000000000000,00	 0000000000000,00
4150851	 0000000000000,00	 0000000000000,00	 0000000000000,00	 0000000000000,00
4150900	 0000000000000,00	 0000000000000,00	 0000000000000,00	 0000000000000,00
4200000	 0000000020799,00	 0000000000000,00	 0000000000058,00	 0000000000333,00
4200100	 0000000002907,00	 0000000000000,00	 0000000000000,00	 0000000000000,00
4200200	 0000000000085,00	 0000000000000,00	 0000000000058,00	 0000000000091,00
4200300	 0000000002172,00	 0000000000000,00	 0000000000000,00	 0000000000000,00
4200303	 0000000000000,00	 0000000000000,00	 0000000000000,00	 0000000000000,00
4200304	 0000000000211,00	 0000000000000,00	 0000000000000,00	 0000000000000,00
4200305	 0000000000759,00	 0000000000000,00	 0000000000000,00	 0000000000000,00
4200306	 0000000000999,00	 0000000000000,00	 0000000000000,00	 0000000000000,00
4200307	 0000000000000,00	 0000000000000,00	 0000000000000,00	 0000000000000,00
4200309	 0000000000203,00	 0000000000000,00	 0000000000000,00	 0000000000000,00
4200400	 0000000000118,00	 0000000000000,00	 0000000000000,00	 0000000000000,00
4200500	 0000000001585,00	 0000000000000,00	 0000000000000,00	 0000000000038,00
4200600	 0000000002790,00	 0000000000000,00	 0000000000000,00	 0000000000000,00
4200700	 0000000009083,00	 0000000000000,00	 0000000000000,00	 0000000000000,00
4200800	 0000000000604,00	 0000000000000,00	 0000000000000,00	 0000000000000,00
4200900	 0000000001455,00	 0000000000000,00	 0000000000000,00	 0000000000204,00
4250000	-0000000001715,00	 0000000000000,00	 0000000000000,00	-0000000001694,00
4250100	-0000000001297,00	 0000000000000,00	 0000000000000,00	 0000000000000,00
4250101	-0000000000502,00	 0000000000000,00	 0000000000000,00	 0000000000000,00
4250102	-0000000000795,00	 0000000000000,00	 0000000000000,00	 0000000000000,00
4250190	 0000000000000,00	 0000000000000,00	 0000000000000,00	 0000000000000,00
4250200	-0000000000341,00	 0000000000000,00	 0000000000000,00	 0000000000000,00
4250300	-0000000000077,00	 0000000000000,00	 0000000000000,00	-0000000001694,00
4300000	-0000000000616,00	 0000000006827,00	 0000000000000,00	 0000000002675,00
4300100	 0000000006038,00	 0000000006612,00	 0000000000000,00	 0000000000059,00
4300101	 0000000003954,00	 0000000004592,00	 0000000000000,00	 0000000000057,00
4300102	 0000000000636,00	 0000000000010,00	 0000000000000,00	 0000000000000,00
4300103	 0000000001115,00	 0000000002057,00	 0000000000000,00	 0000000000002,00
4300104	-0000000000017,00	-0000000000047,00	 0000000000000,00	 0000000000000,00
4300190	 0000000000350,00	 0000000000000,00	 0000000000000,00	 0000000000000,00
4300200	-0000000006753,00	 0000000000000,00	 0000000000000,00	 0000000002616,00
4300300	 0000000000099,00	 0000000000215,00	 0000000000000,00	 0000000000000,00
4300400	 0000000000000,00	 0000000000000,00	 0000000000000,00	 0000000000000,00
4300500	 0000000000000,00	 0000000000000,00	 0000000000000,00	 0000000000000,00
4350000	 0000000007537,00	 0000000000000,00	 0000000001445,00	 0000000000000,00
4350100	 0000000007665,00	 0000000000000,00	 0000000000000,00	 0000000000000,00
4350200	-0000000000128,00	 0000000000000,00	 0000000001445,00	 0000000000000,00
4350900	 0000000000000,00	 0000000000000,00	 0000000000000,00	 0000000000000,00
4400000	 0000000001712,00	 0000000000001,00	 0000000000000,00	 0000000000277,00
4400100	 0000000000584,00	 0000000000000,00	 0000000000000,00	 0000000000000,00
4400200	 0000000000005,00	 0000000000000,00	 0000000000000,00	 0000000000000,00
4400290	 0000000000000,00	 0000000000000,00	 0000000000000,00	 0000000000000,00
4400300	 0000000001123,00	 0000000000001,00	 0000000000000,00	 0000000000277,00
4500000	-0000000009428,00	 0000000000000,00	 0000000000000,00	 0000000000000,00
4500100	-0000000008564,00	 0000000000000,00	 0000000000000,00	 0000000000000,00
4500101	-0000000007923,00	 0000000000000,00	 0000000000000,00	 0000000000000,00
4500111	-0000000000077,00	 0000000000000,00	 0000000000000,00	 0000000000000,00
4500112	-0000000000553,00	 0000000000000,00	 0000000000000,00	 0000000000000,00
4500190	-0000000000011,00	 0000000000000,00	 0000000000000,00	 0000000000000,00
4500200	 0000000000171,00	 0000000000000,00	 0000000000000,00	 0000000000000,00
4500700	-0000000001396,00	 0000000000000,00	 0000000000000,00	 0000000000000,00
4500701	-0000000001025,00	 0000000000000,00	 0000000000000,00	 0000000000000,00
4500702	-0000000000355,00	 0000000000000,00	 0000000000000,00	 0000000000000,00
4500703	-0000000000016,00	 0000000000000,00	 0000000000000,00	 0000000000000,00
4500800	 0000000000000,00	 0000000000000,00	 0000000000000,00	 0000000000000,00
4500801	 0000000000000,00	 0000000000000,00	 0000000000000,00	 0000000000000,00
4500802	 0000000000000,00	 0000000000000,00	 0000000000000,00	 0000000000000,00
4500803	 0000000000000,00	 0000000000000,00	 0000000000000,00	 0000000000000,00
4500900	 0000000000361,00	 0000000000000,00	 0000000000000,00	 0000000000000,00
4500901	 0000000000206,00	 0000000000000,00	 0000000000000,00	 0000000000000,00
4500911	 0000000000000,00	 0000000000000,00	 0000000000000,00	 0000000000000,00
4500921	 0000000000155,00	 0000000000000,00	 0000000000000,00	 0000000000000,00
4500931	 0000000000000,00	 0000000000000,00	 0000000000000,00	 0000000000000,00
4600000	-0000000022171,00	 0000000000000,00	 0000000000000,00	 0000000000000,00
4610000	-0000000011368,00	-0000000000002,00	 0000000000000,00	 0000000000000,00
4610100	-0000000007662,00	-0000000000002,00	 0000000000000,00	 0000000000000,00
4610200	-0000000000797,00	 0000000000000,00	 0000000000000,00	 0000000000000,00
4610300	-0000000000315,00	 0000000000000,00	 0000000000000,00	 0000000000000,00
4610400	-0000000001436,00	 0000000000000,00	 0000000000000,00	 0000000000000,00
4610500	-0000000001158,00	 0000000000000,00	 0000000000000,00	 0000000000000,00
4620000	-0000000001814,00	 0000000000000,00	 0000000000000,00	 0000000000000,00
4630000	 0000000000000,00	 0000000000000,00	 0000000000000,00	 0000000000000,00
4650000	-0000000002698,00	 0000000000000,00	 0000000000000,00	-0000000000006,00
4650100	-0000000000078,00	 0000000000000,00	 0000000000000,00	 0000000000000,00
4650200	 0000000000000,00	 0000000000000,00	 0000000000000,00	 0000000000000,00
4650201	 0000000000000,00	 0000000000000,00	 0000000000000,00	 0000000000000,00
4650211	 0000000000000,00	 0000000000000,00	 0000000000000,00	 0000000000000,00
4650290	 0000000000000,00	 0000000000000,00	 0000000000000,00	 0000000000000,00
4650900	-0000000002620,00	 0000000000000,00	 0000000000000,00	-0000000000006,00
4700000	 0000000000108,00	 0000000000000,00	 0000000000000,00	 0000000000000,00
4700100	 0000000000108,00	 0000000000000,00	 0000000000000,00	 0000000000000,00
4700101	 0000000000000,00	 0000000000000,00	 0000000000000,00	 0000000000000,00
4700103	 0000000000000,00	 0000000000000,00	 0000000000000,00	 0000000000000,00
4700110	 0000000000108,00	 0000000000000,00	 0000000000000,00	 0000000000000,00
4700200	 0000000000000,00	 0000000000000,00	 0000000000000,00	 0000000000000,00
4700201	 0000000000000,00	 0000000000000,00	 0000000000000,00	 0000000000000,00
4700203	 0000000000000,00	 0000000000000,00	 0000000000000,00	 0000000000000,00
4700210	 0000000000000,00	 0000000000000,00	 0000000000000,00	 0000000000000,00
4800000	-0000000004775,00	 0000000000000,00	 0000000000000,00	 0000000000000,00
4800001	-0000000006971,00	 0000000000000,00	 0000000000000,00	 0000000000000,00
4850000	 0000000000000,00	 0000000000000,00	 0000000000000,00	 0000000000000,00
4900000	 0000000000002,00	 0000000000000,00	 0000000000000,00	 0000000000000,00
5003000	 0000000015513,00	 0000000020794,00	 0000000001625,00	 0000000008060,00
5004000	 0000000019084,00	 0000000000000,00	 0000000000058,00	-0000000001361,00
5005000	 0000000043230,00	 0000000027622,00	 0000000003128,00	 0000000009651,00
5006000	 0000000033802,00	 0000000027622,00	 0000000003128,00	 0000000009651,00
5007000	-0000000004249,00	 0000000027620,00	 0000000003128,00	 0000000009645,00
5008000	-0000000004141,00	 0000000027620,00	 0000000003128,00	 0000000009645,00
5009000	-0000000008916,00	 0000000027620,00	 0000000003128,00	 0000000009645,00
5010000	-0000000008916,00	 0000000027620,00	 0000000003128,00	 0000000009645,00
5020000	-0000000008918,00	 0000000027620,00	 0000000003128,00	 0000000009645,00
