028	BANCO BICE
1000000	 0000004450240,00	 0000003269216,00	 0000000124928,00	 0000001296214,00
1100000	 0000000656475,00	 0000000000000,00	 0000000000000,00	 0000000493779,00
1100100	 0000000014886,00	 0000000000000,00	 0000000000000,00	 0000000008981,00
1100200	 0000000630960,00	 0000000000000,00	 0000000000000,00	 0000000013283,00
1100300	 0000000010629,00	 0000000000000,00	 0000000000000,00	 0000000000000,00
1100400	 0000000000000,00	 0000000000000,00	 0000000000000,00	 0000000471515,00
1130000	 0000000071431,00	 0000000000000,00	 0000000000000,00	 0000000036398,00
1130100	 0000000016259,00	 0000000000000,00	 0000000000000,00	 0000000002046,00
1130200	 0000000055172,00	 0000000000000,00	 0000000000000,00	 0000000034352,00
1150000	 0000000388534,00	 0000000022971,00	 0000000000000,00	 0000000024188,00
1150100	 0000000331414,00	 0000000020576,00	 0000000000000,00	 0000000000000,00
1150200	 0000000004714,00	 0000000002395,00	 0000000000000,00	 0000000001144,00
1150300	 0000000000000,00	 0000000000000,00	 0000000000000,00	 0000000023044,00
1150400	 0000000052406,00	 0000000000000,00	 0000000000000,00	 0000000000000,00
1160000	 0000000007000,00	 0000000000000,00	 0000000000000,00	 0000000000000,00
1160100	 0000000000000,00	 0000000000000,00	 0000000000000,00	 0000000000000,00
1160200	 0000000007000,00	 0000000000000,00	 0000000000000,00	 0000000000000,00
1250000	 0000000109751,00	 0000000000000,00	 0000000000000,00	 0000000018897,00
1250100	 0000000105465,00	 0000000000000,00	 0000000000000,00	 0000000018897,00
1250200	 0000000004286,00	 0000000000000,00	 0000000000000,00	 0000000000000,00
1270000	 0000000000000,00	 0000000000000,00	 0000000000000,00	 0000000000000,00
1270100	 0000000000000,00	 0000000000000,00	 0000000000000,00	 0000000000000,00
1270112	 0000000000000,00	 0000000000000,00	 0000000000000,00	 0000000000000,00
1270113	 0000000000000,00	 0000000000000,00	 0000000000000,00	 0000000000000,00
1270116	 0000000000000,00	 0000000000000,00	 0000000000000,00	 0000000000000,00
1270117	 0000000000000,00	 0000000000000,00	 0000000000000,00	 0000000000000,00
1270118	 0000000000000,00	 0000000000000,00	 0000000000000,00	 0000000000000,00
1270190	 0000000000000,00	 0000000000000,00	 0000000000000,00	 0000000000000,00
1270200	 0000000000000,00	 0000000000000,00	 0000000000000,00	 0000000000000,00
1270202	 0000000000000,00	 0000000000000,00	 0000000000000,00	 0000000000000,00
1270203	 0000000000000,00	 0000000000000,00	 0000000000000,00	 0000000000000,00
1270206	 0000000000000,00	 0000000000000,00	 0000000000000,00	 0000000000000,00
1270207	 0000000000000,00	 0000000000000,00	 0000000000000,00	 0000000000000,00
1270208	 0000000000000,00	 0000000000000,00	 0000000000000,00	 0000000000000,00
1270290	 0000000000000,00	 0000000000000,00	 0000000000000,00	 0000000000000,00
1270300	 0000000000000,00	 0000000000000,00	 0000000000000,00	 0000000000000,00
1300000	 0000002170082,00	 0000003141468,00	 0000000124928,00	 0000000699541,00
1302000	 0000002105353,00	 0000001859398,00	 0000000124928,00	 0000000697069,00
1302100	 0000001881797,00	 0000001565355,00	 0000000069019,00	 0000000477487,00
1302101	 0000001881797,00	 0000001460375,00	 0000000069019,00	 0000000455173,00
1302102	 0000000000000,00	 0000000000000,00	 0000000000000,00	 0000000022314,00
1302170	 0000000000000,00	 0000000000204,00	 0000000000000,00	 0000000000000,00
1302180	 0000000000000,00	 0000000104776,00	 0000000000000,00	 0000000000000,00
1302200	 0000000003288,00	 0000000000000,00	 0000000000045,00	 0000000208231,00
1302201	 0000000000000,00	 0000000000000,00	 0000000000000,00	 0000000027367,00
1302202	 0000000003288,00	 0000000000000,00	 0000000000000,00	 0000000101755,00
1302241	 0000000000000,00	 0000000000000,00	 0000000000045,00	 0000000011695,00
1302242	 0000000000000,00	 0000000000000,00	 0000000000000,00	 0000000064606,00
1302281	 0000000000000,00	 0000000000000,00	 0000000000000,00	 0000000000442,00
1302282	 0000000000000,00	 0000000000000,00	 0000000000000,00	 0000000002366,00
1302300	 0000000037806,00	 0000000000000,00	 0000000000000,00	 0000000001739,00
1302500	 0000000081631,00	 0000000000551,00	 0000000000000,00	 0000000009188,00
1302600	 0000000000000,00	 0000000005164,00	 0000000000000,00	 0000000000000,00
1302601	 0000000000000,00	 0000000000000,00	 0000000000000,00	 0000000000000,00
1302602	 0000000000000,00	 0000000000035,00	 0000000000000,00	 0000000000000,00
1302604	 0000000000000,00	 0000000005129,00	 0000000000000,00	 0000000000000,00
1302800	 0000000098054,00	 0000000287851,00	 0000000055697,00	 0000000000000,00
1302900	 0000000002777,00	 0000000000477,00	 0000000000167,00	 0000000000424,00
1304000	 0000000000017,00	 0000001278575,00	 0000000000000,00	 0000000000000,00
1304100	 0000000000000,00	 0000000000599,00	 0000000000000,00	 0000000000000,00
1304101	 0000000000000,00	 0000000000599,00	 0000000000000,00	 0000000000000,00
1304102	 0000000000000,00	 0000000000000,00	 0000000000000,00	 0000000000000,00
1304200	 0000000000000,00	 0000000500671,00	 0000000000000,00	 0000000000000,00
1304400	 0000000000000,00	 0000000000000,00	 0000000000000,00	 0000000000000,00
1304500	 0000000000000,00	 0000000767042,00	 0000000000000,00	 0000000000000,00
1304600	 0000000000000,00	 0000000000000,00	 0000000000000,00	 0000000000000,00
1304800	 0000000000000,00	 0000000000000,00	 0000000000000,00	 0000000000000,00
1304900	 0000000000017,00	 0000000010263,00	 0000000000000,00	 0000000000000,00
1305000	 0000000164654,00	 0000000003495,00	 0000000000000,00	 0000000002472,00
1305100	 0000000115194,00	 0000000003495,00	 0000000000000,00	 0000000000000,00
1305300	 0000000009372,00	 0000000000000,00	 0000000000000,00	 0000000000000,00
1305400	 0000000040088,00	 0000000000000,00	 0000000000000,00	 0000000002472,00
1305800	 0000000000000,00	 0000000000000,00	 0000000000000,00	 0000000000000,00
1305900	 0000000000000,00	 0000000000000,00	 0000000000000,00	 0000000000000,00
1309000	-0000000099942,00	 0000000000000,00	 0000000000000,00	 0000000000000,00
1309100	-0000000095136,00	 0000000000000,00	 0000000000000,00	 0000000000000,00
1309200	-0000000001779,00	 0000000000000,00	 0000000000000,00	 0000000000000,00
1309300	-0000000003027,00	 0000000000000,00	 0000000000000,00	 0000000000000,00
1350000	 0000000795421,00	 0000000038835,00	 0000000000000,00	 0000000017134,00
1350100	 0000000781850,00	 0000000000000,00	 0000000000000,00	 0000000000000,00
1350200	 0000000013571,00	 0000000038835,00	 0000000000000,00	 0000000001883,00
1350300	 0000000000000,00	 0000000000000,00	 0000000000000,00	 0000000015251,00
1360000	 0000000000000,00	 0000000000000,00	 0000000000000,00	 0000000000000,00
1360100	 0000000000000,00	 0000000000000,00	 0000000000000,00	 0000000000000,00
1360200	 0000000000000,00	 0000000000000,00	 0000000000000,00	 0000000000000,00
1360300	 0000000000000,00	 0000000000000,00	 0000000000000,00	 0000000000000,00
1400000	 0000000000471,00	 0000000000000,00	 0000000000000,00	 0000000000012,00
1400100	 0000000000000,00	 0000000000000,00	 0000000000000,00	 0000000000000,00
1400101	 0000000000000,00	 0000000000000,00	 0000000000000,00	 0000000000000,00
1400103	 0000000000000,00	 0000000000000,00	 0000000000000,00	 0000000000000,00
1400200	 0000000000471,00	 0000000000000,00	 0000000000000,00	 0000000000012,00
1500000	 0000000004908,00	 0000000000000,00	 0000000000000,00	 0000000000000,00
1500100	 0000000000000,00	 0000000000000,00	 0000000000000,00	 0000000000000,00
1500200	 0000000004908,00	 0000000000000,00	 0000000000000,00	 0000000000000,00
1600000	 0000000030064,00	 0000000000000,00	 0000000000000,00	 0000000000000,00
1600100	 0000000018629,00	 0000000000000,00	 0000000000000,00	 0000000000000,00
1600200	 0000000011435,00	 0000000000000,00	 0000000000000,00	 0000000000000,00
1650000	 0000000002593,00	 0000000065132,00	 0000000000000,00	 0000000000000,00
1650100	 0000000002593,00	 0000000065132,00	 0000000000000,00	 0000000000000,00
1650200	 0000000000000,00	 0000000000000,00	 0000000000000,00	 0000000000000,00
1700000	 0000000043068,00	 0000000000000,00	 0000000000000,00	 0000000000000,00
1750000	 0000000046579,00	 0000000000000,00	 0000000000000,00	 0000000000000,00
1800000	 0000000123863,00	 0000000000810,00	 0000000000000,00	 0000000006265,00
1800100	 0000000026322,00	 0000000000000,00	 0000000000000,00	 0000000000000,00
1800200	 0000000001262,00	 0000000000000,00	 0000000000000,00	 0000000000000,00
1800900	 0000000096279,00	 0000000000810,00	 0000000000000,00	 0000000006265,00
2000000	 0000004403626,00	 0000002846849,00	 0000000075721,00	 0000001157820,00
2100000	 0000001502445,00	 0000000009096,00	 0000000000034,00	 0000000565624,00
2100100	 0000001324030,00	 0000000000000,00	 0000000000000,00	 0000000492371,00
2100109	 0000001015581,00	 0000000000000,00	 0000000000000,00	 0000000397573,00
2100110	 0000000308449,00	 0000000000000,00	 0000000000000,00	 0000000094798,00
2100200	 0000000110240,00	 0000000000000,00	 0000000000000,00	 0000000000000,00
2100300	 0000000068175,00	 0000000009096,00	 0000000000034,00	 0000000073253,00
2130000	 0000000078750,00	 0000000000000,00	 0000000000000,00	 0000000011945,00
2160000	 0000000011895,00	 0000000000000,00	 0000000000000,00	 0000000000000,00
2160100	 0000000000000,00	 0000000000000,00	 0000000000000,00	 0000000000000,00
2160200	 0000000011895,00	 0000000000000,00	 0000000000000,00	 0000000000000,00
2200000	 0000001704294,00	 0000001171230,00	 0000000000000,00	 0000000202304,00
2200100	 0000001704294,00	 0000001167944,00	 0000000000000,00	 0000000202304,00
2200200	 0000000000000,00	 0000000003286,00	 0000000000000,00	 0000000000000,00
2200900	 0000000000000,00	 0000000000000,00	 0000000000000,00	 0000000000000,00
2250000	 0000000112773,00	 0000000000000,00	 0000000000000,00	 0000000021030,00
2250100	 0000000112773,00	 0000000000000,00	 0000000000000,00	 0000000021030,00
2250200	 0000000000000,00	 0000000000000,00	 0000000000000,00	 0000000000000,00
2300000	 0000000777882,00	 0000000000000,00	 0000000000000,00	 0000000118582,00
2301000	 0000000009001,00	 0000000000000,00	 0000000000000,00	 0000000000000,00
2301001	 0000000000000,00	 0000000000000,00	 0000000000000,00	 0000000000000,00
2302000	 0000000000000,00	 0000000000000,00	 0000000000000,00	 0000000118582,00
2302100	 0000000000000,00	 0000000000000,00	 0000000000000,00	 0000000106843,00
2302200	 0000000000000,00	 0000000000000,00	 0000000000000,00	 0000000011739,00
2303000	 0000000768881,00	 0000000000000,00	 0000000000000,00	 0000000000000,00
2303100	 0000000768881,00	 0000000000000,00	 0000000000000,00	 0000000000000,00
2303900	 0000000000000,00	 0000000000000,00	 0000000000000,00	 0000000000000,00
2400000	 0000000062534,00	 0000001600343,00	 0000000000000,00	 0000000166023,00
2401000	 0000000000000,00	 0000000000863,00	 0000000000000,00	 0000000000000,00
2402000	 0000000062534,00	 0000001599480,00	 0000000000000,00	 0000000166023,00
2402100	 0000000062534,00	 0000001382083,00	 0000000000000,00	 0000000166023,00
2402200	 0000000000000,00	 0000000217397,00	 0000000000000,00	 0000000000000,00
2402300	 0000000000000,00	 0000000000000,00	 0000000000000,00	 0000000000000,00
2500000	 0000000003964,00	 0000000000006,00	 0000000068272,00	 0000000053004,00
2500100	 0000000000000,00	 0000000000006,00	 0000000068272,00	 0000000000000,00
2500200	 0000000003964,00	 0000000000000,00	 0000000000000,00	 0000000027367,00
2500300	 0000000000000,00	 0000000000000,00	 0000000000000,00	 0000000025637,00
2550000	 0000000000000,00	 0000000066134,00	 0000000000000,00	 0000000000000,00
2600000	 0000000000002,00	 0000000000000,00	 0000000000000,00	 0000000000000,00
2650000	 0000000000411,00	 0000000000000,00	 0000000000000,00	 0000000000000,00
2700000	 0000000086359,00	 0000000000000,00	 0000000000000,00	 0000000000000,00
2700100	 0000000012229,00	 0000000000000,00	 0000000000000,00	 0000000000000,00
2700200	 0000000022393,00	 0000000000000,00	 0000000000000,00	 0000000000000,00
2700300	 0000000010268,00	 0000000000000,00	 0000000000000,00	 0000000000000,00
2700400	 0000000041469,00	 0000000000000,00	 0000000000000,00	 0000000000000,00
2700401	 0000000000382,00	 0000000000000,00	 0000000000000,00	 0000000000000,00
2700402	 0000000000000,00	 0000000000000,00	 0000000000000,00	 0000000000000,00
2700411	 0000000031523,00	 0000000000000,00	 0000000000000,00	 0000000000000,00
2700412	 0000000007890,00	 0000000000000,00	 0000000000000,00	 0000000000000,00
2700413	 0000000001661,00	 0000000000000,00	 0000000000000,00	 0000000000000,00
2700421	 0000000000000,00	 0000000000000,00	 0000000000000,00	 0000000000000,00
2700422	 0000000000000,00	 0000000000000,00	 0000000000000,00	 0000000000000,00
2700423	 0000000000000,00	 0000000000000,00	 0000000000000,00	 0000000000000,00
2700490	 0000000000013,00	 0000000000000,00	 0000000000000,00	 0000000000000,00
2800000	 0000000062317,00	 0000000000040,00	 0000000007415,00	 0000000019308,00
3000000	 0000000653673,00	 0000000002909,00	 0000000000000,00	 0000000000000,00
3101000	 0000000032142,00	 0000000000000,00	 0000000000000,00	 0000000000000,00
3102000	 0000000006041,00	 0000000000000,00	 0000000000000,00	 0000000000000,00
3103000	 0000000000585,00	 0000000002909,00	 0000000000000,00	 0000000000000,00
3104000	 0000000614858,00	 0000000000000,00	 0000000000000,00	 0000000000000,00
3104100	 0000000562613,00	 0000000000000,00	 0000000000000,00	 0000000000000,00
3104200	 0000000074635,00	 0000000000000,00	 0000000000000,00	 0000000000000,00
3104300	-0000000022390,00	 0000000000000,00	 0000000000000,00	 0000000000000,00
3200000	 0000000000047,00	 0000000000000,00	 0000000000000,00	 0000000000000,00
5001000	 0000000653626,00	 0000000002909,00	 0000000000000,00	 0000000000000,00
5002000	 0000005057299,00	 0000002849758,00	 0000000075721,00	 0000001157820,00
5100000	 0000002270024,00	 0000003141468,00	 0000000124928,00	 0000000699541,00
