051	BANCO FALABELLA
411000000	000445379830575
411100000	000422053515233
411150000	000000537796911
411150100	000000000000000
411150101	000000000000000
411150102	000000000000000
411150103	000000000000000
411150200	000000000000000
411150201	000000000000000
411150202	000000000000000
411150203	000000000000000
411150300	000000537796911
411150301	000000537796911
411150302	000000000000000
411150400	000000000000000
411150401	000000000000000
411150402	000000000000000
411200000	000000197906635
411200100	000000161702017
411200101	000000000000000
411200102	000000161702017
411200109	000000000000000
411200200	000000036204618
411200201	000000036204618
411200202	000000000000000
411200209	000000000000000
411200300	000000000000000
411200301	000000000000000
411200302	000000000000000
411200303	000000000000000
411200304	000000000000000
411200309	000000000000000
411250000	000000068888892
411250100	000000068888892
411250101	000000068888892
411250102	000000000000000
411250103	000000000000000
411250104	000000000000000
411250105	000000000000000
411250106	000000000000000
411250107	000000000000000
411250190	000000000000000
411250200	000000000000000
411250201	000000000000000
411250202	000000000000000
411250203	000000000000000
411250204	000000000000000
411250205	000000000000000
411250206	000000000000000
411250207	000000000000000
411250208	000000000000000
411250290	000000000000000
411250300	000000000000000
411250301	000000000000000
411250302	000000000000000
411250309	000000000000000
411250400	000000000000000
411250401	000000000000000
411250402	000000000000000
411250409	000000000000000
411280000	000002043968150
411280100	000000844598504
411280101	000000599108029
411280102	000000000000000
411280103	000000000000000
411280104	000000000000000
411280105	000000000000000
411280106	000000245490475
411280200	000000000000000
411280201	000000000000000
411280202	000000000000000
411280203	000000000000000
411280204	000000000000000
411280205	000000000000000
411280209	000000000000000
411280300	000000080107275
411280400	000000000000000
411280500	000000000000000
411280501	000000000000000
411280502	000000000000000
411280600	000000000000000
411280601	000000000000000
411280602	000000000000000
411280700	000001119262371
411280701	000001116709515
411280702	000000002461368
411280709	000000000091488
411280900	000000000000000
411280901	000000000000000
411280902	000000000000000
411280990	000000000000000
411350000	000012837087536
411350100	000000921412813
411350200	000001350739685
411350300	000000000000000
411350400	000010564935038
411350401	000010564935038
411350402	000000000000000
411350500	000000000000000
411350900	000000000000000
411350901	000000000000000
411350902	000000000000000
411350903	000000000000000
411350990	000000000000000
411380000	000403445978908
411380100	000071400358447
411380200	000013164400613
411380300	000318881219847
411380400	000000000000000
411380900	000000000000001
411380901	000000000000000
411380990	000000000000001
411450000	000002921888201
411450100	000000823967997
411450101	000000000000000
411450102	000000823967997
411450109	000000000000000
411450200	000000000000000
411450201	000000000000000
411450202	000000000000000
411450209	000000000000000
411450300	000000000000000
411450400	000000399492431
411450900	000001698427773
411700000	000023326315342
411720000	000023326315342
411720100	000018264416856
411720101	000015884657922
411720102	000002379758934
411720109	000000000000000
411720200	000005061898486
411720201	000005061898486
411720202	000000000000000
411720209	000000000000000
411720300	000000000000000
411720301	000000000000000
411720302	000000000000000
411720303	000000000000000
411720304	000000000000000
411720309	000000000000000
411740000	000000000000000
411740100	000000000000000
411740101	000000000000000
411740102	000000000000000
411740103	000000000000000
411740104	000000000000000
411740200	000000000000000
411800000	000000000000000
411800100	000000000000000
411800200	000000000000000
411800300	000000000000000
412000000	-00052540228215
412100000	-00051923418117
412150000	000000000000000
412150100	000000000000000
412150101	000000000000000
412150102	000000000000000
412150103	000000000000000
412150104	000000000000000
412150200	000000000000000
412150201	000000000000000
412150202	000000000000000
412150300	000000000000000
412150500	000000000000000
412180000	-00042464446183
412180100	-00040742236848
412180200	-00000157057804
412180201	-00000117791299
412180202	-00000039266505
412180300	-00001565151531
412180301	000000000000000
412180302	000000000000000
412180390	-00001565151531
412250000	000000000000000
412250100	000000000000000
412250101	000000000000000
412250102	000000000000000
412250103	000000000000000
412250200	000000000000000
412250201	000000000000000
412250202	000000000000000
412250203	000000000000000
412250300	000000000000000
412250301	000000000000000
412250302	000000000000000
412250400	000000000000000
412250401	000000000000000
412250402	000000000000000
412280000	-00001340222222
412280100	-00001340222222
412280110	000000000000000
412280111	000000000000000
412280112	000000000000000
412280113	000000000000000
412280120	-00001340222222
412280121	000000000000000
412280122	000000000000000
412280123	000000000000000
412280124	000000000000000
412280129	-00001340222222
412280200	000000000000000
412280210	000000000000000
412280211	000000000000000
412280212	000000000000000
412280213	000000000000000
412280220	000000000000000
412280221	000000000000000
412280222	000000000000000
412280223	000000000000000
412280224	000000000000000
412280229	000000000000000
412280300	000000000000000
412280301	000000000000000
412280302	000000000000000
412280400	000000000000000
412280401	000000000000000
412280402	000000000000000
412350000	-00006293700394
412350100	-00000932637822
412350101	-00000929455108
412350102	-00000003182714
412350200	-00005361062572
412350201	-00005361062572
412350203	000000000000000
412380000	-00001825049318
412380100	-00000000111535
412380101	-00000000111535
412380102	000000000000000
412380200	-00001824937783
412380201	000000000000000
412380202	000000000000000
412380203	000000000000000
412380204	000000000000000
412380205	000000000000000
412380206	000000000000000
412380207	000000000000000
412380208	000000000000000
412380290	-00001824937783
412380300	000000000000000
412380301	000000000000000
412380302	000000000000000
412380303	000000000000000
412380304	000000000000000
412380305	000000000000000
412380306	000000000000000
412450000	-00000254320789
412500000	-00000362489309
412500100	-00000362489309
412800000	000000000000000
412800100	000000000000000
412800200	000000000000000
412800300	000000000000000
415000000	000019912678270
415100000	000017150376944
415150000	000000000000000
415150100	000000000000000
415150101	000000000000000
415150102	000000000000000
415150103	000000000000000
415150200	000000000000000
415150201	000000000000000
415150202	000000000000000
415150203	000000000000000
415150300	000000000000000
415150301	000000000000000
415150302	000000000000000
415150400	000000000000000
415150401	000000000000000
415150402	000000000000000
415200000	000000886646364
415200100	000000744128276
415200101	000000000000000
415200102	000000744128276
415200109	000000000000000
415200200	000000142518088
415200201	000000142518088
415200202	000000000000000
415200209	000000000000000
415200300	000000000000000
415200301	000000000000000
415200302	000000000000000
415200303	000000000000000
415200304	000000000000000
415200309	000000000000000
415250000	000000000000000
415250100	000000000000000
415250101	000000000000000
415250102	000000000000000
415250103	000000000000000
415250104	000000000000000
415250105	000000000000000
415250106	000000000000000
415250107	000000000000000
415250190	000000000000000
415250200	000000000000000
415250201	000000000000000
415250202	000000000000000
415250203	000000000000000
415250204	000000000000000
415250205	000000000000000
415250206	000000000000000
415250207	000000000000000
415250208	000000000000000
415250290	000000000000000
415250300	000000000000000
415250301	000000000000000
415250302	000000000000000
415250390	000000000000000
415250400	000000000000000
415250401	000000000000000
415250402	000000000000000
415250403	000000000000000
415280000	000001251637923
415280100	000000330198349
415280101	000000000413331
415280102	000000000000000
415280103	000000000000000
415280104	000000000000000
415280105	000000000000000
415280106	000000329785018
415280200	000000000000000
415280201	000000000000000
415280209	000000000000000
415280221	000000000000000
415280229	000000000000000
415280231	000000000000000
415280239	000000000000000
415280300	000000000000000
415280400	000000000000000
415280500	000000000000000
415280501	000000000000000
415280502	000000000000000
415280600	000000000000000
415280601	000000000000000
415280602	000000000000000
415280700	000000921439574
415280701	000000921282700
415280702	000000000064641
415280709	000000000092233
415280900	000000000000000
415280901	000000000000000
415280902	000000000000000
415280990	000000000000000
415350000	000014374752856
415350100	000000881507877
415350200	000001328804615
415350300	000000000000000
415350400	000012164440364
415350401	000012164440364
415350402	000000000000000
415350500	000000000000000
415350900	000000000000000
415350901	000000000000000
415350902	000000000000000
415350903	000000000000000
415350990	000000000000000
415380000	000000000000000
415380100	000000000000000
415380200	000000000000000
415380300	000000000000000
415380400	000000000000000
415380900	000000000000000
415380901	000000000000000
415380990	000000000000000
415450000	000000637339801
415450100	000000000000000
415450101	000000000000000
415450102	000000000000000
415450109	000000000000000
415450300	000000000000000
415450900	000000637339801
415600000	000002762301326
415620000	000002762301326
415620100	000000671882208
415620101	000000000000000
415620102	000000671882208
415620109	000000000000000
415620200	000002090419118
415620201	000002090419118
415620202	000000000000000
415620209	000000000000000
415620300	000000000000000
415620301	000000000000000
415620302	000000000000000
415620303	000000000000000
415620304	000000000000000
415620309	000000000000000
415640000	000000000000000
415640100	000000000000000
415640101	000000000000000
415640102	000000000000000
415640103	000000000000000
415640104	000000000000000
415640200	000000000000000
415800000	000000000000000
415800100	000000000000000
415800200	000000000000000
415800300	000000000000000
416000000	-00013359029645
416100100	-00012915926495
416150000	000000000000000
416150100	000000000000000
416150101	000000000000000
416150102	000000000000000
416150103	000000000000000
416150104	000000000000000
416150200	000000000000000
416150201	000000000000000
416150202	000000000000000
416150300	000000000000000
416150500	000000000000000
416180000	-00003331980123
416180100	-00000606958185
416180200	-00002690385095
416180201	-00001905924650
416180202	-00000784460445
416180300	-00000034636843
416180301	000000000000000
416180302	000000000000000
416180390	-00000034636843
416250000	000000000000000
416250100	000000000000000
416250101	000000000000000
416250102	000000000000000
416250103	000000000000000
416250200	000000000000000
416250201	000000000000000
416250202	000000000000000
416250203	000000000000000
416250300	000000000000000
416250301	000000000000000
416250302	000000000000000
416250400	000000000000000
416250401	000000000000000
416250402	000000000000000
416280000	000000000000000
416280100	000000000000000
416280110	000000000000000
416280111	000000000000000
416280112	000000000000000
416280113	000000000000000
416280120	000000000000000
416280121	000000000000000
416280122	000000000000000
416280123	000000000000000
416280124	000000000000000
416280129	000000000000000
416280200	000000000000000
416280210	000000000000000
416280211	000000000000000
416280212	000000000000000
416280213	000000000000000
416280220	000000000000000
416280221	000000000000000
416280222	000000000000000
416280223	000000000000000
416280224	000000000000000
416280229	000000000000000
416280300	000000000000000
416280301	000000000000000
416280302	000000000000000
416280400	000000000000000
416280401	000000000000000
416280402	000000000000000
416350000	-00005841793235
416350100	-00000912298199
416350101	-00000909154544
416350102	-00000003143655
416350200	-00004929495036
416350201	-00004929495036
416350203	000000000000000
416380000	-00003742153137
416380100	-00000000481137
416380101	-00000000481137
416380102	000000000000000
416380200	-00003741672000
416380201	000000000000000
416380202	000000000000000
416380203	000000000000000
416380204	000000000000000
416380205	000000000000000
416380206	000000000000000
416380207	000000000000000
416380208	000000000000000
416380290	-00003741672000
416380300	000000000000000
416380301	000000000000000
416380302	000000000000000
416380303	000000000000000
416380304	000000000000000
416380305	000000000000000
416380306	000000000000000
416500000	-00000443103150
416500100	-00000443103150
416500200	000000000000000
416800000	000000000000000
416800100	000000000000000
416800200	000000000000000
416800300	000000000000000
420000000	000114626206633
422150100	000003010671900
422150101	000000000000000
422150102	000000008448864
422150103	000000000000000
422150104	000003002223036
422180100	000000236029886
422180101	000000236029886
422180102	000000000000000
422250100	000000000000000
422250101	000000000000000
422250102	000000000000000
422280100	000000000000000
422280101	000000000000000
422280102	000000000000000
422280103	000000000000000
422280104	000000000000000
422280105	000000000000000
422280190	000000000000000
422350100	000074786023994
422350101	000003056269517
422350102	000000396845426
422350103	000047204547212
422350104	000000346995318
422350105	000023781366521
422350106	000000000000000
422350107	000000000000000
422350108	000000000000000
422350109	000000000000000
422350190	000000000000000
422380100	000011264397728
422380101	000010287855910
422380102	000000000000000
422380103	000000422884851
422380104	000000000000000
422380105	000000000000000
422380106	000000000000000
422380107	000000553656967
422380190	000000000000000
422450100	000018220862226
422450101	000004057021007
422450102	000000000000000
422450103	000000000000000
422450104	000000042163681
422450105	000000000000000
422450106	000000000000000
422450107	000008144714989
422450108	000005976962549
422450190	000000000000000
422480100	000000000000000
422480101	000000000000000
422480102	000000000000000
422480103	000000000000000
422480190	000000000000000
422550100	000000000000000
422550101	000000000000000
422550102	000000000000000
422550103	000000000000000
422550104	000000000000000
422580000	000001769807264
422580100	000001769807264
422580101	000001769807264
422580102	000000000000000
422580200	000000000000000
422580300	000000000000000
422580400	000000000000000
422650100	000000000000000
422680100	000000000000000
422750100	000000000000000
422780100	000000000000000
422780101	000000000000000
422780102	000000000000000
422780103	000000000000000
422780190	000000000000000
422850100	000005338413635
422850101	000000000000000
422850102	000000000000000
422850103	000000000000000
422850104	000000000000000
422850105	000000000000000
422850106	000000331578226
422850190	000005006835409
425000000	-00058960815317
425150100	-00021788561580
425150101	-00007100874880
425150102	-00005671803850
425150103	-00008009659807
425150104	000000000000000
425150105	000000000000000
425150190	-00001006223043
425180100	000000000000000
425180101	000000000000000
425180102	000000000000000
425180103	000000000000000
425180104	000000000000000
425180190	000000000000000
425250100	-00001301414919
425280100	000000000000000
425280101	000000000000000
425280102	000000000000000
425280103	000000000000000
425280104	000000000000000
425280105	000000000000000
425280109	000000000000000
425280190	000000000000000
425350100	-00000761605615
425350101	-00000055019276
425350102	-00000400757455
425350103	000000000000000
425350104	000000000000000
425350105	-00000305828884
425350106	000000000000000
425350190	000000000000000
425380100	-00035109233203
425380101	000000000000000
425380102	000000000000000
425380103	-00000083480467
425380104	000000000000000
425380105	-00005745016794
425380106	-00000153042841
425380190	-00029127693101
431000000	000005413610634
431150100	-00003640316540
431150101	000631125351308
431150102	-00634765667848
431180100	000000755191107
431180101	000000284064714
431180102	000000000000000
431180103	000000161910961
431180104	-00000164759143
431180105	000000425899545
431180106	000000048075030
431250000	000008298736067
431250100	000008200021431
431250101	000007714757788
431250102	000000000000000
431250103	000000485263643
431250104	000000000000000
431250200	000000098714636
431250201	000000059871616
431250202	-00000251045822
431250203	000000000000000
431250204	000000000000000
431250205	000000289888842
431250300	000000000000000
431250301	000000000000000
431250302	000000000000000
431250303	000000000000000
431250304	000000000000000
431250305	000000000000000
431250306	000000000000000
431250900	000000000000000
431250901	000000000000000
431250902	000000000000000
431250903	000000000000000
431250904	000000000000000
431250905	000000000000000
431250906	000000000000000
431500000	000000000000000
431650100	000000000000000
431650101	000000000000000
431650102	000000000000000
431750100	000000000000000
431750101	000000000000000
431750102	000000000000000
431750103	000000000000000
431750104	000000000000000
431750105	000000000000000
431750106	000000000000000
431800000	000000000000000
431800100	000000000000000
431800101	000000000000000
431800102	000000000000000
431800103	000000000000000
431800104	000000000000000
431800105	000000000000000
431800106	000000000000000
431800900	000000000000000
431800901	000000000000000
431800902	000000000000000
431800903	000000000000000
431800904	000000000000000
431800905	000000000000000
431800906	000000000000000
431850000	000000000000000
431850100	000000000000000
431850101	000000000000000
431850102	000000000000000
431850103	000000000000000
431850104	000000000000000
431850105	000000000000000
431850106	000000000000000
431850200	000000000000000
431850210	000000000000000
431850211	000000000000000
431850212	000000000000000
431850213	000000000000000
431850214	000000000000000
431850215	000000000000000
431850216	000000000000000
431850220	000000000000000
431850221	000000000000000
431850222	000000000000000
431850223	000000000000000
431850224	000000000000000
431850225	000000000000000
431850226	000000000000000
431900000	000000000000000
431900100	000000000000000
431900101	000000000000000
431900102	000000000000000
431900103	000000000000000
431900104	000000000000000
431900105	000000000000000
431900106	000000000000000
431900200	000000000000000
431900201	000000000000000
431900202	000000000000000
431900203	000000000000000
431900204	000000000000000
431900205	000000000000000
431900206	000000000000000
431900300	000000000000000
431900301	000000000000000
431900302	000000000000000
431900303	000000000000000
431900304	000000000000000
431900305	000000000000000
431900306	000000000000000
432000000	000001587450586
432200000	-00000000251558
432200100	000000000000000
432200200	-00000000251558
432200300	000000000000000
432200400	000000000000000
432200500	000000000000000
432200600	000000000000000
432300700	000000000000000
432400000	000001587701969
432400100	000000000000000
432400200	000001587701969
432400300	000000000000000
432400400	000000000000000
432400500	000000000000000
432400600	000000000000000
432400700	000000000000000
432600000	000000000000175
432600100	000000000000000
432600200	000000000000000
432600300	000000000000000
432600400	000000000000000
432600500	000000000000175
432600600	000000000000000
432600800	000000000000000
432600900	000000000000000
432700000	000000000000000
432700100	000000000000000
432700200	000000000000000
433000000	000007391521311
433100100	000007391521311
433100101	000007391521311
433100102	000000000000000
433200000	000000000000000
433210000	000000000000000
433210100	000000000000000
433210200	000000000000000
433220000	000000000000000
433220100	000000000000000
433220200	000000000000000
433230000	000000000000000
433230100	000000000000000
433230200	000000000000000
433240000	000000000000000
433240100	000000000000000
433240200	000000000000000
433250000	000000000000000
433250100	000000000000000
433250200	000000000000000
433250300	000000000000000
433250301	000000000000000
433250302	000000000000000
433250303	000000000000000
433250304	000000000000000
433250400	000000000000000
433250410	000000000000000
433250411	000000000000000
433250412	000000000000000
433250413	000000000000000
433250414	000000000000000
433250415	000000000000000
433250416	000000000000000
433250420	000000000000000
433250421	000000000000000
433250422	000000000000000
433250423	000000000000000
433250424	000000000000000
433250425	000000000000000
433250426	000000000000000
433250430	000000000000000
433250440	000000000000000
433250450	000000000000000
433250451	000000000000000
433250452	000000000000000
433250460	000000000000000
433250461	000000000000000
433250462	000000000000000
433250470	000000000000000
433250480	000000000000000
433250481	000000000000000
433250482	000000000000000
433250483	000000000000000
433250500	000000000000000
433250600	000000000000000
433260000	000000000000000
433300000	000000000000000
433300100	000000000000000
433300200	000000000000000
433300300	000000000000000
433300400	000000000000000
433300500	000000000000000
433300600	000000000000000
433300700	000000000000000
433300900	000000000000000
433301000	000000000000000
433310000	000000000000000
433320000	000000000000000
433330000	000000000000000
433330100	000000000000000
433330200	000000000000000
433500100	000000000000000
433500101	000000000000000
433500102	000000000000000
433500103	000000000000000
433500104	000000000000000
434000000	000000000000000
434000100	000000000000000
434000101	000000000000000
434000102	000000000000000
434000103	000000000000000
434000104	000000000000000
434000109	000000000000000
434000200	000000000000000
434000201	000000000000000
434000202	000000000000000
434000203	000000000000000
434000204	000000000000000
434000209	000000000000000
435200000	000000000000000
435200100	000000000000000
435200101	000000000000000
435200102	000000000000000
435200103	000000000000000
435200200	000000000000000
435200201	000000000000000
435200202	000000000000000
435200300	000000000000000
435200301	000000000000000
435200302	000000000000000
435200303	000000000000000
435200304	000000000000000
435200305	000000000000000
435200306	000000000000000
435200308	000000000000000
435200309	000000000000000
435200400	000000000000000
435200500	000000000000000
435200501	000000000000000
435200502	000000000000000
435200503	000000000000000
435300000	000000000000000
435300100	000000000000000
435300200	000000000000000
435400000	000000000000000
435400100	000000000000000
435400101	000000000000000
435400102	000000000000000
435400103	000000000000000
440000000	000000025077425
442000100	000000025077425
442000101	000000000000000
442000102	000000000000000
442000103	000000000000000
442000104	000000000000000
442000105	000000000000000
442000106	000000000000000
442000107	000000000000000
442000108	000000025077425
442000109	000000000000000
444000100	000000000000000
444000101	000000000000000
444000102	000000000000000
444000103	000000000000000
444000104	000000000000000
444000105	000000000000000
444000106	000000000000000
444000107	000000000000000
450000000	000000000000000
451000000	000000000000000
451000100	000000000000000
451000101	000000000000000
451000102	000000000000000
451000200	000000000000000
451000300	000000000000000
451000400	000000000000000
451000500	000000000000000
452000100	000000000000000
452000101	000000000000000
452000102	000000000000000
452000103	000000000000000
452000104	000000000000000
452000109	000000000000000
452000200	000000000000000
455000000	000004131874450
455000100	000000000000000
455000200	000000000000000
455000300	000000975000000
455000400	000000000000000
455000500	000000198059616
455000600	000002007196599
455000900	000000951618235
462000000	-00045883113686
462100100	-00041372387638
462100101	-00026199123111
462100102	-00010257535776
462100103	-00002866645708
462100190	-00002049083043
462200100	000000000000000
462300100	-00000703141492
462300101	000000000000000
462300102	-00000703141492
462300190	000000000000000
462400100	-00002286348085
462400101	-00002286348085
462400190	000000000000000
462500100	000000000000000
462500101	000000000000000
462500102	000000000000000
462600100	000000000000000
462700100	000000000000000
462800100	000000000000000
462900100	-00001521236471
462900101	-00000439114329
462900102	-00000145604795
462900190	-00000936517347
464000000	-00125321054868
464100100	-00035048862369
464100101	000000000000000
464100102	000000000000000
464100103	-00002634527488
464100104	-00000750648369
464100105	-00000204672434
464100106	-00000131618072
464100107	-00010732904899
464100108	-00002255188992
464100109	-00000602846075
464100110	-00000328642631
464100111	-00003598247408
464100112	-00000575881652
464100113	000000000000000
464100114	000000000000000
464100115	000000000000000
464100116	-00011124323778
464100117	000000000000000
464100118	-00000096144794
464100190	-00002013215777
464200100	-00049048968161
464200101	-00031007398172
464200102	000000000000000
464200103	-00002353698739
464200104	000000000000000
464200105	-00004132485587
464200106	-00006970286169
464200107	-00001712345873
464200108	000000000000000
464200109	000000000000000
464200110	-00000145113552
464200190	-00002727640069
464300100	-00000371042970
464300101	-00000371042970
464300102	000000000000000
464400100	-00039104763809
464500100	-00001747417559
464500101	-00000001347032
464500102	-00000565380531
464500103	-00000499766607
464500104	-00000680923389
464500190	000000000000000
466000000	-00009184158308
466100000	-00002346805214
466100100	000000000000000
466100101	000000000000000
466100102	000000000000000
466100103	000000000000000
466100104	000000000000000
466100105	000000000000000
466100106	000000000000000
466100107	000000000000000
466100108	000000000000000
466100109	000000000000000
466100200	-00002346805214
466100201	-00000191593951
466100202	-00002155211263
466100203	000000000000000
466100209	000000000000000
466200000	-00001554329964
466200100	000000000000000
466200101	000000000000000
466200102	000000000000000
466200200	-00001554329964
466200201	-00001395498562
466200209	-00000158831402
466300000	-00005283023130
466300110	-00003828024835
466300111	-00003828024835
466300112	000000000000000
466300220	000000000000000
466300221	000000000000000
466300229	000000000000000
466300330	-00001454998295
466300440	000000000000000
466300441	000000000000000
466300449	000000000000000
466400000	000000000000000
466500000	000000000000000
468000000	000000000000000
468100100	000000000000000
468100101	000000000000000
468100102	000000000000000
468100103	000000000000000
468100104	000000000000000
468100105	000000000000000
468100106	000000000000000
468100107	000000000000000
468200000	000000000000000
468200100	000000000000000
468200200	000000000000000
468200201	000000000000000
468200202	000000000000000
468200203	000000000000000
468200204	000000000000000
468200205	000000000000000
468200206	000000000000000
468200207	000000000000000
468200208	000000000000000
468200209	000000000000000
468200300	000000000000000
468200301	000000000000000
468200302	000000000000000
468200303	000000000000000
468200309	000000000000000
468300000	000000000000000
468300100	000000000000000
468300101	000000000000000
468300102	000000000000000
468300200	000000000000000
468300201	000000000000000
468300209	000000000000000
468400000	000000000000000
468400200	000000000000000
468400201	000000000000000
468400202	000000000000000
468400300	000000000000000
468400400	000000000000000
468400401	000000000000000
468400409	000000000000000
468400500	000000000000000
468400501	000000000000000
468400509	000000000000000
468500000	000000000000000
468600000	000000000000000
468800000	000000000000000
469000000	-00008984051907
469000100	000000000000000
469000300	-00000602317206
469000301	-00001689010725
469000302	000001086693519
469000400	000003437970089
469000401	000000000000000
469000402	000003437970089
469000500	000000000000000
469000600	000000000000000
469000700	000000000000000
469000800	000000000000000
469000900	000000000000000
469001000	000000000000000
469001100	000000000000000
469001200	-00001274653543
469001300	000000000000000
469001400	000000000000000
469001401	000000000000000
469001402	000000000000000
469001900	-00010545051247
470000000	-00086509916548
471000000	-00122870516381
471100100	000000000000000
471100101	000000000000000
471100102	000000000000000
471100103	000000000000000
471200100	-00001177831359
471200101	000000000000000
471200102	000000000000000
471200103	000000000000000
471200104	-00000011480793
471200105	-00001166350566
471200109	000000000000000
471300100	-00000201909589
471300101	000000004118107
471300102	-00000206027696
471400100	-00121490775433
471400101	-00015189024762
471400102	-00106301750671
472000000	-00000854508985
472050100	-00000854508985
472050101	000000000000000
472050102	000000001137214
472050103	-00000855646199
472100100	000000000000000
472150100	000000000000000
472200100	000000000000000
472200101	000000000000000
472200102	000000000000000
472200103	000000000000000
472250100	000000000000000
472250101	000000000000000
472250102	000000000000000
472250103	000000000000000
472250104	000000000000000
472250105	000000000000000
472250106	000000000000000
472500100	000000000000000
472500101	000000000000000
472500102	000000000000000
472500103	000000000000000
474000100	000037223188402
474000101	000000000000000
474000102	000000883967546
474000103	000000289918415
474000104	000036049302441
476000000	-00000008079584
476400000	000000006372657
476400100	000000006372657
476400101	000000006372657
476400102	000000000000000
476400103	000000000000000
476400105	000000000000000
476400106	000000000000000
476400107	000000000000000
476400109	000000000000000
476400200	000000000000000
476400201	000000000000000
476400202	000000000000000
476400203	000000000000000
476400205	000000000000000
476400206	000000000000000
476400207	000000000000000
476400209	000000000000000
476400300	000000000000000
476400301	000000000000000
476400302	000000000000000
476400303	000000000000000
476400305	000000000000000
476400306	000000000000000
476400307	000000000000000
476400309	000000000000000
476800000	-00000014452241
476800100	000000002965851
476800101	000000000000000
476800102	000000002965851
476800103	000000000000000
476800109	000000000000000
476800200	000000000000000
476800201	000000000000000
476800202	000000000000000
476800203	000000000000000
476800209	000000000000000
476800300	-00000017418092
476800301	000000000000000
476800302	000000000000000
476800303	000000000000000
476800309	-00000017418092
480000000	-00045333131723
481000000	-00040193103090
482000000	-00005140028633
489000000	000000000000000
520000000	000392839602360
525000000	000006553648625
530000000	000055665391316
540000000	000014392582531
550000000	000473608176707
560000000	-00189372378769
570000000	000284235797938
580000000	000197725881390
585000000	000197725881390
586000000	000152392749667
587000000	000000000000000
587500000	000000000000000
587750000	000000000000000
590000000	000152392749667
594000000	000105270373270
598000000	000047122376397
601000000	000000000000000
601000100	000000000000000
601000200	000000000000000
601000201	000000000000000
601000202	000000000000000
601000203	000000000000000
601000209	000000000000000
601000300	000000000000000
601000400	000000000000000
601000500	000000000000000
601000900	000000000000000
601500000	000000000000000
601750000	000000000000000
601800000	000000000000000
602000000	000001028777328
602000100	000000950759745
602000200	000000000000000
602000300	000000000000000
602000400	000000000000000
602000500	000000000000000
602000600	000000000000000
602000700	000000000000000
602000900	000000000000000
602500000	000000950759745
602750000	000000078017583
602800000	000001028777328
603000000	000001028777328
690000000	000153421526995
694000000	000106299150598
698000000	000047122376397
