051	BANCO FALABELLA                                                         
1000000	 0000001029488,00	 0000000606356,00	 0000000000000,00	 0000000149447,00
1100000	 0000000102476,00	 0000000000000,00	 0000000000000,00	 0000000044804,00
1100100	 0000000076466,00	 0000000000000,00	 0000000000000,00	 0000000001263,00
1100200	 0000000025424,00	 0000000000000,00	 0000000000000,00	 0000000000103,00
1100300	 0000000000586,00	 0000000000000,00	 0000000000000,00	 0000000000382,00
1100400	 0000000000000,00	 0000000000000,00	 0000000000000,00	 0000000043056,00
1130000	 0000000024605,00	 0000000000000,00	 0000000000000,00	 0000000085740,00
1130100	 0000000002759,00	 0000000000000,00	 0000000000000,00	 0000000000000,00
1130200	 0000000021846,00	 0000000000000,00	 0000000000000,00	 0000000085740,00
1150000	 0000000062367,00	 0000000061239,00	 0000000000000,00	 0000000018609,00
1150100	 0000000006535,00	 0000000004881,00	 0000000000000,00	 0000000000000,00
1150200	 0000000029258,00	 0000000056358,00	 0000000000000,00	 0000000018609,00
1150300	 0000000000000,00	 0000000000000,00	 0000000000000,00	 0000000000000,00
1150400	 0000000026574,00	 0000000000000,00	 0000000000000,00	 0000000000000,00
1160000	 0000000000000,00	 0000000000000,00	 0000000000000,00	 0000000000000,00
1160100	 0000000000000,00	 0000000000000,00	 0000000000000,00	 0000000000000,00
1160200	 0000000000000,00	 0000000000000,00	 0000000000000,00	 0000000000000,00
1250000	 0000000003037,00	 0000000000000,00	 0000000000000,00	 0000000000000,00
1250100	 0000000003037,00	 0000000000000,00	 0000000000000,00	 0000000000000,00
1250200	 0000000000000,00	 0000000000000,00	 0000000000000,00	 0000000000000,00
1270000	 0000000000000,00	 0000000000000,00	 0000000000000,00	 0000000000000,00
1270100	 0000000000000,00	 0000000000000,00	 0000000000000,00	 0000000000000,00
1270112	 0000000000000,00	 0000000000000,00	 0000000000000,00	 0000000000000,00
1270113	 0000000000000,00	 0000000000000,00	 0000000000000,00	 0000000000000,00
1270116	 0000000000000,00	 0000000000000,00	 0000000000000,00	 0000000000000,00
1270117	 0000000000000,00	 0000000000000,00	 0000000000000,00	 0000000000000,00
1270118	 0000000000000,00	 0000000000000,00	 0000000000000,00	 0000000000000,00
1270190	 0000000000000,00	 0000000000000,00	 0000000000000,00	 0000000000000,00
1270200	 0000000000000,00	 0000000000000,00	 0000000000000,00	 0000000000000,00
1270202	 0000000000000,00	 0000000000000,00	 0000000000000,00	 0000000000000,00
1270203	 0000000000000,00	 0000000000000,00	 0000000000000,00	 0000000000000,00
1270206	 0000000000000,00	 0000000000000,00	 0000000000000,00	 0000000000000,00
1270207	 0000000000000,00	 0000000000000,00	 0000000000000,00	 0000000000000,00
1270208	 0000000000000,00	 0000000000000,00	 0000000000000,00	 0000000000000,00
1270290	 0000000000000,00	 0000000000000,00	 0000000000000,00	 0000000000000,00
1270300	 0000000000000,00	 0000000000000,00	 0000000000000,00	 0000000000000,00
1300000	 0000000611979,00	 0000000518102,00	 0000000000000,00	 0000000000263,00
1302000	 0000000001451,00	 0000000088599,00	 0000000000000,00	 0000000000000,00
1302100	 0000000001451,00	 0000000005807,00	 0000000000000,00	 0000000000000,00
1302101	 0000000001451,00	 0000000003779,00	 0000000000000,00	 0000000000000,00
1302102	 0000000000000,00	 0000000000000,00	 0000000000000,00	 0000000000000,00
1302170	 0000000000000,00	 0000000002028,00	 0000000000000,00	 0000000000000,00
1302180	 0000000000000,00	 0000000000000,00	 0000000000000,00	 0000000000000,00
1302200	 0000000000000,00	 0000000000000,00	 0000000000000,00	 0000000000000,00
1302201	 0000000000000,00	 0000000000000,00	 0000000000000,00	 0000000000000,00
1302202	 0000000000000,00	 0000000000000,00	 0000000000000,00	 0000000000000,00
1302241	 0000000000000,00	 0000000000000,00	 0000000000000,00	 0000000000000,00
1302242	 0000000000000,00	 0000000000000,00	 0000000000000,00	 0000000000000,00
1302281	 0000000000000,00	 0000000000000,00	 0000000000000,00	 0000000000000,00
1302282	 0000000000000,00	 0000000000000,00	 0000000000000,00	 0000000000000,00
1302300	 0000000000000,00	 0000000000000,00	 0000000000000,00	 0000000000000,00
1302500	 0000000000000,00	 0000000000000,00	 0000000000000,00	 0000000000000,00
1302800	 0000000000000,00	 0000000000000,00	 0000000000000,00	 0000000000000,00
1302900	 0000000000000,00	 0000000082792,00	 0000000000000,00	 0000000000000,00
1304000	 0000000000074,00	 0000000359734,00	 0000000000000,00	 0000000000000,00
1304100	 0000000000000,00	 0000000127713,00	 0000000000000,00	 0000000000000,00
1304101	 0000000000000,00	 0000000127713,00	 0000000000000,00	 0000000000000,00
1304102	 0000000000000,00	 0000000000000,00	 0000000000000,00	 0000000000000,00
1304200	 0000000000002,00	 0000000032274,00	 0000000000000,00	 0000000000000,00
1304400	 0000000000000,00	 0000000000000,00	 0000000000000,00	 0000000000000,00
1304500	 0000000000000,00	 0000000172960,00	 0000000000000,00	 0000000000000,00
1304600	 0000000000000,00	 0000000000000,00	 0000000000000,00	 0000000000000,00
1304800	 0000000000000,00	 0000000000000,00	 0000000000000,00	 0000000000000,00
1304900	 0000000000072,00	 0000000026787,00	 0000000000000,00	 0000000000000,00
1305000	 0000000655498,00	 0000000069769,00	 0000000000000,00	 0000000000263,00
1305100	 0000000620254,00	 0000000069769,00	 0000000000000,00	 0000000000000,00
1305300	 0000000020269,00	 0000000000000,00	 0000000000000,00	 0000000000000,00
1305400	 0000000014975,00	 0000000000000,00	 0000000000000,00	 0000000000263,00
1305800	 0000000000000,00	 0000000000000,00	 0000000000000,00	 0000000000000,00
1305900	 0000000000000,00	 0000000000000,00	 0000000000000,00	 0000000000000,00
1309000	-0000000045044,00	 0000000000000,00	 0000000000000,00	 0000000000000,00
1309100	-0000000001175,00	 0000000000000,00	 0000000000000,00	 0000000000000,00
1309200	-0000000001636,00	 0000000000000,00	 0000000000000,00	 0000000000000,00
1309300	-0000000042233,00	 0000000000000,00	 0000000000000,00	 0000000000000,00
1350000	 0000000171922,00	 0000000027015,00	 0000000000000,00	 0000000000000,00
1350100	 0000000055938,00	 0000000020662,00	 0000000000000,00	 0000000000000,00
1350200	 0000000115984,00	 0000000006353,00	 0000000000000,00	 0000000000000,00
1350300	 0000000000000,00	 0000000000000,00	 0000000000000,00	 0000000000000,00
1360000	 0000000000000,00	 0000000000000,00	 0000000000000,00	 0000000000000,00
1360100	 0000000000000,00	 0000000000000,00	 0000000000000,00	 0000000000000,00
1360200	 0000000000000,00	 0000000000000,00	 0000000000000,00	 0000000000000,00
1360300	 0000000000000,00	 0000000000000,00	 0000000000000,00	 0000000000000,00
1400000	 0000000000228,00	 0000000000000,00	 0000000000000,00	 0000000000000,00
1400100	 0000000000000,00	 0000000000000,00	 0000000000000,00	 0000000000000,00
1400101	 0000000000000,00	 0000000000000,00	 0000000000000,00	 0000000000000,00
1400102	 0000000000000,00	 0000000000000,00	 0000000000000,00	 0000000000000,00
1400103	 0000000000000,00	 0000000000000,00	 0000000000000,00	 0000000000000,00
1400200	 0000000000228,00	 0000000000000,00	 0000000000000,00	 0000000000000,00
1500000	 0000000011896,00	 0000000000000,00	 0000000000000,00	 0000000000000,00
1500100	 0000000000000,00	 0000000000000,00	 0000000000000,00	 0000000000000,00
1500200	 0000000011896,00	 0000000000000,00	 0000000000000,00	 0000000000000,00
1600000	 0000000015007,00	 0000000000000,00	 0000000000000,00	 0000000000000,00
1600100	 0000000008985,00	 0000000000000,00	 0000000000000,00	 0000000000000,00
1600200	 0000000006022,00	 0000000000000,00	 0000000000000,00	 0000000000000,00
1700000	 0000000001780,00	 0000000000000,00	 0000000000000,00	 0000000000000,00
1750000	 0000000012044,00	 0000000000000,00	 0000000000000,00	 0000000000000,00
1800000	 0000000012147,00	 0000000000000,00	 0000000000000,00	 0000000000031,00
1800100	 0000000000000,00	 0000000000000,00	 0000000000000,00	 0000000000000,00
1800200	 0000000000931,00	 0000000000000,00	 0000000000000,00	 0000000000000,00
1800900	 0000000011216,00	 0000000000000,00	 0000000000000,00	 0000000000031,00
2000000	 0000001158894,00	 0000000406680,00	 0000000000000,00	 0000000078967,00
2100000	 0000000134095,00	 0000000011202,00	 0000000000000,00	 0000000000036,00
2100100	 0000000086782,00	 0000000000000,00	 0000000000000,00	 0000000000000,00
2100109	 0000000002033,00	 0000000000000,00	 0000000000000,00	 0000000000000,00
2100110	 0000000084749,00	 0000000000000,00	 0000000000000,00	 0000000000000,00
2100200	 0000000035222,00	 0000000000000,00	 0000000000000,00	 0000000000000,00
2100300	 0000000012091,00	 0000000011202,00	 0000000000000,00	 0000000000036,00
2130000	 0000000086011,00	 0000000000000,00	 0000000000000,00	 0000000013127,00
2160000	 0000000000000,00	 0000000000000,00	 0000000000000,00	 0000000000000,00
2160100	 0000000000000,00	 0000000000000,00	 0000000000000,00	 0000000000000,00
2160200	 0000000000000,00	 0000000000000,00	 0000000000000,00	 0000000000000,00
2200000	 0000000900923,00	 0000000039820,00	 0000000000000,00	 0000000065789,00
2200100	 0000000900923,00	 0000000002018,00	 0000000000000,00	 0000000065789,00
2200200	 0000000000000,00	 0000000037802,00	 0000000000000,00	 0000000000000,00
2200900	 0000000000000,00	 0000000000000,00	 0000000000000,00	 0000000000000,00
2250000	 0000000004131,00	 0000000000000,00	 0000000000000,00	 0000000000000,00
2250100	 0000000004131,00	 0000000000000,00	 0000000000000,00	 0000000000000,00
2250200	 0000000000000,00	 0000000000000,00	 0000000000000,00	 0000000000000,00
2300000	 0000000000000,00	 0000000000000,00	 0000000000000,00	 0000000000000,00
2301000	 0000000000000,00	 0000000000000,00	 0000000000000,00	 0000000000000,00
2301001	 0000000000000,00	 0000000000000,00	 0000000000000,00	 0000000000000,00
2302000	 0000000000000,00	 0000000000000,00	 0000000000000,00	 0000000000000,00
2302100	 0000000000000,00	 0000000000000,00	 0000000000000,00	 0000000000000,00
2302200	 0000000000000,00	 0000000000000,00	 0000000000000,00	 0000000000000,00
2303000	 0000000000000,00	 0000000000000,00	 0000000000000,00	 0000000000000,00
2303100	 0000000000000,00	 0000000000000,00	 0000000000000,00	 0000000000000,00
2303900	 0000000000000,00	 0000000000000,00	 0000000000000,00	 0000000000000,00
2400000	 0000000000808,00	 0000000294474,00	 0000000000000,00	 0000000000000,00
2401000	 0000000000000,00	 0000000127144,00	 0000000000000,00	 0000000000000,00
2402000	 0000000000808,00	 0000000167330,00	 0000000000000,00	 0000000000000,00
2402100	 0000000000000,00	 0000000127324,00	 0000000000000,00	 0000000000000,00
2402200	 0000000000808,00	 0000000040006,00	 0000000000000,00	 0000000000000,00
2402300	 0000000000000,00	 0000000000000,00	 0000000000000,00	 0000000000000,00
2500000	 0000000001789,00	 0000000061184,00	 0000000000000,00	 0000000000011,00
2500100	 0000000000000,00	 0000000061184,00	 0000000000000,00	 0000000000000,00
2500200	 0000000001789,00	 0000000000000,00	 0000000000000,00	 0000000000011,00
2500300	 0000000000000,00	 0000000000000,00	 0000000000000,00	 0000000000000,00
2600000	 0000000000000,00	 0000000000000,00	 0000000000000,00	 0000000000000,00
2650000	 0000000005554,00	 0000000000000,00	 0000000000000,00	 0000000000000,00
2700000	 0000000012510,00	 0000000000000,00	 0000000000000,00	 0000000000000,00
2700100	 0000000001290,00	 0000000000000,00	 0000000000000,00	 0000000000000,00
2700200	 0000000006238,00	 0000000000000,00	 0000000000000,00	 0000000000000,00
2700300	 0000000001478,00	 0000000000000,00	 0000000000000,00	 0000000000000,00
2700400	 0000000003504,00	 0000000000000,00	 0000000000000,00	 0000000000000,00
2700401	 0000000000000,00	 0000000000000,00	 0000000000000,00	 0000000000000,00
2700402	 0000000000000,00	 0000000000000,00	 0000000000000,00	 0000000000000,00
2700411	 0000000000000,00	 0000000000000,00	 0000000000000,00	 0000000000000,00
2700412	 0000000000000,00	 0000000000000,00	 0000000000000,00	 0000000000000,00
2700413	 0000000003500,00	 0000000000000,00	 0000000000000,00	 0000000000000,00
2700421	 0000000000000,00	 0000000000000,00	 0000000000000,00	 0000000000000,00
2700422	 0000000000000,00	 0000000000000,00	 0000000000000,00	 0000000000000,00
2700423	 0000000000004,00	 0000000000000,00	 0000000000000,00	 0000000000000,00
2700490	 0000000000000,00	 0000000000000,00	 0000000000000,00	 0000000000000,00
2800000	 0000000013073,00	 0000000000000,00	 0000000000000,00	 0000000000004,00
3000000	 0000000140750,00	 0000000000000,00	 0000000000000,00	 0000000000000,00
3101000	 0000000035286,00	 0000000000000,00	 0000000000000,00	 0000000000000,00
3102000	 0000000090382,00	 0000000000000,00	 0000000000000,00	 0000000000000,00
3103000	 0000000000505,00	 0000000000000,00	 0000000000000,00	 0000000000000,00
3104000	 0000000014557,00	 0000000000000,00	 0000000000000,00	 0000000000000,00
3104100	 0000000000000,00	 0000000000000,00	 0000000000000,00	 0000000000000,00
3104200	 0000000020795,00	 0000000000000,00	 0000000000000,00	 0000000000000,00
3104300	-0000000006238,00	 0000000000000,00	 0000000000000,00	 0000000000000,00
3200000	 0000000000020,00	 0000000000000,00	 0000000000000,00	 0000000000000,00
5001000	 0000000140730,00	 0000000000000,00	 0000000000000,00	 0000000000000,00
5002000	 0000001299644,00	 0000000406680,00	 0000000000000,00	 0000000078967,00
5100000	 0000000657023,00	 0000000518102,00	 0000000000000,00	 0000000000263,00
