999	SISTEMA FINANCIERO                                                      
1000000	 0000048899099,00	 0000040492794,00	 0000000427056,00	 0000012603793,00
1100000	 0000002527823,00	 0000000000000,00	 0000000000233,00	 0000002547936,00
1100100	 0000001112373,00	 0000000000000,00	 0000000000000,00	 0000000111129,00
1100200	 0000001329948,00	 0000000000000,00	 0000000000000,00	 0000000217087,00
1100300	 0000000085499,00	 0000000000000,00	 0000000000000,00	 0000000002503,00
1100400	 0000000000003,00	 0000000000000,00	 0000000000233,00	 0000002217217,00
1130000	 0000001544987,00	 0000000008582,00	 0000000000000,00	 0000001189404,00
1130100	 0000000559584,00	 0000000000000,00	 0000000000000,00	 0000000065376,00
1130200	 0000000985403,00	 0000000008582,00	 0000000000000,00	 0000001124028,00
1150000	 0000002012143,00	 0000003564009,00	 0000000009593,00	 0000000083293,00
1150100	 0000000901366,00	 0000002129865,00	 0000000000000,00	 0000000000000,00
1150200	 0000000500333,00	 0000001434144,00	 0000000009593,00	 0000000005426,00
1150300	 0000000000545,00	 0000000000000,00	 0000000000000,00	 0000000010979,00
1150400	 0000000609899,00	 0000000000000,00	 0000000000000,00	 0000000066888,00
1160000	 0000000312055,00	 0000000090064,00	 0000000000000,00	 0000000042690,00
1160100	 0000000100853,00	 0000000021146,00	 0000000000000,00	 0000000000000,00
1160200	 0000000211202,00	 0000000068918,00	 0000000000000,00	 0000000042690,00
1250000	 0000004283090,00	 0000000279614,00	 0000000000000,00	 0000000128767,00
1250100	 0000004220660,00	 0000000274312,00	 0000000000000,00	 0000000128192,00
1250200	 0000000062430,00	 0000000005302,00	 0000000000000,00	 0000000000575,00
1270000	 0000000351008,00	 0000000000000,00	 0000000000000,00	 0000000732273,00
1270100	 0000000360026,00	 0000000000000,00	 0000000000000,00	 0000000031314,00
1270101	 0000000306600,00	 0000000000000,00	 0000000000000,00	 0000000000000,00
1270111	 0000000053456,00	 0000000000000,00	 0000000000000,00	 0000000031351,00
1270190	-0000000000030,00	 0000000000000,00	 0000000000000,00	-0000000000037,00
1270200	-0000000009018,00	 0000000000000,00	 0000000000000,00	 0000000700959,00
1270201	 0000000000000,00	 0000000000000,00	 0000000000000,00	 0000000423978,00
1270290	-0000000009018,00	 0000000000000,00	 0000000000000,00	-0000000000426,00
1300000	 0000027059282,00	 0000033127832,00	 0000000402241,00	 0000007042250,00
1302000	 0000020582195,00	 0000015015951,00	 0000000402241,00	 0000007018578,00
1302100	 0000017792512,00	 0000012006531,00	 0000000132895,00	 0000002849619,00
1302101	 0000017791138,00	 0000010794307,00	 0000000132872,00	 0000002124324,00
1302102	 0000000001177,00	 0000000000000,00	 0000000000023,00	 0000000725295,00
1302170	 0000000000031,00	 0000000822088,00	 0000000000000,00	 0000000000000,00
1302180	 0000000000166,00	 0000000390136,00	 0000000000000,00	 0000000000000,00
1302200	 0000000372811,00	 0000000018363,00	 0000000000175,00	 0000003999148,00
1302202	 0000000221287,00	 0000000010739,00	 0000000000000,00	 0000002117337,00
1302300	 0000000598496,00	 0000000000000,00	 0000000000000,00	 0000000010737,00
1302500	 0000000885808,00	 0000000147963,00	 0000000000000,00	 0000000145522,00
1302800	 0000000812550,00	 0000002475097,00	 0000000267434,00	 0000000005767,00
1302900	 0000000120018,00	 0000000367997,00	 0000000001737,00	 0000000007785,00
1304000	 0000000084475,00	 0000017509035,00	 0000000000000,00	 0000000000000,00
1304100	 0000000000067,00	 0000002935267,00	 0000000000000,00	 0000000000000,00
1304101	 0000000000038,00	 0000002903371,00	 0000000000000,00	 0000000000000,00
1304102	 0000000000029,00	 0000000031896,00	 0000000000000,00	 0000000000000,00
1304200	 0000000011995,00	 0000001346306,00	 0000000000000,00	 0000000000000,00
1304300	 0000000040614,00	 0000012808703,00	 0000000000000,00	 0000000000000,00
1304800	 0000000030973,00	 0000000046867,00	 0000000000000,00	 0000000000000,00
1304900	 0000000000826,00	 0000000371892,00	 0000000000000,00	 0000000000000,00
1305000	 0000008063762,00	 0000000603023,00	 0000000000000,00	 0000000026970,00
1305100	 0000005897226,00	 0000000601124,00	 0000000000000,00	 0000000000995,00
1305300	 0000000722139,00	 0000000000000,00	 0000000000000,00	 0000000000008,00
1305400	 0000001371202,00	 0000000000000,00	 0000000000000,00	 0000000025967,00
1305800	 0000000003678,00	 0000000001899,00	 0000000000000,00	 0000000000000,00
1305900	 0000000069517,00	 0000000000000,00	 0000000000000,00	 0000000000000,00
1309000	-0000001671150,00	-0000000000177,00	 0000000000000,00	-0000000003298,00
1309001	-0000000939212,00	 0000000000000,00	 0000000000000,00	-0000000003298,00
1309002	-0000000193357,00	-0000000000075,00	 0000000000000,00	 0000000000000,00
1309003	-0000000538581,00	-0000000000102,00	 0000000000000,00	 0000000000000,00
1350000	 0000007055485,00	 0000003236647,00	 0000000013387,00	 0000000474457,00
1350100	 0000004842529,00	 0000001506063,00	 0000000000000,00	 0000000000000,00
1350200	 0000002212833,00	 0000001730584,00	 0000000013387,00	 0000000004867,00
1350300	 0000000000123,00	 0000000000000,00	 0000000000000,00	 0000000469590,00
1360000	 0000000000000,00	 0000000118455,00	 0000000000000,00	 0000000022126,00
1360100	 0000000000000,00	 0000000077906,00	 0000000000000,00	 0000000000000,00
1360200	 0000000000000,00	 0000000040549,00	 0000000000000,00	 0000000000000,00
1360300	 0000000000000,00	 0000000000000,00	 0000000000000,00	 0000000022126,00
1400000	 0000000093794,00	 0000000000465,00	 0000000000000,00	 0000000000028,00
1400100	 0000000030619,00	 0000000000000,00	 0000000000000,00	 0000000000000,00
1400101	 0000000000000,00	 0000000000000,00	 0000000000000,00	 0000000000000,00
1400103	 0000000029634,00	 0000000000000,00	 0000000000000,00	 0000000000000,00
1400200	 0000000063175,00	 0000000000465,00	 0000000000000,00	 0000000000028,00
1500000	 0000000305915,00	 0000000000002,00	 0000000000000,00	 0000000000383,00
1500100	 0000000020629,00	 0000000000000,00	 0000000000000,00	 0000000000000,00
1500200	 0000000285286,00	 0000000000002,00	 0000000000000,00	 0000000000383,00
1600000	 0000001124516,00	 0000000000064,00	 0000000000000,00	 0000000000520,00
1600100	 0000000874013,00	 0000000000104,00	 0000000000000,00	 0000000000059,00
1600200	 0000000250503,00	-0000000000040,00	 0000000000000,00	 0000000000461,00
1700000	 0000000052653,00	 0000000000020,00	 0000000000000,00	 0000000000000,00
1750000	 0000000908848,00	 0000000000000,00	 0000000000000,00	 0000000002018,00
1800000	 0000001267500,00	 0000000067040,00	 0000000001602,00	 0000000337648,00
1800100	 0000000201349,00	 0000000024677,00	 0000000001175,00	 0000000003731,00
1800200	 0000000059034,00	 0000000000000,00	 0000000000000,00	 0000000000000,00
1800900	 0000001007117,00	 0000000042363,00	 0000000000427,00	 0000000333917,00
2000000	 0000048875766,00	 0000025991367,00	 0000000183756,00	 0000019294315,00
2100000	 0000014261669,00	 0000000516387,00	 0000000000043,00	 0000001592592,00
2100100	 0000011390051,00	 0000000000000,00	 0000000000000,00	 0000001418007,00
2100109	 0000007418916,00	 0000000000000,00	 0000000000000,00	 0000001276966,00
2100110	 0000003955304,00	 0000000000000,00	 0000000000000,00	 0000000139070,00
2100200	 0000001424378,00	 0000000000000,00	 0000000000000,00	 0000000000001,00
2100300	 0000001447240,00	 0000000516387,00	 0000000000043,00	 0000000174584,00
2130000	 0000001034826,00	 0000000000428,00	 0000000071325,00	 0000001034274,00
2160000	 0000003551937,00	 0000000203562,00	 0000000000000,00	 0000000161787,00
2160100	 0000002437255,00	 0000000027122,00	 0000000000000,00	 0000000004424,00
2160200	 0000001114682,00	 0000000176440,00	 0000000000000,00	 0000000157363,00
2200000	 0000022145267,00	 0000012753865,00	 0000000000001,00	 0000007817197,00
2200100	 0000021379376,00	 0000010844098,00	 0000000000001,00	 0000007813738,00
2200200	 0000000751094,00	 0000001900087,00	 0000000000000,00	 0000000000000,00
2200900	 0000000014797,00	 0000000009680,00	 0000000000000,00	 0000000003459,00
2250000	 0000003945861,00	 0000000175918,00	 0000000000000,00	 0000000131916,00
2250100	 0000003889420,00	 0000000175126,00	 0000000000000,00	 0000000122095,00
2250200	 0000000056441,00	 0000000000792,00	 0000000000000,00	 0000000009821,00
2300000	 0000000882977,00	 0000000002453,00	 0000000000206,00	 0000007298578,00
2301000	 0000000128587,00	 0000000000041,00	 0000000000000,00	 0000000156190,00
2301001	 0000000115491,00	 0000000000041,00	 0000000000000,00	 0000000130256,00
2302000	 0000000000004,00	 0000000000000,00	 0000000000206,00	 0000007142374,00
2302100	 0000000000000,00	 0000000000000,00	 0000000000087,00	 0000004658387,00
2302200	 0000000000004,00	 0000000000000,00	 0000000000119,00	 0000002483987,00
2303000	 0000000754386,00	 0000000002412,00	 0000000000000,00	 0000000000014,00
2303100	 0000000754386,00	 0000000000000,00	 0000000000000,00	 0000000000014,00
2303900	 0000000000000,00	 0000000002412,00	 0000000000000,00	 0000000000000,00
2400000	 0000000039921,00	 0000011923950,00	 0000000000000,00	 0000000918868,00
2401000	 0000000000824,00	 0000003650616,00	 0000000000000,00	 0000000000000,00
2402000	 0000000039097,00	 0000008273334,00	 0000000000000,00	 0000000918868,00
2402100	 0000000016258,00	 0000005917338,00	 0000000000000,00	 0000000526093,00
2402200	 0000000022839,00	 0000002355996,00	 0000000000000,00	 0000000392775,00
2500000	 0000000317353,00	 0000000363452,00	 0000000108791,00	 0000000157690,00
2500100	 0000000197659,00	 0000000360920,00	 0000000108791,00	 0000000005027,00
2500200	 0000000119691,00	 0000000002532,00	 0000000000000,00	 0000000120920,00
2500300	 0000000000003,00	 0000000000000,00	 0000000000000,00	 0000000031743,00
2600000	 0000000363906,00	 0000000000000,00	 0000000000000,00	 0000000000000,00
2650000	 0000000397463,00	 0000000000000,00	 0000000000000,00	 0000000000000,00
2700000	 0000001200443,00	 0000000000000,00	 0000000000000,00	 0000000002901,00
2700100	 0000000248152,00	 0000000000000,00	 0000000000000,00	 0000000002317,00
2700200	 0000000591199,00	 0000000000000,00	 0000000000000,00	 0000000000000,00
2700300	 0000000033237,00	 0000000000000,00	 0000000000000,00	 0000000000000,00
2700400	 0000000327855,00	 0000000000000,00	 0000000000000,00	 0000000000584,00
2700401	 0000000004486,00	 0000000000000,00	 0000000000000,00	 0000000000462,00
2700402	 0000000000000,00	 0000000000000,00	 0000000000000,00	 0000000000000,00
2700403	 0000000267878,00	 0000000000000,00	 0000000000000,00	 0000000000000,00
2700490	 0000000055491,00	 0000000000000,00	 0000000000000,00	 0000000000122,00
2800000	 0000000734143,00	 0000000051352,00	 0000000003390,00	 0000000178512,00
3000000	 0000008006167,00	 0000000077108,00	-0000000010769,00	 0000000005032,00
3101000	 0000005140510,00	 0000000009158,00	 0000000000000,00	 0000000000000,00
3102000	 0000001381903,00	 0000000000000,00	 0000000000000,00	 0000000000000,00
3103000	-0000000038067,00	 0000000000050,00	 0000000000000,00	-0000000000340,00
3104000	 0000001486940,00	 0000000067900,00	-0000000010769,00	 0000000005372,00
3104100	 0000002006232,00	 0000000000000,00	 0000000000000,00	 0000000000000,00
3104200	 0000000071907,00	 0000000067900,00	-0000000010769,00	 0000000005372,00
3104300	-0000000591199,00	 0000000000000,00	 0000000000000,00	 0000000000000,00
3200000	 0000000034881,00	 0000000000000,00	 0000000000000,00	 0000000000000,00
5001000	 0000007971286,00	 0000000077108,00	-0000000010769,00	 0000000005032,00
5002000	 0000056881933,00	 0000026068475,00	 0000000172987,00	 0000019299347,00
5100000	 0000028730432,00	 0000033128009,00	 0000000402241,00	 0000007045548,00
