970	BANCOS ESTABLECIDOS EN CHILE                                            
1000000	 0000040735383,00	 0000033204847,00	 0000000409247,00	 0000010195010,00
1100000	 0000002003971,00	 0000000000000,00	 0000000000000,00	 0000001701784,00
1100100	 0000000901011,00	 0000000000000,00	 0000000000000,00	 0000000099658,00
1100200	 0000001018691,00	 0000000000000,00	 0000000000000,00	 0000000201387,00
1100300	 0000000084266,00	 0000000000000,00	 0000000000000,00	 0000000002498,00
1100400	 0000000000003,00	 0000000000000,00	 0000000000000,00	 0000001398241,00
1130000	 0000001357220,00	 0000000008582,00	 0000000000000,00	 0000001068318,00
1130100	 0000000513952,00	 0000000000000,00	 0000000000000,00	 0000000059572,00
1130200	 0000000843268,00	 0000000008582,00	 0000000000000,00	 0000001008746,00
1150000	 0000001831219,00	 0000003399537,00	 0000000008835,00	 0000000083293,00
1150100	 0000000844815,00	 0000002084307,00	 0000000000000,00	 0000000000000,00
1150200	 0000000378014,00	 0000001315230,00	 0000000008835,00	 0000000005426,00
1150300	 0000000000545,00	 0000000000000,00	 0000000000000,00	 0000000010979,00
1150400	 0000000607845,00	 0000000000000,00	 0000000000000,00	 0000000066888,00
1160000	 0000000288209,00	 0000000090064,00	 0000000000000,00	 0000000000852,00
1160100	 0000000100853,00	 0000000021146,00	 0000000000000,00	 0000000000000,00
1160200	 0000000187356,00	 0000000068918,00	 0000000000000,00	 0000000000852,00
1250000	 0000003871857,00	 0000000279614,00	 0000000000000,00	 0000000121721,00
1250100	 0000003809427,00	 0000000274312,00	 0000000000000,00	 0000000121146,00
1250200	 0000000062430,00	 0000000005302,00	 0000000000000,00	 0000000000575,00
1270000	 0000000336868,00	 0000000000000,00	 0000000000000,00	 0000000651775,00
1270100	 0000000338346,00	 0000000000000,00	 0000000000000,00	 0000000014511,00
1270101	 0000000306600,00	 0000000000000,00	 0000000000000,00	 0000000000000,00
1270111	 0000000031755,00	 0000000000000,00	 0000000000000,00	 0000000014511,00
1270190	-0000000000009,00	 0000000000000,00	 0000000000000,00	 0000000000000,00
1270200	-0000000001478,00	 0000000000000,00	 0000000000000,00	 0000000637264,00
1270201	 0000000000000,00	 0000000000000,00	 0000000000000,00	 0000000379894,00
1270290	-0000000001478,00	 0000000000000,00	 0000000000000,00	-0000000000335,00
1300000	 0000024009428,00	 0000026443375,00	 0000000385850,00	 0000005822287,00
1302000	 0000018058757,00	 0000012972780,00	 0000000385850,00	 0000005798010,00
1302100	 0000015458776,00	 0000010288549,00	 0000000126413,00	 0000002164793,00
1302101	 0000015457402,00	 0000009154745,00	 0000000126390,00	 0000001494891,00
1302102	 0000000001177,00	 0000000000000,00	 0000000000023,00	 0000000669902,00
1302170	 0000000000031,00	 0000000749749,00	 0000000000000,00	 0000000000000,00
1302180	 0000000000166,00	 0000000384055,00	 0000000000000,00	 0000000000000,00
1302200	 0000000330065,00	 0000000018357,00	 0000000000175,00	 0000003488698,00
1302202	 0000000184680,00	 0000000010739,00	 0000000000000,00	 0000001708971,00
1302300	 0000000547280,00	 0000000000000,00	 0000000000000,00	 0000000010737,00
1302500	 0000000859071,00	 0000000100229,00	 0000000000000,00	 0000000120582,00
1302800	 0000000744112,00	 0000002301785,00	 0000000257525,00	 0000000005767,00
1302900	 0000000119453,00	 0000000263860,00	 0000000001737,00	 0000000007433,00
1304000	 0000000080623,00	 0000013098150,00	 0000000000000,00	 0000000000000,00
1304100	 0000000000067,00	 0000001278932,00	 0000000000000,00	 0000000000000,00
1304101	 0000000000038,00	 0000001247036,00	 0000000000000,00	 0000000000000,00
1304102	 0000000000029,00	 0000000031896,00	 0000000000000,00	 0000000000000,00
1304200	 0000000011995,00	 0000000918940,00	 0000000000000,00	 0000000000000,00
1304300	 0000000036801,00	 0000010703950,00	 0000000000000,00	 0000000000000,00
1304800	 0000000030973,00	 0000000046867,00	 0000000000000,00	 0000000000000,00
1304900	 0000000000787,00	 0000000149461,00	 0000000000000,00	 0000000000000,00
1305000	 0000007229988,00	 0000000372622,00	 0000000000000,00	 0000000026587,00
1305100	 0000005187888,00	 0000000370723,00	 0000000000000,00	 0000000000995,00
1305300	 0000000681532,00	 0000000000000,00	 0000000000000,00	 0000000000008,00
1305400	 0000001287373,00	 0000000000000,00	 0000000000000,00	 0000000025584,00
1305800	 0000000003678,00	 0000000001899,00	 0000000000000,00	 0000000000000,00
1305900	 0000000069517,00	 0000000000000,00	 0000000000000,00	 0000000000000,00
1309000	-0000001359940,00	-0000000000177,00	 0000000000000,00	-0000000002310,00
1309001	-0000000826241,00	 0000000000000,00	 0000000000000,00	-0000000002310,00
1309002	-0000000065130,00	-0000000000075,00	 0000000000000,00	 0000000000000,00
1309003	-0000000468569,00	-0000000000102,00	 0000000000000,00	 0000000000000,00
1350000	 0000004014023,00	 0000002941437,00	 0000000013387,00	 0000000407952,00
1350100	 0000002755990,00	 0000001411688,00	 0000000000000,00	 0000000000000,00
1350200	 0000001258033,00	 0000001529749,00	 0000000013387,00	 0000000001479,00
1350300	 0000000000000,00	 0000000000000,00	 0000000000000,00	 0000000406473,00
1360000	 0000000000000,00	 0000000000000,00	 0000000000000,00	 0000000000000,00
1360100	 0000000000000,00	 0000000000000,00	 0000000000000,00	 0000000000000,00
1360200	 0000000000000,00	 0000000000000,00	 0000000000000,00	 0000000000000,00
1360300	 0000000000000,00	 0000000000000,00	 0000000000000,00	 0000000000000,00
1400000	 0000000089697,00	 0000000000465,00	 0000000000000,00	 0000000000028,00
1400100	 0000000028278,00	 0000000000000,00	 0000000000000,00	 0000000000000,00
1400101	 0000000000000,00	 0000000000000,00	 0000000000000,00	 0000000000000,00
1400103	 0000000027293,00	 0000000000000,00	 0000000000000,00	 0000000000000,00
1400200	 0000000061419,00	 0000000000465,00	 0000000000000,00	 0000000000028,00
1500000	 0000000282231,00	 0000000000002,00	 0000000000000,00	 0000000000373,00
1500100	 0000000020629,00	 0000000000000,00	 0000000000000,00	 0000000000000,00
1500200	 0000000261602,00	 0000000000002,00	 0000000000000,00	 0000000000373,00
1600000	 0000000893847,00	 0000000000064,00	 0000000000000,00	 0000000000417,00
1600100	 0000000688536,00	 0000000000104,00	 0000000000000,00	 0000000000020,00
1600200	 0000000205311,00	-0000000000040,00	 0000000000000,00	 0000000000397,00
1700000	 0000000052323,00	 0000000000020,00	 0000000000000,00	 0000000000000,00
1750000	 0000000573589,00	 0000000000000,00	 0000000000000,00	 0000000002018,00
1800000	 0000001130901,00	 0000000041687,00	 0000000001175,00	 0000000334192,00
1800100	 0000000184493,00	 0000000024677,00	 0000000001175,00	 0000000003731,00
1800200	 0000000057929,00	 0000000000000,00	 0000000000000,00	 0000000000000,00
1800900	 0000000888479,00	 0000000017010,00	 0000000000000,00	 0000000330461,00
2000000	 0000041771184,00	 0000019724210,00	 0000000183756,00	 0000016105350,00
2100000	 0000011209500,00	 0000000410819,00	 0000000000043,00	 0000001447655,00
2100100	 0000008977070,00	 0000000000000,00	 0000000000000,00	 0000001288471,00
2100109	 0000005351600,00	 0000000000000,00	 0000000000000,00	 0000001150079,00
2100110	 0000003612120,00	 0000000000000,00	 0000000000000,00	 0000000136689,00
2100200	 0000001053100,00	 0000000000000,00	 0000000000000,00	 0000000000000,00
2100300	 0000001179330,00	 0000000410819,00	 0000000000043,00	 0000000159184,00
2130000	 0000000951645,00	 0000000000428,00	 0000000071325,00	 0000000875191,00
2160000	 0000003134399,00	 0000000203562,00	 0000000000000,00	 0000000101748,00
2160100	 0000002437255,00	 0000000027122,00	 0000000000000,00	 0000000004424,00
2160200	 0000000697144,00	 0000000176440,00	 0000000000000,00	 0000000097324,00
2200000	 0000019686068,00	 0000009713195,00	 0000000000001,00	 0000005614038,00
2200100	 0000019677783,00	 0000009277659,00	 0000000000001,00	 0000005610721,00
2200200	 0000000000807,00	 0000000431330,00	 0000000000000,00	 0000000000000,00
2200900	 0000000007478,00	 0000000004206,00	 0000000000000,00	 0000000003317,00
2250000	 0000003573187,00	 0000000175918,00	 0000000000000,00	 0000000123618,00
2250100	 0000003520637,00	 0000000175126,00	 0000000000000,00	 0000000113797,00
2250200	 0000000052550,00	 0000000000792,00	 0000000000000,00	 0000000009821,00
2300000	 0000000763619,00	 0000000002453,00	 0000000000206,00	 0000006693080,00
2301000	 0000000111933,00	 0000000000041,00	 0000000000000,00	 0000000156190,00
2301001	 0000000098837,00	 0000000000041,00	 0000000000000,00	 0000000130256,00
2302000	 0000000000004,00	 0000000000000,00	 0000000000206,00	 0000006536876,00
2302100	 0000000000000,00	 0000000000000,00	 0000000000087,00	 0000004420353,00
2302200	 0000000000004,00	 0000000000000,00	 0000000000119,00	 0000002116523,00
2303000	 0000000651682,00	 0000000002412,00	 0000000000000,00	 0000000000014,00
2303100	 0000000651682,00	 0000000000000,00	 0000000000000,00	 0000000000014,00
2303900	 0000000000000,00	 0000000002412,00	 0000000000000,00	 0000000000000,00
2400000	 0000000039921,00	 0000008803681,00	 0000000000000,00	 0000000918868,00
2401000	 0000000000824,00	 0000001964974,00	 0000000000000,00	 0000000000000,00
2402000	 0000000039097,00	 0000006838707,00	 0000000000000,00	 0000000918868,00
2402100	 0000000016258,00	 0000004874695,00	 0000000000000,00	 0000000526093,00
2402200	 0000000022839,00	 0000001964012,00	 0000000000000,00	 0000000392775,00
2500000	 0000000313662,00	 0000000363452,00	 0000000108791,00	 0000000154616,00
2500100	 0000000197659,00	 0000000360920,00	 0000000108791,00	 0000000005027,00
2500200	 0000000116000,00	 0000000002532,00	 0000000000000,00	 0000000118119,00
2500300	 0000000000003,00	 0000000000000,00	 0000000000000,00	 0000000031470,00
2600000	 0000000177153,00	 0000000000000,00	 0000000000000,00	 0000000000000,00
2650000	 0000000291118,00	 0000000000000,00	 0000000000000,00	 0000000000000,00
2700000	 0000000963758,00	 0000000000000,00	 0000000000000,00	 0000000000584,00
2700100	 0000000137376,00	 0000000000000,00	 0000000000000,00	 0000000000000,00
2700200	 0000000514131,00	 0000000000000,00	 0000000000000,00	 0000000000000,00
2700300	 0000000030811,00	 0000000000000,00	 0000000000000,00	 0000000000000,00
2700400	 0000000281440,00	 0000000000000,00	 0000000000000,00	 0000000000584,00
2700401	 0000000003140,00	 0000000000000,00	 0000000000000,00	 0000000000462,00
2700402	 0000000000000,00	 0000000000000,00	 0000000000000,00	 0000000000000,00
2700403	 0000000226890,00	 0000000000000,00	 0000000000000,00	 0000000000000,00
2700490	 0000000051410,00	 0000000000000,00	 0000000000000,00	 0000000000122,00
2800000	 0000000667154,00	 0000000050702,00	 0000000003390,00	 0000000175952,00
3000000	 0000006700451,00	 0000000067043,00	-0000000009614,00	 0000000002107,00
3101000	 0000004649231,00	 0000000009158,00	 0000000000000,00	 0000000000000,00
3102000	 0000000717743,00	 0000000000000,00	 0000000000000,00	 0000000000000,00
3103000	-0000000030640,00	 0000000000050,00	 0000000000000,00	-0000000000340,00
3104000	 0000001333222,00	 0000000057835,00	-0000000009614,00	 0000000002447,00
3104100	 0000001774774,00	 0000000000000,00	 0000000000000,00	 0000000000000,00
3104200	 0000000072578,00	 0000000057835,00	-0000000009614,00	 0000000002447,00
3104300	-0000000514130,00	 0000000000000,00	 0000000000000,00	 0000000000000,00
3200000	 0000000030895,00	 0000000000000,00	 0000000000000,00	 0000000000000,00
5001000	 0000006669556,00	 0000000067043,00	-0000000009614,00	 0000000002107,00
5002000	 0000048471635,00	 0000019791253,00	 0000000174142,00	 0000016107457,00
5100000	 0000025369368,00	 0000026443552,00	 0000000385850,00	 0000005824597,00
