001	BANCO DE CHILE                          
4100000	 0000000050222,00	-0000000000346,00	 0000000000505,00	 0000000003974,00
4100100	 0000000000953,00	-0000000001010,00	 0000000000000,00	 0000000000000,00
4100200	 0000000000015,00	 0000000000000,00	 0000000000000,00	 0000000000429,00
4100300	 0000000017629,00	 0000000000631,00	 0000000000449,00	 0000000003253,00
4100399	 0000000000089,00	 0000000000000,00	 0000000000000,00	 0000000000000,00
4100400	 0000000000486,00	 0000000000373,00	 0000000000000,00	 0000000000000,00
4100499	 0000000000231,00	 0000000000000,00	 0000000000000,00	 0000000000000,00
4100500	 0000000030904,00	 0000000000102,00	 0000000000000,00	 0000000000000,00
4100599	 0000000000415,00	 0000000000000,00	 0000000000000,00	 0000000000000,00
4100600	 0000000000695,00	-0000000000152,00	 0000000000056,00	 0000000001076,00
4100800	 0000000000284,00	-0000000000290,00	 0000000000000,00	 0000000000012,00
4100900	-0000000000744,00	 0000000000000,00	 0000000000000,00	-0000000000796,00
4150000	-0000000004590,00	 0000000003977,00	-0000000000035,00	-0000000003540,00
4150100	-0000000000026,00	 0000000000000,00	 0000000000000,00	 0000000000000,00
4150200	-0000000000211,00	 0000000000085,00	 0000000000000,00	 0000000000000,00
4150300	-0000000004066,00	 0000000003508,00	 0000000000000,00	-0000000001829,00
4150400	-0000000000133,00	 0000000000000,00	 0000000000000,00	 0000000000000,00
4150500	-0000000000090,00	-0000000000066,00	 0000000000000,00	-0000000000373,00
4150600	-0000000000064,00	 0000000000070,00	-0000000000035,00	-0000000001338,00
4150800	 0000000000000,00	 0000000000380,00	 0000000000000,00	 0000000000000,00
4150900	 0000000000000,00	 0000000000000,00	 0000000000000,00	 0000000000000,00
4200000	 0000000025650,00	 0000000000404,00	 0000000000000,00	 0000000000608,00
4200100	 0000000002349,00	 0000000000000,00	 0000000000000,00	 0000000000000,00
4200200	 0000000000570,00	 0000000000403,00	 0000000000000,00	 0000000000176,00
4200300	 0000000006493,00	 0000000000000,00	 0000000000000,00	 0000000000000,00
4200400	 0000000000993,00	 0000000000000,00	 0000000000000,00	 0000000000000,00
4200500	 0000000004295,00	 0000000000001,00	 0000000000000,00	 0000000000001,00
4200600	 0000000002555,00	 0000000000000,00	 0000000000000,00	 0000000000000,00
4200700	 0000000004208,00	 0000000000000,00	 0000000000000,00	 0000000000418,00
4200800	 0000000002071,00	 0000000000000,00	 0000000000000,00	 0000000000000,00
4200900	 0000000002116,00	 0000000000000,00	 0000000000000,00	 0000000000013,00
4250000	-0000000004608,00	 0000000000000,00	 0000000000000,00	-0000000000032,00
4250100	-0000000002457,00	 0000000000000,00	 0000000000000,00	 0000000000000,00
4250200	-0000000000166,00	 0000000000000,00	 0000000000000,00	 0000000000000,00
4250300	-0000000001985,00	 0000000000000,00	 0000000000000,00	-0000000000032,00
4300000	 0000000070956,00	 0000000001216,00	 0000000000000,00	-0000000005713,00
4300100	 0000000003642,00	 0000000000384,00	 0000000000000,00	 0000000000000,00
4300200	 0000000067071,00	 0000000000000,00	 0000000000000,00	-0000000007999,00
4300300	 0000000000186,00	 0000000000832,00	 0000000000000,00	 0000000002286,00
4300400	 0000000000000,00	 0000000000000,00	 0000000000000,00	 0000000000000,00
4300500	 0000000000057,00	 0000000000000,00	 0000000000000,00	 0000000000000,00
4350000	-0000000055088,00	 0000000000000,00	 0000000003418,00	 0000000001318,00
4350100	-0000000055088,00	 0000000000000,00	 0000000000000,00	 0000000001318,00
4350200	 0000000000000,00	 0000000000000,00	 0000000003418,00	 0000000000000,00
4350900	 0000000000000,00	 0000000000000,00	 0000000000000,00	 0000000000000,00
4400000	 0000000001166,00	 0000000000285,00	 0000000000000,00	 0000000000215,00
4400100	 0000000000464,00	 0000000000000,00	 0000000000000,00	 0000000000000,00
4400200	 0000000000028,00	 0000000000000,00	 0000000000000,00	 0000000000000,00
4400300	 0000000000674,00	 0000000000285,00	 0000000000000,00	 0000000000215,00
4500000	-0000000014288,00	 0000000000260,00	 0000000000000,00	 0000000000000,00
4500100	-0000000016394,00	 0000000000000,00	 0000000000000,00	 0000000000000,00
4500200	-0000000000052,00	 0000000000000,00	 0000000000000,00	 0000000000000,00
4500900	 0000000002158,00	 0000000000260,00	 0000000000000,00	 0000000000000,00
4500901	 0000000002029,00	 0000000000260,00	 0000000000000,00	 0000000000000,00
4500911	 0000000000120,00	 0000000000000,00	 0000000000000,00	 0000000000000,00
4500921	 0000000000009,00	 0000000000000,00	 0000000000000,00	 0000000000000,00
4600000	-0000000021434,00	 0000000000000,00	 0000000000000,00	 0000000000000,00
4610000	-0000000013297,00	 0000000000000,00	 0000000000000,00	-0000000000001,00
4610100	-0000000009961,00	 0000000000000,00	 0000000000000,00	-0000000000001,00
4610200	-0000000000762,00	 0000000000000,00	 0000000000000,00	 0000000000000,00
4610300	-0000000000183,00	 0000000000000,00	 0000000000000,00	 0000000000000,00
4610400	-0000000001658,00	 0000000000000,00	 0000000000000,00	 0000000000000,00
4610500	-0000000000733,00	 0000000000000,00	 0000000000000,00	 0000000000000,00
4620000	-0000000002540,00	 0000000000000,00	 0000000000000,00	 0000000000000,00
4630000	 0000000000000,00	 0000000000000,00	 0000000000000,00	 0000000000000,00
4650000	-0000000004491,00	 0000000000000,00	 0000000000000,00	-0000000000027,00
4650100	-0000000000489,00	 0000000000000,00	 0000000000000,00	 0000000000000,00
4650200	-0000000001806,00	 0000000000000,00	 0000000000000,00	 0000000000000,00
4650201	-0000000000178,00	 0000000000000,00	 0000000000000,00	 0000000000000,00
4650211	 0000000000000,00	 0000000000000,00	 0000000000000,00	 0000000000000,00
4650212	 0000000000000,00	 0000000000000,00	 0000000000000,00	 0000000000000,00
4650290	-0000000001628,00	 0000000000000,00	 0000000000000,00	 0000000000000,00
4650900	-0000000002196,00	 0000000000000,00	 0000000000000,00	-0000000000027,00
4700000	 0000000000000,00	 0000000000000,00	 0000000000000,00	 0000000000000,00
4700100	 0000000000000,00	 0000000000000,00	 0000000000000,00	 0000000000000,00
4700101	 0000000000000,00	 0000000000000,00	 0000000000000,00	 0000000000000,00
4700102	 0000000000000,00	 0000000000000,00	 0000000000000,00	 0000000000000,00
4700103	 0000000000000,00	 0000000000000,00	 0000000000000,00	 0000000000000,00
4700110	 0000000000000,00	 0000000000000,00	 0000000000000,00	 0000000000000,00
4700200	 0000000000000,00	 0000000000000,00	 0000000000000,00	 0000000000000,00
4700201	 0000000000000,00	 0000000000000,00	 0000000000000,00	 0000000000000,00
4700202	 0000000000000,00	 0000000000000,00	 0000000000000,00	 0000000000000,00
4700203	 0000000000000,00	 0000000000000,00	 0000000000000,00	 0000000000000,00
4700210	 0000000000000,00	 0000000000000,00	 0000000000000,00	 0000000000000,00
4800000	-0000000003939,00	 0000000000000,00	 0000000000000,00	 0000000000000,00
4800001	-0000000003729,00	 0000000000000,00	 0000000000000,00	 0000000000000,00
4850000	 0000000000000,00	 0000000000000,00	 0000000000000,00	 0000000000000,00
4900000	 0000000000000,00	 0000000000000,00	 0000000000000,00	 0000000000000,00
5003000	 0000000045632,00	 0000000003631,00	 0000000000470,00	 0000000000434,00
5004000	 0000000021042,00	 0000000000404,00	 0000000000000,00	 0000000000576,00
5005000	 0000000083708,00	 0000000005536,00	 0000000003888,00	-0000000003170,00
5006000	 0000000069420,00	 0000000005796,00	 0000000003888,00	-0000000003170,00
5007000	 0000000027658,00	 0000000005796,00	 0000000003888,00	-0000000003198,00
5008000	 0000000027658,00	 0000000005796,00	 0000000003888,00	-0000000003198,00
5009000	 0000000023719,00	 0000000005796,00	 0000000003888,00	-0000000003198,00
5010000	 0000000023719,00	 0000000005796,00	 0000000003888,00	-0000000003198,00
