027	CORPBANCA                               
4100000	 0000000052329,00	 0000000063496,00	 0000000000125,00	 0000000087093,00
4100100	 0000000000131,00	 0000000000007,00	 0000000000000,00	 0000000000114,00
4100101	 0000000000131,00	 0000000000000,00	 0000000000000,00	 0000000000114,00
4100151	 0000000000000,00	 0000000000007,00	 0000000000000,00	 0000000000000,00
4100200	 0000000000737,00	 0000000000000,00	 0000000000000,00	 0000000000258,00
4100201	 0000000000737,00	 0000000000000,00	 0000000000000,00	 0000000000258,00
4100251	 0000000000000,00	 0000000000000,00	 0000000000000,00	 0000000000000,00
4100300	 0000000033782,00	 0000000035346,00	 0000000000088,00	 0000000048234,00
4100301	 0000000030318,00	 0000000012836,00	 0000000000001,00	 0000000033418,00
4100309	 0000000000354,00	 0000000000000,00	 0000000000000,00	 0000000001934,00
4100310	 0000000000532,00	 0000000000000,00	 0000000000000,00	 0000000000626,00
4100320	 0000000001042,00	 0000000000003,00	 0000000000000,00	 0000000000678,00
4100330	 0000000001219,00	 0000000002627,00	 0000000000087,00	 0000000011009,00
4100340	 0000000000250,00	 0000000001637,00	 0000000000000,00	 0000000000453,00
4100351	 0000000000000,00	 0000000014242,00	 0000000000000,00	 0000000000001,00
4100359	 0000000000000,00	 0000000000000,00	 0000000000000,00	 0000000000000,00
4100360	 0000000000000,00	 0000000000000,00	 0000000000000,00	 0000000000000,00
4100370	 0000000000000,00	 0000000000020,00	 0000000000000,00	 0000000000000,00
4100380	 0000000000000,00	 0000000002247,00	 0000000000000,00	 0000000000000,00
4100390	 0000000000000,00	 0000000001720,00	 0000000000000,00	 0000000000000,00
4100399	 0000000000067,00	 0000000000014,00	 0000000000000,00	 0000000000115,00
4100400	 0000000000020,00	 0000000024276,00	 0000000000000,00	 0000000007760,00
4100401	 0000000000000,00	 0000000000561,00	 0000000000000,00	 0000000000000,00
4100402	 0000000000000,00	 0000000000237,00	 0000000000000,00	 0000000000000,00
4100403	 0000000000000,00	 0000000000000,00	 0000000000000,00	 0000000000000,00
4100405	 0000000000000,00	 0000000001509,00	 0000000000000,00	 0000000000000,00
4100407	 0000000000020,00	 0000000008636,00	 0000000000000,00	 0000000003134,00
4100408	 0000000000000,00	 0000000000000,00	 0000000000000,00	 0000000000000,00
4100420	 0000000000000,00	 0000000000001,00	 0000000000000,00	 0000000004626,00
4100430	 0000000000000,00	 0000000000291,00	 0000000000000,00	 0000000000000,00
4100451	 0000000000000,00	 0000000000611,00	 0000000000000,00	 0000000000000,00
4100452	 0000000000000,00	 0000000000000,00	 0000000000000,00	 0000000000000,00
4100455	 0000000000000,00	 0000000001645,00	 0000000000000,00	 0000000000000,00
4100457	 0000000000000,00	 0000000010476,00	 0000000000000,00	 0000000000000,00
4100458	 0000000000000,00	 0000000000000,00	 0000000000000,00	 0000000000000,00
4100480	 0000000000000,00	 0000000000000,00	 0000000000000,00	 0000000000000,00
4100490	 0000000000000,00	 0000000000309,00	 0000000000000,00	 0000000000000,00
4100499	 0000000000000,00	 0000000000000,00	 0000000000000,00	 0000000000000,00
4100500	 0000000014837,00	 0000000000206,00	 0000000000000,00	 0000000027355,00
4100501	 0000000004911,00	 0000000000113,00	 0000000000000,00	 0000000021263,00
4100510	 0000000002195,00	 0000000000000,00	 0000000000000,00	 0000000000222,00
4100520	 0000000001864,00	 0000000000000,00	 0000000000000,00	 0000000005706,00
4100530	 0000000000008,00	 0000000000005,00	 0000000000000,00	 0000000000005,00
4100540	 0000000005753,00	 0000000000000,00	 0000000000000,00	 0000000000159,00
4100590	 0000000000000,00	 0000000000088,00	 0000000000000,00	 0000000000000,00
4100599	 0000000000106,00	 0000000000000,00	 0000000000000,00	 0000000000000,00
4100600	 0000000002323,00	 0000000003378,00	 0000000000037,00	 0000000003165,00
4100601	 0000000002323,00	 0000000001338,00	 0000000000037,00	 0000000002323,00
4100621	 0000000000000,00	 0000000000042,00	 0000000000000,00	 0000000000847,00
4100651	 0000000000000,00	 0000000001931,00	 0000000000000,00	-0000000000005,00
4100671	 0000000000000,00	 0000000000067,00	 0000000000000,00	 0000000000000,00
4100800	 0000000000499,00	 0000000000283,00	 0000000000000,00	 0000000000704,00
4100801	 0000000000000,00	 0000000000000,00	 0000000000000,00	 0000000000000,00
4100804	 0000000000000,00	 0000000000000,00	 0000000000000,00	 0000000000001,00
4100810	 0000000000499,00	 0000000000007,00	 0000000000000,00	 0000000000703,00
4100850	 0000000000000,00	 0000000000276,00	 0000000000000,00	 0000000000000,00
4100900	 0000000000000,00	 0000000000000,00	 0000000000000,00	-0000000000497,00
4150000	-0000000041204,00	-0000000026712,00	-0000000000002,00	-0000000037552,00
4150100	-0000000000241,00	-0000000000096,00	 0000000000000,00	-0000000009252,00
4150101	-0000000000241,00	 0000000000000,00	 0000000000000,00	-0000000000479,00
4150102	 0000000000000,00	 0000000000000,00	 0000000000000,00	-0000000008773,00
4150103	 0000000000000,00	 0000000000000,00	 0000000000000,00	 0000000000000,00
4150151	 0000000000000,00	-0000000000096,00	 0000000000000,00	 0000000000000,00
4150200	-0000000000488,00	-0000000000027,00	 0000000000000,00	-0000000000992,00
4150201	-0000000000488,00	 0000000000000,00	 0000000000000,00	-0000000000992,00
4150251	 0000000000000,00	-0000000000027,00	 0000000000000,00	 0000000000000,00
4150300	-0000000034789,00	-0000000005007,00	 0000000000000,00	-0000000020152,00
4150301	-0000000034789,00	-0000000002046,00	 0000000000000,00	-0000000020099,00
4150302	 0000000000000,00	-0000000000002,00	 0000000000000,00	-0000000000033,00
4150309	 0000000000000,00	 0000000000000,00	 0000000000000,00	-0000000000020,00
4150351	 0000000000000,00	-0000000002894,00	 0000000000000,00	 0000000000000,00
4150352	 0000000000000,00	-0000000000065,00	 0000000000000,00	 0000000000000,00
4150359	 0000000000000,00	 0000000000000,00	 0000000000000,00	 0000000000000,00
4150400	-0000000000468,00	 0000000000000,00	 0000000000000,00	-0000000003142,00
4150401	-0000000000468,00	 0000000000000,00	 0000000000000,00	-0000000003142,00
4150451	 0000000000000,00	 0000000000000,00	 0000000000000,00	 0000000000000,00
4150500	-0000000005638,00	-0000000021082,00	 0000000000000,00	-0000000003895,00
4150501	 0000000000000,00	-0000000000850,00	 0000000000000,00	 0000000000000,00
4150511	-0000000003433,00	-0000000004722,00	 0000000000000,00	-0000000002156,00
4150521	-0000000001178,00	-0000000002812,00	 0000000000000,00	-0000000001739,00
4150522	 0000000000000,00	 0000000000000,00	 0000000000000,00	 0000000000000,00
4150551	 0000000000000,00	-0000000000963,00	 0000000000000,00	 0000000000000,00
4150561	 0000000000000,00	-0000000008314,00	 0000000000000,00	 0000000000000,00
4150571	-0000000001027,00	-0000000003421,00	 0000000000000,00	 0000000000000,00
4150572	 0000000000000,00	 0000000000000,00	 0000000000000,00	 0000000000000,00
4150600	-0000000000006,00	-0000000000088,00	-0000000000002,00	-0000000000069,00
4150601	-0000000000006,00	-0000000000034,00	-0000000000002,00	-0000000000002,00
4150651	 0000000000000,00	-0000000000054,00	 0000000000000,00	-0000000000067,00
4150800	-0000000000062,00	-0000000000412,00	 0000000000000,00	-0000000000050,00
4150801	-0000000000062,00	 0000000000000,00	 0000000000000,00	-0000000000050,00
4150851	 0000000000000,00	-0000000000412,00	 0000000000000,00	 0000000000000,00
4150900	 0000000000488,00	 0000000000000,00	 0000000000000,00	 0000000000000,00
4200000	 0000000011968,00	 0000000000000,00	 0000000000000,00	 0000000015480,00
4200100	 0000000000604,00	 0000000000000,00	 0000000000000,00	 0000000001110,00
4200200	 0000000000764,00	 0000000000000,00	 0000000000000,00	 0000000001035,00
4200300	 0000000002808,00	 0000000000000,00	 0000000000000,00	 0000000003112,00
4200303	 0000000001160,00	 0000000000000,00	 0000000000000,00	 0000000000329,00
4200304	 0000000000582,00	 0000000000000,00	 0000000000000,00	 0000000001041,00
4200305	 0000000000688,00	 0000000000000,00	 0000000000000,00	 0000000001312,00
4200306	 0000000000378,00	 0000000000000,00	 0000000000000,00	 0000000000188,00
4200307	 0000000000000,00	 0000000000000,00	 0000000000000,00	 0000000000127,00
4200309	 0000000000000,00	 0000000000000,00	 0000000000000,00	 0000000000115,00
4200400	 0000000001122,00	 0000000000000,00	 0000000000000,00	 0000000000691,00
4200500	 0000000001500,00	 0000000000000,00	 0000000000000,00	 0000000003641,00
4200600	 0000000000469,00	 0000000000000,00	 0000000000000,00	 0000000000792,00
4200700	 0000000001087,00	 0000000000000,00	 0000000000000,00	 0000000001920,00
4200800	 0000000001682,00	 0000000000000,00	 0000000000000,00	 0000000001460,00
4200900	 0000000001932,00	 0000000000000,00	 0000000000000,00	 0000000001719,00
4250000	-0000000003921,00	 0000000000000,00	 0000000000000,00	-0000000003823,00
4250100	-0000000001589,00	 0000000000000,00	 0000000000000,00	-0000000001375,00
4250101	-0000000001115,00	 0000000000000,00	 0000000000000,00	-0000000000884,00
4250102	-0000000000465,00	 0000000000000,00	 0000000000000,00	-0000000000491,00
4250190	-0000000000009,00	 0000000000000,00	 0000000000000,00	 0000000000000,00
4250200	-0000000000167,00	 0000000000000,00	 0000000000000,00	-0000000000563,00
4250300	-0000000002165,00	 0000000000000,00	 0000000000000,00	-0000000001885,00
4300000	 0000000028932,00	 0000000001201,00	 0000000000000,00	 0000000005925,00
4300100	 0000000000826,00	 0000000000627,00	 0000000000000,00	 0000000003906,00
4300101	 0000000000442,00	 0000000000267,00	 0000000000000,00	 0000000003176,00
4300102	-0000000000052,00	 0000000000152,00	 0000000000000,00	 0000000000822,00
4300103	 0000000000556,00	 0000000000208,00	 0000000000000,00	 0000000000984,00
4300104	-0000000000352,00	 0000000000000,00	 0000000000000,00	-0000000001077,00
4300190	 0000000000232,00	 0000000000000,00	 0000000000000,00	 0000000000001,00
4300200	 0000000029342,00	-0000000000052,00	 0000000000000,00	 0000000000016,00
4300300	 0000000000471,00	 0000000000626,00	 0000000000000,00	 0000000002106,00
4300400	-0000000001731,00	 0000000000000,00	 0000000000000,00	 0000000000077,00
4300500	 0000000000024,00	 0000000000000,00	 0000000000000,00	-0000000000180,00
4350000	-0000000022668,00	 0000000000028,00	 0000000001603,00	 0000000009038,00
4350100	-0000000025559,00	 0000000000000,00	 0000000000000,00	 0000000009087,00
4350200	 0000000000000,00	 0000000000000,00	 0000000001603,00	 0000000000000,00
4350900	 0000000002891,00	 0000000000028,00	 0000000000000,00	-0000000000049,00
4400000	 0000000000997,00	 0000000000000,00	 0000000000000,00	 0000000004921,00
4400100	 0000000000296,00	 0000000000000,00	 0000000000000,00	 0000000000416,00
4400200	 0000000000047,00	 0000000000000,00	 0000000000000,00	 0000000000186,00
4400290	 0000000000000,00	 0000000000000,00	 0000000000000,00	 0000000000029,00
4400300	 0000000000654,00	 0000000000000,00	 0000000000000,00	 0000000004319,00
4500000	-0000000009850,00	 0000000000000,00	 0000000000000,00	-0000000008522,00
4500100	-0000000010280,00	 0000000000000,00	 0000000000000,00	-0000000009590,00
4500101	-0000000006152,00	 0000000000000,00	 0000000000000,00	-0000000001993,00
4500111	-0000000000110,00	 0000000000000,00	 0000000000000,00	-0000000000167,00
4500112	-0000000004017,00	 0000000000000,00	 0000000000000,00	-0000000007241,00
4500190	-0000000000001,00	 0000000000000,00	 0000000000000,00	-0000000000189,00
4500200	-0000000001192,00	 0000000000000,00	 0000000000000,00	 0000000000166,00
4500700	 0000000000000,00	 0000000000000,00	 0000000000000,00	 0000000000000,00
4500701	 0000000000000,00	 0000000000000,00	 0000000000000,00	 0000000000000,00
4500702	 0000000000000,00	 0000000000000,00	 0000000000000,00	 0000000000000,00
4500703	 0000000000000,00	 0000000000000,00	 0000000000000,00	 0000000000000,00
4500800	 0000000000000,00	 0000000000000,00	 0000000000000,00	 0000000000000,00
4500801	 0000000000000,00	 0000000000000,00	 0000000000000,00	 0000000000000,00
4500802	 0000000000000,00	 0000000000000,00	 0000000000000,00	 0000000000000,00
4500803	 0000000000000,00	 0000000000000,00	 0000000000000,00	 0000000000000,00
4500900	 0000000001622,00	 0000000000000,00	 0000000000000,00	 0000000000902,00
4500901	 0000000000189,00	 0000000000000,00	 0000000000000,00	 0000000000159,00
4500911	 0000000000176,00	 0000000000000,00	 0000000000000,00	 0000000000024,00
4500921	 0000000001257,00	 0000000000000,00	 0000000000000,00	 0000000000719,00
4500931	 0000000000000,00	 0000000000000,00	 0000000000000,00	 0000000000000,00
4600000	-0000000017074,00	 0000000000000,00	 0000000000000,00	-0000000016271,00
4610000	-0000000013048,00	 0000000000000,00	 0000000000000,00	-0000000018592,00
4610100	-0000000009801,00	 0000000000000,00	 0000000000000,00	-0000000011043,00
4610200	-0000000001662,00	 0000000000000,00	 0000000000000,00	-0000000002570,00
4610300	-0000000000214,00	 0000000000000,00	 0000000000000,00	-0000000000032,00
4610400	-0000000000385,00	 0000000000000,00	 0000000000000,00	-0000000000835,00
4610500	-0000000000986,00	 0000000000000,00	 0000000000000,00	-0000000004112,00
4620000	-0000000003599,00	 0000000000000,00	 0000000000000,00	-0000000004320,00
4630000	 0000000000000,00	 0000000000000,00	 0000000000000,00	 0000000000000,00
4650000	-0000000001004,00	 0000000000000,00	 0000000000000,00	-0000000003892,00
4650100	-0000000000031,00	 0000000000000,00	 0000000000000,00	-0000000000245,00
4650200	-0000000000017,00	 0000000000000,00	 0000000000000,00	-0000000000682,00
4650201	 0000000000000,00	 0000000000000,00	 0000000000000,00	-0000000000633,00
4650211	 0000000000000,00	 0000000000000,00	 0000000000000,00	 0000000000000,00
4650290	-0000000000017,00	 0000000000000,00	 0000000000000,00	-0000000000049,00
4650900	-0000000000956,00	 0000000000000,00	 0000000000000,00	-0000000002965,00
4700000	 0000000000013,00	 0000000000000,00	 0000000000000,00	 0000000000000,00
4700100	 0000000000013,00	 0000000000000,00	 0000000000000,00	 0000000000000,00
4700101	 0000000000000,00	 0000000000000,00	 0000000000000,00	 0000000000000,00
4700102	 0000000000000,00	 0000000000000,00	 0000000000000,00	 0000000000000,00
4700103	 0000000000000,00	 0000000000000,00	 0000000000000,00	 0000000000000,00
4700110	 0000000000013,00	 0000000000000,00	 0000000000000,00	 0000000000000,00
4700200	 0000000000000,00	 0000000000000,00	 0000000000000,00	 0000000000000,00
4700201	 0000000000000,00	 0000000000000,00	 0000000000000,00	 0000000000000,00
4700202	 0000000000000,00	 0000000000000,00	 0000000000000,00	 0000000000000,00
4700203	 0000000000000,00	 0000000000000,00	 0000000000000,00	 0000000000000,00
4700210	 0000000000000,00	 0000000000000,00	 0000000000000,00	 0000000000000,00
4800000	-0000000012690,00	 0000000000000,00	 0000000000000,00	-0000000011095,00
4800001	-0000000013753,00	 0000000000000,00	 0000000000000,00	-0000000006672,00
4850000	 0000000000000,00	 0000000000000,00	 0000000000000,00	 0000000000000,00
4900000	 0000000004333,00	 0000000000000,00	 0000000000000,00	 0000000000059,00
5003000	 0000000011125,00	 0000000036784,00	 0000000000123,00	 0000000049541,00
5004000	 0000000008047,00	 0000000000000,00	 0000000000000,00	 0000000011657,00
5005000	 0000000026433,00	 0000000038013,00	 0000000001726,00	 0000000081082,00
5006000	 0000000016583,00	 0000000038013,00	 0000000001726,00	 0000000072560,00
5007000	-0000000018142,00	 0000000038013,00	 0000000001726,00	 0000000029485,00
5008000	-0000000018129,00	 0000000038013,00	 0000000001726,00	 0000000029485,00
5009000	-0000000030819,00	 0000000038013,00	 0000000001726,00	 0000000018390,00
5010000	-0000000030819,00	 0000000038013,00	 0000000001726,00	 0000000018390,00
5020000	-0000000035152,00	 0000000038013,00	 0000000001726,00	 0000000018331,00
