037	BANCO SANTANDER-CHILE
1000000	 0000016318794,00	 0000015591913,00	 0000000117887,00	 0000004540529,00
1100000	 0000000677058,00	 0000000000000,00	 0000000000000,00	 0000000747364,00
1100100	 0000000579229,00	 0000000000000,00	 0000000000000,00	 0000000092204,00
1100200	 0000000097529,00	 0000000000000,00	 0000000000000,00	 0000000240905,00
1100300	 0000000000300,00	 0000000000000,00	 0000000000000,00	 0000000000000,00
1100400	 0000000000000,00	 0000000000000,00	 0000000000000,00	 0000000414255,00
1130000	 0000000455732,00	 0000000000000,00	 0000000000000,00	 0000000533212,00
1130100	 0000000143162,00	 0000000000000,00	 0000000000000,00	 0000000024750,00
1130200	 0000000312570,00	 0000000000000,00	 0000000000000,00	 0000000508462,00
1150000	 0000000181142,00	 0000000147295,00	 0000000000000,00	 0000000000000,00
1150100	 0000000180290,00	 0000000147295,00	 0000000000000,00	 0000000000000,00
1150200	 0000000000000,00	 0000000000000,00	 0000000000000,00	 0000000000000,00
1150300	 0000000000000,00	 0000000000000,00	 0000000000000,00	 0000000000000,00
1150400	 0000000000852,00	 0000000000000,00	 0000000000000,00	 0000000000000,00
1160000	 0000000000000,00	 0000000000000,00	 0000000000000,00	 0000000000000,00
1160100	 0000000000000,00	 0000000000000,00	 0000000000000,00	 0000000000000,00
1160200	 0000000000000,00	 0000000000000,00	 0000000000000,00	 0000000000000,00
1250000	 0000002508488,00	 0000000000000,00	 0000000000000,00	 0000000000000,00
1250100	 0000002377819,00	 0000000000000,00	 0000000000000,00	 0000000000000,00
1250200	 0000000130669,00	 0000000000000,00	 0000000000000,00	 0000000000000,00
1270000	 0000000000001,00	 0000000000000,00	 0000000000000,00	 0000000156130,00
1270100	 0000000000001,00	 0000000000000,00	 0000000000000,00	 0000000000000,00
1270112	 0000000000000,00	 0000000000000,00	 0000000000000,00	 0000000000000,00
1270113	 0000000000000,00	 0000000000000,00	 0000000000000,00	 0000000000000,00
1270116	 0000000000000,00	 0000000000000,00	 0000000000000,00	 0000000000000,00
1270117	 0000000000000,00	 0000000000000,00	 0000000000000,00	 0000000000000,00
1270118	 0000000000000,00	 0000000000000,00	 0000000000000,00	 0000000000000,00
1270190	 0000000000000,00	 0000000000000,00	 0000000000000,00	 0000000000000,00
1270200	 0000000000000,00	 0000000000000,00	 0000000000000,00	 0000000156130,00
1270202	 0000000000000,00	 0000000000000,00	 0000000000000,00	 0000000000000,00
1270203	 0000000000000,00	 0000000000000,00	 0000000000000,00	 0000000000000,00
1270206	 0000000000000,00	 0000000000000,00	 0000000000000,00	 0000000156210,00
1270207	 0000000000000,00	 0000000000000,00	 0000000000000,00	 0000000000000,00
1270208	 0000000000000,00	 0000000000000,00	 0000000000000,00	 0000000000000,00
1270290	 0000000000000,00	 0000000000000,00	 0000000000000,00	-0000000000080,00
1270300	 0000000000000,00	 0000000000000,00	 0000000000000,00	 0000000000000,00
1300000	 0000009776664,00	 0000014542976,00	 0000000115967,00	 0000002499146,00
1302000	 0000006104597,00	 0000005384461,00	 0000000115967,00	 0000002452168,00
1302100	 0000004772600,00	 0000004358878,00	 0000000000000,00	 0000001009589,00
1302101	 0000004772106,00	 0000004355620,00	 0000000000000,00	 0000001009589,00
1302102	 0000000000000,00	 0000000000000,00	 0000000000000,00	 0000000000000,00
1302170	 0000000000000,00	 0000000002830,00	 0000000000000,00	 0000000000000,00
1302180	 0000000000494,00	 0000000000428,00	 0000000000000,00	 0000000000000,00
1302200	 0000000245548,00	 0000000005483,00	 0000000000062,00	 0000001298424,00
1302201	 0000000000000,00	 0000000000000,00	 0000000000000,00	 0000000004425,00
1302202	 0000000098063,00	 0000000003651,00	 0000000000000,00	 0000000616943,00
1302241	 0000000001483,00	 0000000000000,00	 0000000000062,00	 0000000185161,00
1302242	 0000000146002,00	 0000000001832,00	 0000000000000,00	 0000000486743,00
1302281	 0000000000000,00	 0000000000000,00	 0000000000000,00	 0000000005152,00
1302282	 0000000000000,00	 0000000000000,00	 0000000000000,00	 0000000000000,00
1302300	 0000000224451,00	 0000000000000,00	 0000000000000,00	 0000000000889,00
1302500	 0000000298871,00	 0000000009421,00	-0000000000019,00	 0000000139516,00
1302600	 0000000000000,00	 0000000087697,00	 0000000000000,00	 0000000000000,00
1302601	 0000000000000,00	 0000000043219,00	 0000000000000,00	 0000000000000,00
1302602	 0000000000000,00	 0000000000002,00	 0000000000000,00	 0000000000000,00
1302604	 0000000000000,00	 0000000044476,00	 0000000000000,00	 0000000000000,00
1302800	 0000000423663,00	 0000000913864,00	 0000000115683,00	 0000000000000,00
1302900	 0000000139464,00	 0000000009118,00	 0000000000241,00	 0000000003750,00
1304000	 0000000003692,00	 0000009138844,00	 0000000000000,00	 0000000000000,00
1304100	 0000000000000,00	 0000000023360,00	 0000000000000,00	 0000000000000,00
1304101	 0000000000000,00	 0000000023360,00	 0000000000000,00	 0000000000000,00
1304102	 0000000000000,00	 0000000000000,00	 0000000000000,00	 0000000000000,00
1304200	 0000000000000,00	 0000000016031,00	 0000000000000,00	 0000000000000,00
1304400	 0000000000000,00	 0000000097691,00	 0000000000000,00	 0000000000000,00
1304500	 0000000003624,00	 0000008999732,00	 0000000000000,00	 0000000000000,00
1304600	 0000000000000,00	 0000000000000,00	 0000000000000,00	 0000000000000,00
1304800	 0000000000000,00	 0000000000000,00	 0000000000000,00	 0000000000000,00
1304900	 0000000000068,00	 0000000002030,00	 0000000000000,00	 0000000000000,00
1305000	 0000004483434,00	 0000000019671,00	 0000000000000,00	 0000000046978,00
1305100	 0000002901304,00	 0000000018250,00	 0000000000000,00	 0000000000000,00
1305300	 0000000276256,00	 0000000000000,00	 0000000000000,00	 0000000000002,00
1305400	 0000001301900,00	 0000000000000,00	 0000000000000,00	 0000000046976,00
1305800	 0000000003233,00	 0000000001421,00	 0000000000000,00	 0000000000000,00
1305900	 0000000000741,00	 0000000000000,00	 0000000000000,00	 0000000000000,00
1309000	-0000000815059,00	 0000000000000,00	 0000000000000,00	 0000000000000,00
1309100	-0000000462941,00	 0000000000000,00	 0000000000000,00	 0000000000000,00
1309200	-0000000068444,00	 0000000000000,00	 0000000000000,00	 0000000000000,00
1309300	-0000000283674,00	 0000000000000,00	 0000000000000,00	 0000000000000,00
1350000	 0000001425048,00	 0000000865392,00	 0000000000000,00	 0000000402902,00
1350100	 0000001314207,00	 0000000843909,00	 0000000000000,00	 0000000000000,00
1350200	 0000000110841,00	 0000000021483,00	 0000000000000,00	 0000000060115,00
1350300	 0000000000000,00	 0000000000000,00	 0000000000000,00	 0000000342787,00
1360000	 0000000000000,00	 0000000000000,00	 0000000000000,00	 0000000000000,00
1360100	 0000000000000,00	 0000000000000,00	 0000000000000,00	 0000000000000,00
1360200	 0000000000000,00	 0000000000000,00	 0000000000000,00	 0000000000000,00
1360300	 0000000000000,00	 0000000000000,00	 0000000000000,00	 0000000000000,00
1400000	 0000000027455,00	 0000000000000,00	 0000000000000,00	 0000000000000,00
1400100	 0000000027153,00	 0000000000000,00	 0000000000000,00	 0000000000000,00
1400101	 0000000000000,00	 0000000000000,00	 0000000000000,00	 0000000000000,00
1400103	 0000000027153,00	 0000000000000,00	 0000000000000,00	 0000000000000,00
1400200	 0000000000302,00	 0000000000000,00	 0000000000000,00	 0000000000000,00
1500000	 0000000062440,00	 0000000000000,00	 0000000000000,00	 0000000000000,00
1500100	 0000000000000,00	 0000000000000,00	 0000000000000,00	 0000000000000,00
1500200	 0000000062440,00	 0000000000000,00	 0000000000000,00	 0000000000000,00
1600000	 0000000239032,00	 0000000000000,00	 0000000000000,00	 0000000000000,00
1600100	 0000000160706,00	 0000000000000,00	 0000000000000,00	 0000000000000,00
1600200	 0000000078326,00	 0000000000000,00	 0000000000000,00	 0000000000000,00
1700000	 0000000000000,00	 0000000000000,00	 0000000000000,00	 0000000000000,00
1750000	 0000000381586,00	 0000000000000,00	 0000000000000,00	 0000000000000,00
1800000	 0000000584148,00	 0000000036250,00	 0000000001920,00	 0000000201775,00
1800100	 0000000013600,00	 0000000035170,00	 0000000001839,00	 0000000000000,00
1800200	 0000000032702,00	 0000000000000,00	 0000000000000,00	 0000000000000,00
1800900	 0000000537846,00	 0000000001080,00	 0000000000081,00	 0000000201775,00
2000000	 0000020270056,00	 0000006080209,00	 0000000000808,00	 0000007073084,00
2100000	 0000006427768,00	 0000000355173,00	 0000000000014,00	 0000000952718,00
2100100	 0000005363135,00	 0000000000000,00	 0000000000000,00	 0000000833604,00
2100109	 0000003443949,00	 0000000000000,00	 0000000000000,00	 0000000747738,00
2100110	 0000001915379,00	 0000000000000,00	 0000000000000,00	 0000000085625,00
2100200	 0000000581302,00	 0000000000000,00	 0000000000000,00	 0000000000000,00
2100300	 0000000483331,00	 0000000355173,00	 0000000000014,00	 0000000119114,00
2130000	 0000000094448,00	 0000000000000,00	 0000000000000,00	 0000000789900,00
2160000	 0000000057189,00	 0000000000000,00	 0000000000000,00	 0000000028366,00
2160100	 0000000000000,00	 0000000000000,00	 0000000000000,00	 0000000000000,00
2160200	 0000000057189,00	 0000000000000,00	 0000000000000,00	 0000000028366,00
2200000	 0000009211803,00	 0000001247024,00	 0000000000000,00	 0000001813669,00
2200100	 0000009207750,00	 0000001131163,00	 0000000000000,00	 0000001813611,00
2200200	 0000000001774,00	 0000000113554,00	 0000000000000,00	 0000000000000,00
2200900	 0000000002279,00	 0000000002307,00	 0000000000000,00	 0000000000058,00
2250000	 0000002422699,00	 0000000000000,00	 0000000000000,00	 0000000000000,00
2250100	 0000002197954,00	 0000000000000,00	 0000000000000,00	 0000000000000,00
2250200	 0000000224745,00	 0000000000000,00	 0000000000000,00	 0000000000000,00
2300000	 0000000000068,00	 0000000000005,00	 0000000000000,00	 0000001445921,00
2301000	 0000000000000,00	 0000000000000,00	 0000000000000,00	 0000000000490,00
2301001	 0000000000000,00	 0000000000000,00	 0000000000000,00	 0000000000000,00
2302000	 0000000000068,00	 0000000000000,00	 0000000000000,00	 0000001445431,00
2302100	 0000000000068,00	 0000000000000,00	 0000000000000,00	 0000000636759,00
2302200	 0000000000000,00	 0000000000000,00	 0000000000000,00	 0000000808672,00
2303000	 0000000000000,00	 0000000000005,00	 0000000000000,00	 0000000000000,00
2303100	 0000000000000,00	 0000000000000,00	 0000000000000,00	 0000000000000,00
2303900	 0000000000000,00	 0000000000005,00	 0000000000000,00	 0000000000000,00
2400000	 0000001126245,00	 0000004434177,00	 0000000000000,00	 0000001509081,00
2401000	 0000000000000,00	 0000000031801,00	 0000000000000,00	 0000000000000,00
2402000	 0000001126245,00	 0000004402376,00	 0000000000000,00	 0000001509081,00
2402100	 0000001126246,00	 0000003532750,00	 0000000000000,00	 0000001509081,00
2402200	-0000000000001,00	 0000000773462,00	 0000000000000,00	 0000000000000,00
2402300	 0000000000000,00	 0000000096164,00	 0000000000000,00	 0000000000000,00
2500000	 0000000233998,00	 0000000002230,00	 0000000000758,00	 0000000005303,00
2500100	 0000000056244,00	 0000000002230,00	 0000000000758,00	 0000000000000,00
2500200	 0000000174462,00	 0000000000000,00	 0000000000000,00	 0000000000000,00
2500300	 0000000003292,00	 0000000000000,00	 0000000000000,00	 0000000005303,00
2600000	 0000000001199,00	 0000000000000,00	 0000000000000,00	 0000000000000,00
2650000	 0000000014091,00	 0000000000000,00	 0000000000000,00	 0000000000000,00
2700000	 0000000333211,00	 0000000000000,00	 0000000000000,00	 0000000000000,00
2700100	 0000000097509,00	 0000000000000,00	 0000000000000,00	 0000000000000,00
2700200	 0000000183524,00	 0000000000000,00	 0000000000000,00	 0000000000000,00
2700300	 0000000028930,00	 0000000000000,00	 0000000000000,00	 0000000000000,00
2700400	 0000000023248,00	 0000000000000,00	 0000000000000,00	 0000000000000,00
2700401	 0000000000523,00	 0000000000000,00	 0000000000000,00	 0000000000000,00
2700402	 0000000000000,00	 0000000000000,00	 0000000000000,00	 0000000000000,00
2700411	 0000000000000,00	 0000000000000,00	 0000000000000,00	 0000000000000,00
2700412	 0000000000000,00	 0000000000000,00	 0000000000000,00	 0000000000000,00
2700413	 0000000000000,00	 0000000000000,00	 0000000000000,00	 0000000000000,00
2700421	 0000000000000,00	 0000000000000,00	 0000000000000,00	 0000000000000,00
2700422	 0000000000000,00	 0000000000000,00	 0000000000000,00	 0000000000000,00
2700423	 0000000000000,00	 0000000000000,00	 0000000000000,00	 0000000000000,00
2700490	 0000000022725,00	 0000000000000,00	 0000000000000,00	 0000000000000,00
2800000	 0000000347337,00	 0000000041600,00	 0000000000036,00	 0000000528126,00
3000000	 0000003103080,00	 0000000044097,00	-0000000001414,00	-0000000000797,00
3101000	 0000000891303,00	 0000000000000,00	 0000000000000,00	 0000000000000,00
3102000	 0000001781818,00	 0000000000000,00	 0000000000000,00	 0000000000000,00
3103000	 0000000001371,00	 0000000000000,00	 0000000000000,00	 0000000000000,00
3104000	 0000000386336,00	 0000000044097,00	-0000000001414,00	-0000000000797,00
3104100	 0000000564815,00	 0000000000000,00	 0000000000000,00	 0000000000000,00
3104200	 0000000005045,00	 0000000044097,00	-0000000001414,00	-0000000000797,00
3104300	-0000000183524,00	 0000000000000,00	 0000000000000,00	 0000000000000,00
3200000	 0000000042252,00	 0000000000000,00	 0000000000000,00	 0000000000000,00
5001000	 0000003060828,00	 0000000044097,00	-0000000001414,00	-0000000000797,00
5002000	 0000023373136,00	 0000006124306,00	-0000000000606,00	 0000007072287,00
5100000	 0000010591723,00	 0000014542976,00	 0000000115967,00	 0000002499146,00
