014	SCOTIABANK SUD AMERICANO                                                
1000000	 0000002645326,00	 0000002532103,00	 0000000005759,00	 0000000512705,00
1100000	 0000000079600,00	 0000000000000,00	 0000000000000,00	 0000000047123,00
1100100	 0000000034895,00	 0000000000000,00	 0000000000000,00	 0000000004954,00
1100200	 0000000043872,00	 0000000000000,00	 0000000000000,00	 0000000006443,00
1100300	 0000000000833,00	 0000000000000,00	 0000000000000,00	 0000000000000,00
1100400	 0000000000000,00	 0000000000000,00	 0000000000000,00	 0000000035726,00
1130000	 0000000108844,00	 0000000000000,00	 0000000000000,00	 0000000063406,00
1130100	 0000000037971,00	 0000000000000,00	 0000000000000,00	 0000000003434,00
1130200	 0000000070873,00	 0000000000000,00	 0000000000000,00	 0000000059972,00
1150000	 0000000025981,00	 0000000057496,00	 0000000000057,00	 0000000000000,00
1150100	 0000000015486,00	 0000000050137,00	 0000000000000,00	 0000000000000,00
1150200	 0000000001453,00	 0000000007359,00	 0000000000057,00	 0000000000000,00
1150300	 0000000000000,00	 0000000000000,00	 0000000000000,00	 0000000000000,00
1150400	 0000000009042,00	 0000000000000,00	 0000000000000,00	 0000000000000,00
1160000	 0000000033444,00	 0000000000167,00	 0000000000000,00	 0000000000000,00
1160100	 0000000000000,00	 0000000000000,00	 0000000000000,00	 0000000000000,00
1160200	 0000000033444,00	 0000000000167,00	 0000000000000,00	 0000000000000,00
1250000	 0000000090802,00	 0000000000000,00	 0000000000000,00	 0000000000000,00
1250100	 0000000090802,00	 0000000000000,00	 0000000000000,00	 0000000000000,00
1250200	 0000000000000,00	 0000000000000,00	 0000000000000,00	 0000000000000,00
1270000	 0000000066216,00	 0000000000000,00	 0000000000000,00	 0000000045510,00
1270100	 0000000066306,00	 0000000000000,00	 0000000000000,00	 0000000000000,00
1270190	 0000000000000,00	 0000000000000,00	 0000000000000,00	 0000000000000,00
1270200	-0000000000090,00	 0000000000000,00	 0000000000000,00	 0000000045510,00
1270290	-0000000000090,00	 0000000000000,00	 0000000000000,00	 0000000000000,00
1300000	 0000001400259,00	 0000002425734,00	 0000000005702,00	 0000000356041,00
1302000	 0000001227179,00	 0000001300502,00	 0000000005702,00	 0000000355338,00
1302100	 0000001119001,00	 0000001147426,00	 0000000000724,00	 0000000052172,00
1302101	 0000001118956,00	 0000000866503,00	 0000000000724,00	 0000000047167,00
1302102	 0000000000000,00	 0000000000000,00	 0000000000000,00	 0000000005005,00
1302170	 0000000000045,00	 0000000257826,00	 0000000000000,00	 0000000000000,00
1302180	 0000000000000,00	 0000000023097,00	 0000000000000,00	 0000000000000,00
1302200	 0000000011374,00	 0000000000667,00	 0000000000010,00	 0000000303028,00
1302202	 0000000011374,00	 0000000000667,00	 0000000000000,00	 0000000217671,00
1302300	 0000000056651,00	 0000000000000,00	 0000000000000,00	 0000000000000,00
1302500	 0000000027651,00	 0000000000000,00	 0000000000000,00	 0000000000000,00
1302800	 0000000006798,00	 0000000151633,00	 0000000004935,00	 0000000000000,00
1302900	 0000000005704,00	 0000000000776,00	 0000000000033,00	 0000000000138,00
1304000	 0000000000335,00	 0000001124282,00	 0000000000000,00	 0000000000000,00
1304100	 0000000000000,00	 0000000348920,00	 0000000000000,00	 0000000000000,00
1304101	 0000000000000,00	 0000000348920,00	 0000000000000,00	 0000000000000,00
1304102	 0000000000000,00	 0000000000000,00	 0000000000000,00	 0000000000000,00
1304200	 0000000000000,00	 0000000100672,00	 0000000000000,00	 0000000000000,00
1304300	 0000000000109,00	 0000000583126,00	 0000000000000,00	 0000000000000,00
1304800	 0000000000000,00	 0000000039119,00	 0000000000000,00	 0000000000000,00
1304900	 0000000000226,00	 0000000052445,00	 0000000000000,00	 0000000000000,00
1305000	 0000000278792,00	 0000000000950,00	 0000000000000,00	 0000000000703,00
1305100	 0000000199827,00	 0000000000950,00	 0000000000000,00	 0000000000000,00
1305300	 0000000033543,00	 0000000000000,00	 0000000000000,00	 0000000000000,00
1305400	 0000000041946,00	 0000000000000,00	 0000000000000,00	 0000000000703,00
1305800	 0000000000000,00	 0000000000000,00	 0000000000000,00	 0000000000000,00
1305900	 0000000003476,00	 0000000000000,00	 0000000000000,00	 0000000000000,00
1309000	-0000000106047,00	 0000000000000,00	 0000000000000,00	 0000000000000,00
1309001	-0000000080739,00	 0000000000000,00	 0000000000000,00	 0000000000000,00
1309002	-0000000007807,00	 0000000000000,00	 0000000000000,00	 0000000000000,00
1309003	-0000000017501,00	 0000000000000,00	 0000000000000,00	 0000000000000,00
1350000	 0000000258063,00	 0000000028526,00	 0000000000000,00	 0000000000000,00
1350100	 0000000085981,00	 0000000006906,00	 0000000000000,00	 0000000000000,00
1350200	 0000000172082,00	 0000000021620,00	 0000000000000,00	 0000000000000,00
1350300	 0000000000000,00	 0000000000000,00	 0000000000000,00	 0000000000000,00
1360000	 0000000000000,00	 0000000000000,00	 0000000000000,00	 0000000000000,00
1360100	 0000000000000,00	 0000000000000,00	 0000000000000,00	 0000000000000,00
1360200	 0000000000000,00	 0000000000000,00	 0000000000000,00	 0000000000000,00
1360300	 0000000000000,00	 0000000000000,00	 0000000000000,00	 0000000000000,00
1400000	 0000000002698,00	 0000000000000,00	 0000000000000,00	 0000000000012,00
1400100	 0000000002460,00	 0000000000000,00	 0000000000000,00	 0000000000000,00
1400101	 0000000000000,00	 0000000000000,00	 0000000000000,00	 0000000000000,00
1400103	 0000000002460,00	 0000000000000,00	 0000000000000,00	 0000000000000,00
1400200	 0000000000238,00	 0000000000000,00	 0000000000000,00	 0000000000012,00
1500000	 0000000354144,00	 0000000000000,00	 0000000000000,00	 0000000000000,00
1500100	 0000000223189,00	 0000000000000,00	 0000000000000,00	 0000000000000,00
1500200	 0000000130955,00	 0000000000000,00	 0000000000000,00	 0000000000000,00
1600000	 0000000083394,00	 0000000000000,00	 0000000000000,00	 0000000000000,00
1600100	 0000000071314,00	 0000000000000,00	 0000000000000,00	 0000000000000,00
1600200	 0000000012080,00	 0000000000000,00	 0000000000000,00	 0000000000000,00
1700000	 0000000004498,00	 0000000000000,00	 0000000000000,00	 0000000000000,00
1750000	 0000000055359,00	 0000000000000,00	 0000000000000,00	 0000000000000,00
1800000	 0000000082024,00	 0000000020180,00	 0000000000000,00	 0000000000613,00
1800100	 0000000001225,00	 0000000000000,00	 0000000000000,00	 0000000000000,00
1800200	 0000000008153,00	 0000000000000,00	 0000000000000,00	 0000000000000,00
1800900	 0000000072646,00	 0000000020180,00	 0000000000000,00	 0000000000613,00
2000000	 0000002398447,00	 0000001944162,00	 0000000001087,00	 0000000617472,00
2100000	 0000000445111,00	 0000000015418,00	 0000000000000,00	 0000000037342,00
2100100	 0000000334093,00	 0000000000000,00	 0000000000000,00	 0000000030406,00
2100200	 0000000035528,00	 0000000000000,00	 0000000000000,00	 0000000000000,00
2100300	 0000000075490,00	 0000000015418,00	 0000000000000,00	 0000000006936,00
2130000	 0000000073132,00	 0000000000000,00	 0000000000000,00	 0000000040780,00
2160000	 0000000013156,00	 0000000000167,00	 0000000000000,00	 0000000038151,00
2160100	 0000000000000,00	 0000000000000,00	 0000000000000,00	 0000000000000,00
2160200	 0000000013156,00	 0000000000167,00	 0000000000000,00	 0000000038151,00
2200000	 0000001530406,00	 0000000740771,00	 0000000000000,00	 0000000089678,00
2200100	 0000001530012,00	 0000000687115,00	 0000000000000,00	 0000000089678,00
2200200	 0000000000000,00	 0000000053293,00	 0000000000000,00	 0000000000000,00
2200900	 0000000000394,00	 0000000000363,00	 0000000000000,00	 0000000000000,00
2250000	 0000000084807,00	 0000000000000,00	 0000000000000,00	 0000000000000,00
2250100	 0000000084807,00	 0000000000000,00	 0000000000000,00	 0000000000000,00
2250200	 0000000000000,00	 0000000000000,00	 0000000000000,00	 0000000000000,00
2300000	 0000000085780,00	 0000000007733,00	 0000000000422,00	 0000000407962,00
2301000	 0000000085780,00	 0000000007733,00	 0000000000182,00	 0000000000000,00
2302000	 0000000000000,00	 0000000000000,00	 0000000000240,00	 0000000407962,00
2302100	 0000000000000,00	 0000000000000,00	 0000000000000,00	 0000000289113,00
2302200	 0000000000000,00	 0000000000000,00	 0000000000240,00	 0000000118849,00
2303000	 0000000000000,00	 0000000000000,00	 0000000000000,00	 0000000000000,00
2303100	 0000000000000,00	 0000000000000,00	 0000000000000,00	 0000000000000,00
2303900	 0000000000000,00	 0000000000000,00	 0000000000000,00	 0000000000000,00
2400000	 0000000038874,00	 0000001066848,00	 0000000000000,00	 0000000000000,00
2401000	 0000000000000,00	 0000000608456,00	 0000000000000,00	 0000000000000,00
2402000	 0000000038874,00	 0000000458392,00	 0000000000000,00	 0000000000000,00
2402100	 0000000038874,00	 0000000334800,00	 0000000000000,00	 0000000000000,00
2402200	 0000000000000,00	 0000000123592,00	 0000000000000,00	 0000000000000,00
2500000	 0000000062447,00	 0000000111216,00	 0000000000665,00	 0000000003297,00
2500100	 0000000057010,00	 0000000111196,00	 0000000000665,00	 0000000000000,00
2500200	 0000000005437,00	 0000000000020,00	 0000000000000,00	 0000000003297,00
2500300	 0000000000000,00	 0000000000000,00	 0000000000000,00	 0000000000000,00
2600000	 0000000000094,00	 0000000000000,00	 0000000000000,00	 0000000000000,00
2650000	 0000000026118,00	 0000000000000,00	 0000000000000,00	 0000000000000,00
2700000	 0000000021104,00	 0000000000692,00	 0000000000000,00	 0000000000000,00
2700100	 0000000003675,00	 0000000000000,00	 0000000000000,00	 0000000000000,00
2700200	 0000000000003,00	 0000000000000,00	 0000000000000,00	 0000000000000,00
2700300	 0000000001750,00	 0000000000000,00	 0000000000000,00	 0000000000000,00
2700400	 0000000015676,00	 0000000000692,00	 0000000000000,00	 0000000000000,00
2700401	 0000000000000,00	 0000000000000,00	 0000000000000,00	 0000000000000,00
2700402	 0000000000000,00	 0000000000000,00	 0000000000000,00	 0000000000000,00
2700403	 0000000015524,00	 0000000000000,00	 0000000000000,00	 0000000000000,00
2700490	 0000000000152,00	 0000000000692,00	 0000000000000,00	 0000000000000,00
2800000	 0000000017418,00	 0000000001317,00	 0000000000000,00	 0000000000262,00
3000000	 0000000683660,00	 0000000045991,00	-0000000000107,00	 0000000005181,00
3101000	 0000000615849,00	 0000000000000,00	 0000000000000,00	 0000000000000,00
3102000	 0000000072777,00	 0000000000000,00	 0000000000000,00	 0000000000000,00
3103000	-0000000001343,00	 0000000000000,00	 0000000000000,00	 0000000000000,00
3104000	-0000000004519,00	 0000000045991,00	-0000000000107,00	 0000000005181,00
3104100	 0000000056478,00	 0000000000000,00	 0000000000000,00	 0000000000000,00
3104200	-0000000060996,00	 0000000045991,00	-0000000000107,00	 0000000005181,00
3104300	-0000000000001,00	 0000000000000,00	 0000000000000,00	 0000000000000,00
3200000	 0000000000896,00	 0000000000000,00	 0000000000000,00	 0000000000000,00
5001000	 0000000682764,00	 0000000045991,00	-0000000000107,00	 0000000005181,00
5002000	 0000003082107,00	 0000001990153,00	 0000000000980,00	 0000000622653,00
5100000	 0000001506306,00	 0000002425734,00	 0000000005702,00	 0000000356041,00
