031	HSBC BANK (CHILE)                                                       
1000000	 0000000801751,00	 0000000101234,00	 0000000000000,00	 0000000374490,00
1100000	 0000000014793,00	 0000000000000,00	 0000000000000,00	 0000000008572,00
1100100	 0000000000151,00	 0000000000000,00	 0000000000000,00	 0000000000036,00
1100200	 0000000014621,00	 0000000000000,00	 0000000000000,00	 0000000005347,00
1100300	 0000000000021,00	 0000000000000,00	 0000000000000,00	 0000000000000,00
1100400	 0000000000000,00	 0000000000000,00	 0000000000000,00	 0000000003189,00
1130000	 0000000137392,00	 0000000000916,00	 0000000000000,00	 0000000148140,00
1130100	 0000000000150,00	 0000000000000,00	 0000000000000,00	 0000000000984,00
1130200	 0000000137242,00	 0000000000916,00	 0000000000000,00	 0000000147156,00
1150000	 0000000007564,00	 0000000029519,00	 0000000000000,00	 0000000000000,00
1150100	 0000000007564,00	 0000000029519,00	 0000000000000,00	 0000000000000,00
1150200	 0000000000000,00	 0000000000000,00	 0000000000000,00	 0000000000000,00
1150300	 0000000000000,00	 0000000000000,00	 0000000000000,00	 0000000000000,00
1150400	 0000000000000,00	 0000000000000,00	 0000000000000,00	 0000000000000,00
1160000	 0000000005052,00	 0000000000000,00	 0000000000000,00	 0000000000000,00
1160100	 0000000005052,00	 0000000000000,00	 0000000000000,00	 0000000000000,00
1160200	 0000000000000,00	 0000000000000,00	 0000000000000,00	 0000000000000,00
1250000	 0000000370334,00	 0000000000000,00	 0000000000000,00	 0000000000000,00
1250100	 0000000370334,00	 0000000000000,00	 0000000000000,00	 0000000000000,00
1250200	 0000000000000,00	 0000000000000,00	 0000000000000,00	 0000000000000,00
1270000	 0000000020001,00	 0000000000000,00	 0000000000000,00	 0000000148819,00
1270100	 0000000020004,00	 0000000000000,00	 0000000000000,00	 0000000000000,00
1270190	 0000000000000,00	 0000000000000,00	 0000000000000,00	 0000000000000,00
1270200	-0000000000003,00	 0000000000000,00	 0000000000000,00	 0000000148819,00
1270290	-0000000000003,00	 0000000000000,00	 0000000000000,00	 0000000000000,00
1300000	 0000000115758,00	 0000000034358,00	 0000000000000,00	 0000000061352,00
1302000	 0000000118581,00	 0000000034358,00	 0000000000000,00	 0000000061352,00
1302100	 0000000114127,00	 0000000034358,00	 0000000000000,00	 0000000009717,00
1302101	 0000000114127,00	 0000000034358,00	 0000000000000,00	 0000000006549,00
1302102	 0000000000000,00	 0000000000000,00	 0000000000000,00	 0000000003168,00
1302170	 0000000000000,00	 0000000000000,00	 0000000000000,00	 0000000000000,00
1302180	 0000000000000,00	 0000000000000,00	 0000000000000,00	 0000000000000,00
1302200	 0000000003740,00	 0000000000000,00	 0000000000000,00	 0000000051610,00
1302202	 0000000003740,00	 0000000000000,00	 0000000000000,00	 0000000040261,00
1302300	 0000000000713,00	 0000000000000,00	 0000000000000,00	 0000000000025,00
1302500	 0000000000000,00	 0000000000000,00	 0000000000000,00	 0000000000000,00
1302800	 0000000000000,00	 0000000000000,00	 0000000000000,00	 0000000000000,00
1302900	 0000000000001,00	 0000000000000,00	 0000000000000,00	 0000000000000,00
1304000	 0000000000000,00	 0000000000000,00	 0000000000000,00	 0000000000000,00
1304100	 0000000000000,00	 0000000000000,00	 0000000000000,00	 0000000000000,00
1304101	 0000000000000,00	 0000000000000,00	 0000000000000,00	 0000000000000,00
1304102	 0000000000000,00	 0000000000000,00	 0000000000000,00	 0000000000000,00
1304200	 0000000000000,00	 0000000000000,00	 0000000000000,00	 0000000000000,00
1304300	 0000000000000,00	 0000000000000,00	 0000000000000,00	 0000000000000,00
1304800	 0000000000000,00	 0000000000000,00	 0000000000000,00	 0000000000000,00
1304900	 0000000000000,00	 0000000000000,00	 0000000000000,00	 0000000000000,00
1305000	 0000000000069,00	 0000000000000,00	 0000000000000,00	 0000000000000,00
1305100	 0000000000069,00	 0000000000000,00	 0000000000000,00	 0000000000000,00
1305300	 0000000000000,00	 0000000000000,00	 0000000000000,00	 0000000000000,00
1305400	 0000000000000,00	 0000000000000,00	 0000000000000,00	 0000000000000,00
1305800	 0000000000000,00	 0000000000000,00	 0000000000000,00	 0000000000000,00
1305900	 0000000000000,00	 0000000000000,00	 0000000000000,00	 0000000000000,00
1309000	-0000000002892,00	 0000000000000,00	 0000000000000,00	 0000000000000,00
1309001	-0000000002892,00	 0000000000000,00	 0000000000000,00	 0000000000000,00
1309002	 0000000000000,00	 0000000000000,00	 0000000000000,00	 0000000000000,00
1309003	 0000000000000,00	 0000000000000,00	 0000000000000,00	 0000000000000,00
1350000	 0000000124221,00	 0000000036441,00	 0000000000000,00	 0000000000000,00
1350100	 0000000067985,00	 0000000031265,00	 0000000000000,00	 0000000000000,00
1350200	 0000000056236,00	 0000000005176,00	 0000000000000,00	 0000000000000,00
1350300	 0000000000000,00	 0000000000000,00	 0000000000000,00	 0000000000000,00
1360000	 0000000000000,00	 0000000000000,00	 0000000000000,00	 0000000000000,00
1360100	 0000000000000,00	 0000000000000,00	 0000000000000,00	 0000000000000,00
1360200	 0000000000000,00	 0000000000000,00	 0000000000000,00	 0000000000000,00
1360300	 0000000000000,00	 0000000000000,00	 0000000000000,00	 0000000000000,00
1400000	 0000000000075,00	 0000000000000,00	 0000000000000,00	 0000000000000,00
1400100	 0000000000000,00	 0000000000000,00	 0000000000000,00	 0000000000000,00
1400101	 0000000000000,00	 0000000000000,00	 0000000000000,00	 0000000000000,00
1400103	 0000000000000,00	 0000000000000,00	 0000000000000,00	 0000000000000,00
1400200	 0000000000075,00	 0000000000000,00	 0000000000000,00	 0000000000000,00
1500000	 0000000003143,00	 0000000000000,00	 0000000000000,00	 0000000000000,00
1500100	 0000000000000,00	 0000000000000,00	 0000000000000,00	 0000000000000,00
1500200	 0000000003143,00	 0000000000000,00	 0000000000000,00	 0000000000000,00
1600000	 0000000000418,00	 0000000000000,00	 0000000000000,00	 0000000000000,00
1600100	 0000000000064,00	 0000000000000,00	 0000000000000,00	 0000000000000,00
1600200	 0000000000354,00	 0000000000000,00	 0000000000000,00	 0000000000000,00
1700000	 0000000000677,00	 0000000000000,00	 0000000000000,00	 0000000000000,00
1750000	 0000000000320,00	 0000000000000,00	 0000000000000,00	 0000000000000,00
1800000	 0000000002003,00	 0000000000000,00	 0000000000000,00	 0000000007607,00
1800100	 0000000000000,00	 0000000000000,00	 0000000000000,00	 0000000000000,00
1800200	 0000000000000,00	 0000000000000,00	 0000000000000,00	 0000000000000,00
1800900	 0000000002003,00	 0000000000000,00	 0000000000000,00	 0000000007607,00
2000000	 0000000857081,00	 0000000007700,00	 0000000000000,00	 0000000325029,00
2100000	 0000000012681,00	 0000000000000,00	 0000000000000,00	 0000000007793,00
2100100	 0000000011556,00	 0000000000000,00	 0000000000000,00	 0000000007777,00
2100200	 0000000000158,00	 0000000000000,00	 0000000000000,00	 0000000000000,00
2100300	 0000000000967,00	 0000000000000,00	 0000000000000,00	 0000000000016,00
2130000	 0000000149256,00	 0000000001236,00	 0000000000000,00	 0000000139545,00
2160000	 0000000024560,00	 0000000000000,00	 0000000000000,00	 0000000002414,00
2160100	 0000000000000,00	 0000000000000,00	 0000000000000,00	 0000000000000,00
2160200	 0000000024560,00	 0000000000000,00	 0000000000000,00	 0000000002414,00
2200000	 0000000253096,00	 0000000006464,00	 0000000000000,00	 0000000140106,00
2200100	 0000000253096,00	 0000000006464,00	 0000000000000,00	 0000000140105,00
2200200	 0000000000000,00	 0000000000000,00	 0000000000000,00	 0000000000000,00
2200900	 0000000000000,00	 0000000000000,00	 0000000000000,00	 0000000000001,00
2250000	 0000000368703,00	 0000000000000,00	 0000000000000,00	 0000000000000,00
2250100	 0000000368703,00	 0000000000000,00	 0000000000000,00	 0000000000000,00
2250200	 0000000000000,00	 0000000000000,00	 0000000000000,00	 0000000000000,00
2300000	 0000000045939,00	 0000000000000,00	 0000000000000,00	 0000000035171,00
2301000	 0000000045939,00	 0000000000000,00	 0000000000000,00	 0000000000000,00
2302000	 0000000000000,00	 0000000000000,00	 0000000000000,00	 0000000035171,00
2302100	 0000000000000,00	 0000000000000,00	 0000000000000,00	 0000000035168,00
2302200	 0000000000000,00	 0000000000000,00	 0000000000000,00	 0000000000003,00
2303000	 0000000000000,00	 0000000000000,00	 0000000000000,00	 0000000000000,00
2303100	 0000000000000,00	 0000000000000,00	 0000000000000,00	 0000000000000,00
2303900	 0000000000000,00	 0000000000000,00	 0000000000000,00	 0000000000000,00
2400000	 0000000000000,00	 0000000000000,00	 0000000000000,00	 0000000000000,00
2401000	 0000000000000,00	 0000000000000,00	 0000000000000,00	 0000000000000,00
2402000	 0000000000000,00	 0000000000000,00	 0000000000000,00	 0000000000000,00
2402100	 0000000000000,00	 0000000000000,00	 0000000000000,00	 0000000000000,00
2402200	 0000000000000,00	 0000000000000,00	 0000000000000,00	 0000000000000,00
2500000	 0000000000000,00	 0000000000000,00	 0000000000000,00	 0000000000000,00
2500100	 0000000000000,00	 0000000000000,00	 0000000000000,00	 0000000000000,00
2500200	 0000000000000,00	 0000000000000,00	 0000000000000,00	 0000000000000,00
2500300	 0000000000000,00	 0000000000000,00	 0000000000000,00	 0000000000000,00
2600000	 0000000000163,00	 0000000000000,00	 0000000000000,00	 0000000000000,00
2650000	 0000000000000,00	 0000000000000,00	 0000000000000,00	 0000000000000,00
2700000	 0000000002164,00	 0000000000000,00	 0000000000000,00	 0000000000000,00
2700100	 0000000001059,00	 0000000000000,00	 0000000000000,00	 0000000000000,00
2700200	 0000000000000,00	 0000000000000,00	 0000000000000,00	 0000000000000,00
2700300	 0000000000282,00	 0000000000000,00	 0000000000000,00	 0000000000000,00
2700400	 0000000000823,00	 0000000000000,00	 0000000000000,00	 0000000000000,00
2700401	 0000000000002,00	 0000000000000,00	 0000000000000,00	 0000000000000,00
2700402	 0000000000000,00	 0000000000000,00	 0000000000000,00	 0000000000000,00
2700403	 0000000000000,00	 0000000000000,00	 0000000000000,00	 0000000000000,00
2700490	 0000000000821,00	 0000000000000,00	 0000000000000,00	 0000000000000,00
2800000	 0000000000519,00	 0000000000000,00	 0000000000000,00	 0000000000000,00
3000000	 0000000127295,00	 0000000051387,00	 0000000000000,00	-0000000091017,00
3101000	 0000000084511,00	 0000000000000,00	 0000000000000,00	 0000000000000,00
3102000	 0000000002704,00	 0000000000000,00	 0000000000000,00	 0000000000000,00
3103000	-0000000000357,00	 0000000000000,00	 0000000000000,00	 0000000000000,00
3104000	 0000000040437,00	 0000000051387,00	 0000000000000,00	-0000000091017,00
3104100	 0000000000000,00	 0000000000000,00	 0000000000000,00	 0000000000000,00
3104200	 0000000040437,00	 0000000051387,00	 0000000000000,00	-0000000091017,00
3104300	 0000000000000,00	 0000000000000,00	 0000000000000,00	 0000000000000,00
3200000	 0000000000000,00	 0000000000000,00	 0000000000000,00	 0000000000000,00
5001000	 0000000127295,00	 0000000051387,00	 0000000000000,00	-0000000091017,00
5002000	 0000000984376,00	 0000000059087,00	 0000000000000,00	 0000000234012,00
5100000	 0000000118650,00	 0000000034358,00	 0000000000000,00	 0000000061352,00
