504	BANCO BILBAO VIZCAYA ARGENTARIA, CHILE                                  
1000000	 0000006507014,00	 0000004623914,00	 0000000055035,00	 0000002042639,00
1100000	 0000000292896,00	 0000000000000,00	 0000000000000,00	 0000000148215,00
1100100	 0000000199404,00	 0000000000000,00	 0000000000000,00	 0000000017125,00
1100200	 0000000092610,00	 0000000000000,00	 0000000000000,00	 0000000029897,00
1100300	 0000000000882,00	 0000000000000,00	 0000000000000,00	 0000000000000,00
1100400	 0000000000000,00	 0000000000000,00	 0000000000000,00	 0000000101193,00
1130000	 0000000155990,00	 0000000000000,00	 0000000000000,00	 0000000047091,00
1130100	 0000000050209,00	 0000000000000,00	 0000000000000,00	 0000000006935,00
1130200	 0000000105781,00	 0000000000000,00	 0000000000000,00	 0000000040156,00
1150000	 0000000423986,00	 0000000214367,00	 0000000000000,00	 0000000001998,00
1150100	 0000000061319,00	 0000000181404,00	 0000000000000,00	 0000000000000,00
1150200	 0000000335080,00	 0000000032963,00	 0000000000000,00	 0000000001998,00
1150300	 0000000000000,00	 0000000000000,00	 0000000000000,00	 0000000000000,00
1150400	 0000000027587,00	 0000000000000,00	 0000000000000,00	 0000000000000,00
1160000	 0000000000055,00	 0000000000000,00	 0000000000000,00	 0000000000000,00
1160100	 0000000000000,00	 0000000000000,00	 0000000000000,00	 0000000000000,00
1160200	 0000000000055,00	 0000000000000,00	 0000000000000,00	 0000000000000,00
1250000	 0000001589543,00	 0000000000000,00	 0000000000000,00	 0000000000000,00
1250100	 0000001579992,00	 0000000000000,00	 0000000000000,00	 0000000000000,00
1250200	 0000000009551,00	 0000000000000,00	 0000000000000,00	 0000000000000,00
1270000	 0000000000000,00	 0000000000000,00	 0000000000000,00	 0000000028019,00
1270100	 0000000000000,00	 0000000000000,00	 0000000000000,00	 0000000000000,00
1270112	 0000000000000,00	 0000000000000,00	 0000000000000,00	 0000000000000,00
1270113	 0000000000000,00	 0000000000000,00	 0000000000000,00	 0000000000000,00
1270116	 0000000000000,00	 0000000000000,00	 0000000000000,00	 0000000000000,00
1270117	 0000000000000,00	 0000000000000,00	 0000000000000,00	 0000000000000,00
1270118	 0000000000000,00	 0000000000000,00	 0000000000000,00	 0000000000000,00
1270190	 0000000000000,00	 0000000000000,00	 0000000000000,00	 0000000000000,00
1270200	 0000000000000,00	 0000000000000,00	 0000000000000,00	 0000000028019,00
1270202	 0000000000000,00	 0000000000000,00	 0000000000000,00	 0000000000000,00
1270203	 0000000000000,00	 0000000000000,00	 0000000000000,00	 0000000000000,00
1270206	 0000000000000,00	 0000000000000,00	 0000000000000,00	 0000000028037,00
1270207	 0000000000000,00	 0000000000000,00	 0000000000000,00	 0000000000000,00
1270208	 0000000000000,00	 0000000000000,00	 0000000000000,00	 0000000000000,00
1270290	 0000000000000,00	 0000000000000,00	 0000000000000,00	-0000000000018,00
1270300	 0000000000000,00	 0000000000000,00	 0000000000000,00	 0000000000000,00
1300000	 0000002981257,00	 0000004398837,00	 0000000051408,00	 0000001441584,00
1302000	 0000002054068,00	 0000001110816,00	 0000000051408,00	 0000001437634,00
1302100	 0000001598832,00	 0000000823575,00	 0000000000000,00	 0000000787666,00
1302101	 0000001598832,00	 0000000816694,00	 0000000000000,00	 0000000760286,00
1302102	 0000000000000,00	 0000000000000,00	 0000000000000,00	 0000000027380,00
1302170	 0000000000000,00	 0000000005154,00	 0000000000000,00	 0000000000000,00
1302180	 0000000000000,00	 0000000001727,00	 0000000000000,00	 0000000000000,00
1302200	 0000000068573,00	 0000000001357,00	 0000000000003,00	 0000000574167,00
1302201	 0000000000000,00	 0000000000000,00	 0000000000000,00	 0000000000000,00
1302202	 0000000068573,00	 0000000001357,00	 0000000000000,00	 0000000434461,00
1302241	 0000000000000,00	 0000000000000,00	 0000000000003,00	 0000000009661,00
1302242	 0000000000000,00	 0000000000000,00	 0000000000000,00	 0000000130045,00
1302281	 0000000000000,00	 0000000000000,00	 0000000000000,00	 0000000000000,00
1302282	 0000000000000,00	 0000000000000,00	 0000000000000,00	 0000000000000,00
1302300	 0000000110633,00	 0000000000000,00	 0000000000000,00	 0000000000000,00
1302500	 0000000175709,00	 0000000049359,00	 0000000000000,00	 0000000075654,00
1302800	 0000000098760,00	 0000000236336,00	 0000000051312,00	 0000000000000,00
1302900	 0000000001561,00	 0000000000189,00	 0000000000093,00	 0000000000147,00
1304000	 0000000038249,00	 0000003211221,00	 0000000000000,00	 0000000000000,00
1304100	 0000000000000,00	 0000000010217,00	 0000000000000,00	 0000000000000,00
1304101	 0000000000000,00	 0000000010217,00	 0000000000000,00	 0000000000000,00
1304102	 0000000000000,00	 0000000000000,00	 0000000000000,00	 0000000000000,00
1304200	 0000000000000,00	 0000000018267,00	 0000000000000,00	 0000000000000,00
1304400	 0000000000000,00	 0000000000000,00	 0000000000000,00	 0000000000000,00
1304500	 0000000001246,00	 0000003182286,00	 0000000000000,00	 0000000000000,00
1304600	 0000000000000,00	 0000000000000,00	 0000000000000,00	 0000000000000,00
1304800	 0000000036694,00	 0000000000315,00	 0000000000000,00	 0000000000000,00
1304900	 0000000000309,00	 0000000000136,00	 0000000000000,00	 0000000000000,00
1305000	 0000001018197,00	 0000000076800,00	 0000000000000,00	 0000000003950,00
1305100	 0000000734234,00	 0000000076600,00	 0000000000000,00	 0000000000000,00
1305300	 0000000059287,00	 0000000000000,00	 0000000000000,00	 0000000000000,00
1305400	 0000000224284,00	 0000000000000,00	 0000000000000,00	 0000000003950,00
1305800	 0000000000379,00	 0000000000200,00	 0000000000000,00	 0000000000000,00
1305900	 0000000000013,00	 0000000000000,00	 0000000000000,00	 0000000000000,00
1309000	-0000000129257,00	 0000000000000,00	 0000000000000,00	 0000000000000,00
1309100	-0000000056599,00	 0000000000000,00	 0000000000000,00	 0000000000000,00
1309200	-0000000015979,00	 0000000000000,00	 0000000000000,00	 0000000000000,00
1309300	-0000000056679,00	 0000000000000,00	 0000000000000,00	 0000000000000,00
1350000	 0000000674055,00	 0000000003968,00	 0000000000000,00	 0000000000575,00
1350100	 0000000444829,00	 0000000000000,00	 0000000000000,00	 0000000000000,00
1350200	 0000000229226,00	 0000000003968,00	 0000000000000,00	 0000000000575,00
1350300	 0000000000000,00	 0000000000000,00	 0000000000000,00	 0000000000000,00
1360000	 0000000004706,00	 0000000003252,00	 0000000000000,00	 0000000000000,00
1360100	 0000000000000,00	 0000000000000,00	 0000000000000,00	 0000000000000,00
1360200	 0000000004706,00	 0000000003252,00	 0000000000000,00	 0000000000000,00
1360300	 0000000000000,00	 0000000000000,00	 0000000000000,00	 0000000000000,00
1400000	 0000000007490,00	 0000000000529,00	 0000000000000,00	 0000000000009,00
1400100	 0000000005086,00	 0000000000000,00	 0000000000000,00	 0000000000000,00
1400101	 0000000000000,00	 0000000000000,00	 0000000000000,00	 0000000000000,00
1400103	 0000000005086,00	 0000000000000,00	 0000000000000,00	 0000000000000,00
1400200	 0000000002404,00	 0000000000529,00	 0000000000000,00	 0000000000009,00
1500000	 0000000025013,00	 0000000000026,00	 0000000000000,00	 0000000000000,00
1500100	 0000000000000,00	 0000000000000,00	 0000000000000,00	 0000000000000,00
1500200	 0000000025013,00	 0000000000026,00	 0000000000000,00	 0000000000000,00
1600000	 0000000070203,00	 0000000000111,00	 0000000000000,00	 0000000000000,00
1600100	 0000000053495,00	 0000000000000,00	 0000000000000,00	 0000000000000,00
1600200	 0000000016708,00	 0000000000111,00	 0000000000000,00	 0000000000000,00
1700000	 0000000008480,00	 0000000000000,00	 0000000000000,00	 0000000000000,00
1750000	 0000000224409,00	 0000000000000,00	 0000000000000,00	 0000000000000,00
1800000	 0000000048931,00	 0000000002824,00	 0000000003627,00	 0000000375148,00
1800100	 0000000003489,00	 0000000000000,00	 0000000003627,00	 0000000000000,00
1800200	 0000000003983,00	 0000000000000,00	 0000000000000,00	 0000000000000,00
1800900	 0000000041459,00	 0000000002824,00	 0000000000000,00	 0000000375148,00
2000000	 0000007945313,00	 0000003147630,00	 0000000000354,00	 0000001368921,00
2100000	 0000001223517,00	 0000000112097,00	 0000000000346,00	 0000000241304,00
2100100	 0000000949281,00	 0000000000000,00	 0000000000000,00	 0000000222819,00
2100109	 0000000638473,00	 0000000000000,00	 0000000000000,00	 0000000215827,00
2100110	 0000000310273,00	 0000000000000,00	 0000000000000,00	 0000000006992,00
2100200	 0000000157881,00	 0000000000000,00	 0000000000000,00	 0000000000000,00
2100300	 0000000116355,00	 0000000112097,00	 0000000000346,00	 0000000018485,00
2130000	 0000000026026,00	 0000000000000,00	 0000000000000,00	 0000000119306,00
2160000	 0000000564624,00	 0000000000000,00	 0000000000000,00	 0000000000000,00
2160100	 0000000000000,00	 0000000000000,00	 0000000000000,00	 0000000000000,00
2160200	 0000000564624,00	 0000000000000,00	 0000000000000,00	 0000000000000,00
2200000	 0000003756975,00	 0000000884418,00	 0000000000008,00	 0000000471065,00
2200100	 0000003756826,00	 0000000840257,00	 0000000000008,00	 0000000471065,00
2200200	 0000000000000,00	 0000000043863,00	 0000000000000,00	 0000000000000,00
2200900	 0000000000149,00	 0000000000298,00	 0000000000000,00	 0000000000000,00
2250000	 0000001812734,00	 0000000000000,00	 0000000000000,00	 0000000000000,00
2250100	 0000001796923,00	 0000000000000,00	 0000000000000,00	 0000000000000,00
2250200	 0000000015811,00	 0000000000000,00	 0000000000000,00	 0000000000000,00
2300000	 0000000120027,00	 0000000000000,00	 0000000000000,00	 0000000395295,00
2301000	 0000000120027,00	 0000000000000,00	 0000000000000,00	 0000000000000,00
2301001	 0000000120027,00	 0000000000000,00	 0000000000000,00	 0000000000000,00
2302000	 0000000000000,00	 0000000000000,00	 0000000000000,00	 0000000395295,00
2302100	 0000000000000,00	 0000000000000,00	 0000000000000,00	 0000000373924,00
2302200	 0000000000000,00	 0000000000000,00	 0000000000000,00	 0000000021371,00
2303000	 0000000000000,00	 0000000000000,00	 0000000000000,00	 0000000000000,00
2303100	 0000000000000,00	 0000000000000,00	 0000000000000,00	 0000000000000,00
2303900	 0000000000000,00	 0000000000000,00	 0000000000000,00	 0000000000000,00
2400000	 0000000175066,00	 0000002126114,00	 0000000000000,00	 0000000108314,00
2401000	 0000000000000,00	 0000000024736,00	 0000000000000,00	 0000000000000,00
2402000	 0000000175066,00	 0000002101378,00	 0000000000000,00	 0000000108314,00
2402100	 0000000175066,00	 0000001670745,00	 0000000000000,00	 0000000108314,00
2402200	 0000000000000,00	 0000000430633,00	 0000000000000,00	 0000000000000,00
2402300	 0000000000000,00	 0000000000000,00	 0000000000000,00	 0000000000000,00
2500000	 0000000032348,00	 0000000009258,00	 0000000000000,00	 0000000005654,00
2500100	 0000000021663,00	 0000000009258,00	 0000000000000,00	 0000000000000,00
2500200	 0000000010685,00	 0000000000000,00	 0000000000000,00	 0000000005654,00
2500300	 0000000000000,00	 0000000000000,00	 0000000000000,00	 0000000000000,00
2600000	 0000000000000,00	 0000000000000,00	 0000000000000,00	 0000000000000,00
2650000	 0000000124463,00	 0000000000000,00	 0000000000000,00	 0000000000000,00
2700000	 0000000073001,00	 0000000000000,00	 0000000000000,00	 0000000000000,00
2700100	 0000000017967,00	 0000000000000,00	 0000000000000,00	 0000000000000,00
2700200	 0000000026719,00	 0000000000000,00	 0000000000000,00	 0000000000000,00
2700300	 0000000015656,00	 0000000000000,00	 0000000000000,00	 0000000000000,00
2700400	 0000000012659,00	 0000000000000,00	 0000000000000,00	 0000000000000,00
2700401	 0000000000402,00	 0000000000000,00	 0000000000000,00	 0000000000000,00
2700402	 0000000000000,00	 0000000000000,00	 0000000000000,00	 0000000000000,00
2700411	 0000000001346,00	 0000000000000,00	 0000000000000,00	 0000000000000,00
2700412	 0000000004284,00	 0000000000000,00	 0000000000000,00	 0000000000000,00
2700413	 0000000001392,00	 0000000000000,00	 0000000000000,00	 0000000000000,00
2700421	 0000000000000,00	 0000000000000,00	 0000000000000,00	 0000000000000,00
2700422	 0000000000000,00	 0000000000000,00	 0000000000000,00	 0000000000000,00
2700423	 0000000000000,00	 0000000000000,00	 0000000000000,00	 0000000000000,00
2700490	 0000000005235,00	 0000000000000,00	 0000000000000,00	 0000000000000,00
2800000	 0000000036532,00	 0000000015743,00	 0000000000000,00	 0000000027983,00
3000000	 0000000766251,00	 0000000000132,00	 0000000000000,00	 0000000000001,00
3101000	 0000000275795,00	 0000000000000,00	 0000000000000,00	 0000000000000,00
3102000	 0000000431663,00	 0000000000000,00	 0000000000000,00	 0000000000000,00
3103000	-0000000003991,00	 0000000000132,00	 0000000000000,00	 0000000000001,00
3104000	 0000000062344,00	 0000000000000,00	 0000000000000,00	 0000000000000,00
3104100	 0000000000000,00	 0000000000000,00	 0000000000000,00	 0000000000000,00
3104200	 0000000089063,00	 0000000000000,00	 0000000000000,00	 0000000000000,00
3104300	-0000000026719,00	 0000000000000,00	 0000000000000,00	 0000000000000,00
3200000	 0000000000440,00	 0000000000000,00	 0000000000000,00	 0000000000000,00
5001000	 0000000765811,00	 0000000000132,00	 0000000000000,00	 0000000000001,00
5002000	 0000008711564,00	 0000003147762,00	 0000000000354,00	 0000001368922,00
5100000	 0000003110514,00	 0000004398837,00	 0000000051408,00	 0000001441584,00
