014	SCOTIABANK CHILE                                                        
1000000	 0000004442095,00	 0000004085214,00	 0000000012148,00	 0000001571071,00
1100000	 0000000119591,00	 0000000000000,00	 0000000000000,00	 0000000211579,00
1100100	 0000000032089,00	 0000000000000,00	 0000000000000,00	 0000000008079,00
1100200	 0000000081088,00	 0000000000000,00	 0000000000000,00	 0000000134872,00
1100300	 0000000006414,00	 0000000000000,00	 0000000000000,00	 0000000000000,00
1100400	 0000000000000,00	 0000000000000,00	 0000000000000,00	 0000000068628,00
1130000	 0000000163474,00	 0000000000000,00	 0000000000000,00	 0000000153185,00
1130100	 0000000025206,00	 0000000000000,00	 0000000000000,00	 0000000005051,00
1130200	 0000000138268,00	 0000000000000,00	 0000000000000,00	 0000000148134,00
1150000	 0000000097170,00	 0000000117242,00	 0000000000000,00	 0000000000000,00
1150100	 0000000013245,00	 0000000117242,00	 0000000000000,00	 0000000000000,00
1150200	 0000000005385,00	 0000000000000,00	 0000000000000,00	 0000000000000,00
1150300	 0000000000000,00	 0000000000000,00	 0000000000000,00	 0000000000000,00
1150400	 0000000078540,00	 0000000000000,00	 0000000000000,00	 0000000000000,00
1160000	 0000000066958,00	 0000000000000,00	 0000000000000,00	 0000000000000,00
1160100	 0000000000000,00	 0000000000000,00	 0000000000000,00	 0000000000000,00
1160200	 0000000066958,00	 0000000000000,00	 0000000000000,00	 0000000000000,00
1250000	 0000000327356,00	 0000000000000,00	 0000000000000,00	 0000000000000,00
1250100	 0000000327356,00	 0000000000000,00	 0000000000000,00	 0000000000000,00
1250200	 0000000000000,00	 0000000000000,00	 0000000000000,00	 0000000000000,00
1270000	 0000000157798,00	 0000000000000,00	 0000000000000,00	 0000000145139,00
1270100	 0000000000000,00	 0000000000000,00	 0000000000000,00	 0000000000000,00
1270112	 0000000000000,00	 0000000000000,00	 0000000000000,00	 0000000000000,00
1270113	 0000000000000,00	 0000000000000,00	 0000000000000,00	 0000000000000,00
1270116	 0000000000000,00	 0000000000000,00	 0000000000000,00	 0000000000000,00
1270117	 0000000000000,00	 0000000000000,00	 0000000000000,00	 0000000000000,00
1270118	 0000000000000,00	 0000000000000,00	 0000000000000,00	 0000000000000,00
1270190	 0000000000000,00	 0000000000000,00	 0000000000000,00	 0000000000000,00
1270200	-0000000000215,00	 0000000000000,00	 0000000000000,00	 0000000145139,00
1270202	 0000000000000,00	 0000000000000,00	 0000000000000,00	 0000000000000,00
1270203	 0000000000000,00	 0000000000000,00	 0000000000000,00	 0000000000000,00
1270206	 0000000000000,00	 0000000000000,00	 0000000000000,00	 0000000000000,00
1270207	 0000000000000,00	 0000000000000,00	 0000000000000,00	 0000000000000,00
1270208	 0000000000000,00	 0000000000000,00	 0000000000000,00	 0000000000000,00
1270290	-0000000000215,00	 0000000000000,00	 0000000000000,00	 0000000000000,00
1270300	 0000000158013,00	 0000000000000,00	 0000000000000,00	 0000000000000,00
1300000	 0000002638101,00	 0000003951336,00	 0000000012148,00	 0000000998170,00
1302000	 0000001604634,00	 0000001274732,00	 0000000012148,00	 0000000995109,00
1302100	 0000001442587,00	 0000000577955,00	 0000000000383,00	 0000000289584,00
1302101	 0000001442587,00	 0000000526834,00	 0000000000383,00	 0000000281899,00
1302102	 0000000000000,00	 0000000000000,00	 0000000000000,00	 0000000007685,00
1302170	 0000000000000,00	 0000000049222,00	 0000000000000,00	 0000000000000,00
1302180	 0000000000000,00	 0000000001899,00	 0000000000000,00	 0000000000000,00
1302200	 0000000025201,00	 0000000000000,00	 0000000000009,00	 0000000702749,00
1302201	 0000000000000,00	 0000000000000,00	 0000000000000,00	 0000000000000,00
1302202	 0000000025201,00	 0000000000000,00	 0000000000000,00	 0000000434230,00
1302241	 0000000000000,00	 0000000000000,00	 0000000000009,00	 0000000088498,00
1302242	 0000000000000,00	 0000000000000,00	 0000000000000,00	 0000000178853,00
1302281	 0000000000000,00	 0000000000000,00	 0000000000000,00	 0000000001168,00
1302282	 0000000000000,00	 0000000000000,00	 0000000000000,00	 0000000000000,00
1302300	 0000000028625,00	 0000000000000,00	 0000000000000,00	 0000000000000,00
1302500	 0000000053293,00	 0000000000000,00	 0000000000000,00	 0000000002472,00
1302800	 0000000052212,00	 0000000131534,00	 0000000011648,00	 0000000000000,00
1302900	 0000000002716,00	 0000000565243,00	 0000000000108,00	 0000000000304,00
1304000	 0000000000807,00	 0000002635591,00	 0000000000000,00	 0000000000000,00
1304100	 0000000000000,00	 0000000184021,00	 0000000000000,00	 0000000000000,00
1304101	 0000000000000,00	 0000000184021,00	 0000000000000,00	 0000000000000,00
1304102	 0000000000000,00	 0000000000000,00	 0000000000000,00	 0000000000000,00
1304200	 0000000000000,00	 0000000075249,00	 0000000000000,00	 0000000000000,00
1304400	 0000000000000,00	 0000000000000,00	 0000000000000,00	 0000000000000,00
1304500	 0000000000807,00	 0000002306879,00	 0000000000000,00	 0000000000000,00
1304600	 0000000000000,00	 0000000000009,00	 0000000000000,00	 0000000000000,00
1304800	 0000000000000,00	 0000000032712,00	 0000000000000,00	 0000000000000,00
1304900	 0000000000000,00	 0000000036721,00	 0000000000000,00	 0000000000000,00
1305000	 0000001218185,00	 0000000041013,00	 0000000000000,00	 0000000003061,00
1305100	 0000000667178,00	 0000000041013,00	 0000000000000,00	 0000000000000,00
1305300	 0000000037001,00	 0000000000000,00	 0000000000000,00	 0000000000000,00
1305400	 0000000513986,00	 0000000000000,00	 0000000000000,00	 0000000003061,00
1305800	 0000000000000,00	 0000000000000,00	 0000000000000,00	 0000000000000,00
1305900	 0000000000020,00	 0000000000000,00	 0000000000000,00	 0000000000000,00
1309000	-0000000185525,00	 0000000000000,00	 0000000000000,00	 0000000000000,00
1309100	-0000000087957,00	 0000000000000,00	 0000000000000,00	 0000000000000,00
1309200	-0000000023737,00	 0000000000000,00	 0000000000000,00	 0000000000000,00
1309300	-0000000073831,00	 0000000000000,00	 0000000000000,00	 0000000000000,00
1350000	 0000000392046,00	 0000000001021,00	 0000000000000,00	 0000000000000,00
1350100	 0000000054555,00	 0000000000252,00	 0000000000000,00	 0000000000000,00
1350200	 0000000337491,00	 0000000000769,00	 0000000000000,00	 0000000000000,00
1350300	 0000000000000,00	 0000000000000,00	 0000000000000,00	 0000000000000,00
1360000	 0000000000000,00	 0000000000000,00	 0000000000000,00	 0000000000000,00
1360100	 0000000000000,00	 0000000000000,00	 0000000000000,00	 0000000000000,00
1360200	 0000000000000,00	 0000000000000,00	 0000000000000,00	 0000000000000,00
1360300	 0000000000000,00	 0000000000000,00	 0000000000000,00	 0000000000000,00
1400000	 0000000008864,00	 0000000000000,00	 0000000000000,00	 0000000000000,00
1400100	 0000000005596,00	 0000000000000,00	 0000000000000,00	 0000000000000,00
1400101	 0000000000000,00	 0000000000000,00	 0000000000000,00	 0000000000000,00
1400103	 0000000005596,00	 0000000000000,00	 0000000000000,00	 0000000000000,00
1400200	 0000000003268,00	 0000000000000,00	 0000000000000,00	 0000000000000,00
1500000	 0000000143488,00	 0000000000000,00	 0000000000000,00	 0000000000000,00
1500100	 0000000000000,00	 0000000000000,00	 0000000000000,00	 0000000000000,00
1500200	 0000000143488,00	 0000000000000,00	 0000000000000,00	 0000000000000,00
1600000	 0000000064663,00	 0000000000000,00	 0000000000000,00	 0000000000000,00
1600100	 0000000050751,00	 0000000000000,00	 0000000000000,00	 0000000000000,00
1600200	 0000000013912,00	 0000000000000,00	 0000000000000,00	 0000000000000,00
1700000	 0000000000000,00	 0000000000000,00	 0000000000000,00	 0000000000000,00
1750000	 0000000128182,00	 0000000000000,00	 0000000000000,00	 0000000000000,00
1800000	 0000000134404,00	 0000000015615,00	 0000000000000,00	 0000000062998,00
1800100	 0000000001069,00	 0000000000000,00	 0000000000000,00	 0000000000000,00
1800200	 0000000003258,00	 0000000000000,00	 0000000000000,00	 0000000000000,00
1800900	 0000000130077,00	 0000000015615,00	 0000000000000,00	 0000000062998,00
2000000	 0000004697106,00	 0000003292830,00	 0000000000066,00	 0000001287081,00
2100000	 0000000879688,00	 0000000009945,00	 0000000000000,00	 0000000078493,00
2100100	 0000000660794,00	 0000000000000,00	 0000000000000,00	 0000000072189,00
2100109	 0000000402116,00	 0000000000000,00	 0000000000000,00	 0000000061636,00
2100110	 0000000258678,00	 0000000000000,00	 0000000000000,00	 0000000010553,00
2100200	 0000000072865,00	 0000000000000,00	 0000000000000,00	 0000000000000,00
2100300	 0000000146029,00	 0000000009945,00	 0000000000000,00	 0000000006304,00
2130000	 0000000162024,00	 0000000000000,00	 0000000000000,00	 0000000116564,00
2160000	 0000000015709,00	 0000000000000,00	 0000000000000,00	 0000000000000,00
2160100	 0000000000000,00	 0000000000000,00	 0000000000000,00	 0000000000000,00
2160200	 0000000015709,00	 0000000000000,00	 0000000000000,00	 0000000000000,00
2200000	 0000003025428,00	 0000000406546,00	 0000000000000,00	 0000000260080,00
2200100	 0000003025428,00	 0000000370818,00	 0000000000000,00	 0000000260080,00
2200200	 0000000000000,00	 0000000035728,00	 0000000000000,00	 0000000000000,00
2200900	 0000000000000,00	 0000000000000,00	 0000000000000,00	 0000000000000,00
2250000	 0000000349603,00	 0000000000000,00	 0000000000000,00	 0000000000000,00
2250100	 0000000349379,00	 0000000000000,00	 0000000000000,00	 0000000000000,00
2250200	 0000000000224,00	 0000000000000,00	 0000000000000,00	 0000000000000,00
2300000	 0000000000000,00	 0000000108107,00	 0000000000000,00	 0000000819177,00
2301000	 0000000000000,00	 0000000000000,00	 0000000000000,00	 0000000000000,00
2301001	 0000000000000,00	 0000000000000,00	 0000000000000,00	 0000000000000,00
2302000	 0000000000000,00	 0000000108107,00	 0000000000000,00	 0000000819177,00
2302100	 0000000000000,00	 0000000000000,00	 0000000000000,00	 0000000363314,00
2302200	 0000000000000,00	 0000000108107,00	 0000000000000,00	 0000000455863,00
2303000	 0000000000000,00	 0000000000000,00	 0000000000000,00	 0000000000000,00
2303100	 0000000000000,00	 0000000000000,00	 0000000000000,00	 0000000000000,00
2303900	 0000000000000,00	 0000000000000,00	 0000000000000,00	 0000000000000,00
2400000	 0000000078555,00	 0000002756278,00	 0000000000000,00	 0000000000000,00
2401000	 0000000000000,00	 0000000238295,00	 0000000000000,00	 0000000000000,00
2402000	 0000000078555,00	 0000002517983,00	 0000000000000,00	 0000000000000,00
2402100	 0000000078555,00	 0000002326034,00	 0000000000000,00	 0000000000000,00
2402200	 0000000000000,00	 0000000191949,00	 0000000000000,00	 0000000000000,00
2402300	 0000000000000,00	 0000000000000,00	 0000000000000,00	 0000000000000,00
2500000	 0000000033474,00	 0000000011649,00	 0000000000066,00	 0000000005158,00
2500100	 0000000017541,00	 0000000001329,00	 0000000000066,00	 0000000000000,00
2500200	 0000000015933,00	 0000000010320,00	 0000000000000,00	 0000000005158,00
2500300	 0000000000000,00	 0000000000000,00	 0000000000000,00	 0000000000000,00
2600000	 0000000004495,00	 0000000000000,00	 0000000000000,00	 0000000000000,00
2650000	 0000000007001,00	 0000000000000,00	 0000000000000,00	 0000000000000,00
2700000	 0000000057783,00	 0000000000000,00	 0000000000000,00	 0000000000000,00
2700100	 0000000008312,00	 0000000000000,00	 0000000000000,00	 0000000000000,00
2700200	 0000000019803,00	 0000000000000,00	 0000000000000,00	 0000000000000,00
2700300	 0000000012731,00	 0000000000000,00	 0000000000000,00	 0000000000000,00
2700400	 0000000016937,00	 0000000000000,00	 0000000000000,00	 0000000000000,00
2700401	 0000000000058,00	 0000000000000,00	 0000000000000,00	 0000000000000,00
2700402	 0000000000000,00	 0000000000000,00	 0000000000000,00	 0000000000000,00
2700411	 0000000001736,00	 0000000000000,00	 0000000000000,00	 0000000000000,00
2700412	 0000000005009,00	 0000000000000,00	 0000000000000,00	 0000000000000,00
2700413	 0000000006462,00	 0000000000000,00	 0000000000000,00	 0000000000000,00
2700421	 0000000000000,00	 0000000000000,00	 0000000000000,00	 0000000000000,00
2700422	 0000000000000,00	 0000000000000,00	 0000000000000,00	 0000000000000,00
2700423	 0000000000000,00	 0000000000000,00	 0000000000000,00	 0000000000000,00
2700490	 0000000003672,00	 0000000000000,00	 0000000000000,00	 0000000000000,00
2800000	 0000000083346,00	 0000000000305,00	 0000000000000,00	 0000000007609,00
3000000	 0000000682156,00	 0000000122115,00	 0000000016726,00	 0000000012448,00
3101000	 0000000390158,00	 0000000000000,00	 0000000000000,00	 0000000000000,00
3102000	 0000000056190,00	 0000000000000,00	 0000000000000,00	 0000000000000,00
3103000	 0000000002420,00	 0000000000000,00	 0000000000000,00	 0000000000000,00
3104000	 0000000169121,00	 0000000122115,00	 0000000016726,00	 0000000012448,00
3104100	 0000000274202,00	 0000000000000,00	 0000000000000,00	 0000000000000,00
3104200	-0000000085278,00	 0000000122115,00	 0000000016726,00	 0000000012448,00
3104300	-0000000019803,00	 0000000000000,00	 0000000000000,00	 0000000000000,00
3200000	 0000000064267,00	 0000000000000,00	 0000000000000,00	 0000000000000,00
5001000	 0000000617889,00	 0000000122115,00	 0000000016726,00	 0000000012448,00
5002000	 0000005379262,00	 0000003414945,00	 0000000016792,00	 0000001299529,00
5100000	 0000002823626,00	 0000003951336,00	 0000000012148,00	 0000000998170,00
