037	BANCO SANTANDER-CHILE
100000000	 35007441525614,00	 26106201049426,00	 0000072927581,00	 9691308304508,00
105000000	 1233810622917,00	 0000000000000,00	 0000000000000,00	 1917640156512,00
105000100	 1116726490516,00	 0000000000000,00	 0000000000000,00	 0178376407168,00
105000101	 0662932524943,00	 0000000000000,00	 0000000000000,00	 0145436039079,00
105000102	 0453793965573,00	 0000000000000,00	 0000000000000,00	 0032940368089,00
105000103	 0000000000000,00	 0000000000000,00	 0000000000000,00	 0000000000000,00
105000200	 0114469470074,00	 0000000000000,00	 0000000000000,00	 0019136199999,00
105000201	 0114469470074,00	 0000000000000,00	 0000000000000,00	 0019136199999,00
105000202	 0000000000000,00	 0000000000000,00	 0000000000000,00	 0000000000000,00
105000209	 0000000000000,00	 0000000000000,00	 0000000000000,00	 0000000000000,00
105000300	 0000000000000,00	 0000000000000,00	 0000000000000,00	 0000000000000,00
105000301	 0000000000000,00	 0000000000000,00	 0000000000000,00	 0000000000000,00
105000302	 0000000000000,00	 0000000000000,00	 0000000000000,00	 0000000000000,00
105000309	 0000000000000,00	 0000000000000,00	 0000000000000,00	 0000000000000,00
105000400	 0002339832337,00	 0000000000000,00	 0000000000000,00	 0000000000000,00
105000500	 0000274829990,00	 0000000000000,00	 0000000000000,00	 1720127549345,00
107000000	 0436390610183,00	 0000000000000,00	 0000000000000,00	 0610086190990,00
107000100	 0080438555050,00	 0000000000000,00	 0000000000000,00	 0012223040247,00
107000101	 0000382158807,00	 0000000000000,00	 0000000000000,00	 0001630745984,00
107000102	 0080056396243,00	 0000000000000,00	 0000000000000,00	 0010592294263,00
107000103	 0000000000000,00	 0000000000000,00	 0000000000000,00	 0000000000000,00
107000200	 0000000000000,00	 0000000000000,00	 0000000000000,00	 0000000000000,00
107000201	 0000000000000,00	 0000000000000,00	 0000000000000,00	 0000000000000,00
107000202	 0000000000000,00	 0000000000000,00	 0000000000000,00	 0000000000000,00
107000300	 0000000000000,00	 0000000000000,00	 0000000000000,00	 0000000000000,00
107000400	 0355952055133,00	 0000000000000,00	 0000000000000,00	 0597863150743,00
107000401	 0279347711300,00	 0000000000000,00	 0000000000000,00	 0000000000000,00
107000409	 0021473366038,00	 0000000000000,00	 0000000000000,00	 0591412660196,00
107000411	 0054731814360,00	 0000000000000,00	 0000000000000,00	 0000000000000,00
107000419	 0000399163435,00	 0000000000000,00	 0000000000000,00	 0006450490547,00
110000000	 12293302634048,00	 0037436357153,00	 0000000000000,00	 0000000000000,00
111000100	 12228652092064,00	 0000000000000,00	 0000000000000,00	 0000000000000,00
111000101	 1181133219289,00	 0000000000000,00	 0000000000000,00	 0000000000000,00
111000102	 11040462263735,00	 0000000000000,00	 0000000000000,00	 0000000000000,00
111000103	 0006124328501,00	 0000000000000,00	 0000000000000,00	 0000000000000,00
111000104	 0000932280539,00	 0000000000000,00	 0000000000000,00	 0000000000000,00
111000105	 0000000000000,00	 0000000000000,00	 0000000000000,00	 0000000000000,00
111000109	 0000000000000,00	 0000000000000,00	 0000000000000,00	 0000000000000,00
112000000	 0064650541984,00	 0037436357153,00	 0000000000000,00	 0000000000000,00
112000100	 0064650541984,00	 0028146883908,00	 0000000000000,00	 0000000000000,00
112000101	 0000000000000,00	 0000000000000,00	 0000000000000,00	 0000000000000,00
112000102	 0064650541984,00	 0028146883908,00	 0000000000000,00	 0000000000000,00
112000109	 0000000000000,00	 0000000000000,00	 0000000000000,00	 0000000000000,00
112000200	 0000000000000,00	 0009289473245,00	 0000000000000,00	 0000000000000,00
112000201	 0000000000000,00	 0000000000000,00	 0000000000000,00	 0000000000000,00
112000202	 0000000000000,00	 0009289473245,00	 0000000000000,00	 0000000000000,00
112000209	 0000000000000,00	 0000000000000,00	 0000000000000,00	 0000000000000,00
112000300	 0000000000000,00	 0000000000000,00	 0000000000000,00	 0000000000000,00
112000301	 0000000000000,00	 0000000000000,00	 0000000000000,00	 0000000000000,00
112000302	 0000000000000,00	 0000000000000,00	 0000000000000,00	 0000000000000,00
112000303	 0000000000000,00	 0000000000000,00	 0000000000000,00	 0000000000000,00
112000304	 0000000000000,00	 0000000000000,00	 0000000000000,00	 0000000000000,00
112000309	 0000000000000,00	 0000000000000,00	 0000000000000,00	 0000000000000,00
113000000	 0000000000000,00	 0000000000000,00	 0000000000000,00	 0000000000000,00
113000100	 0000000000000,00	 0000000000000,00	 0000000000000,00	 0000000000000,00
113000101	 0000000000000,00	 0000000000000,00	 0000000000000,00	 0000000000000,00
113000102	 0000000000000,00	 0000000000000,00	 0000000000000,00	 0000000000000,00
113000200	 0000000000000,00	 0000000000000,00	 0000000000000,00	 0000000000000,00
113000201	 0000000000000,00	 0000000000000,00	 0000000000000,00	 0000000000000,00
113000202	 0000000000000,00	 0000000000000,00	 0000000000000,00	 0000000000000,00
113000300	 0000000000000,00	 0000000000000,00	 0000000000000,00	 0000000000000,00
113000301	 0000000000000,00	 0000000000000,00	 0000000000000,00	 0000000000000,00
113000302	 0000000000000,00	 0000000000000,00	 0000000000000,00	 0000000000000,00
113000303	 0000000000000,00	 0000000000000,00	 0000000000000,00	 0000000000000,00
113000304	 0000000000000,00	 0000000000000,00	 0000000000000,00	 0000000000000,00
113000400	 0000000000000,00	 0000000000000,00	 0000000000000,00	 0000000000000,00
115000000	 0000000000000,00	 0000000000000,00	 0000000000000,00	 0000000000000,00
115250000	 0000000000000,00	 0000000000000,00	 0000000000000,00	 0000000000000,00
115250100	 0000000000000,00	 0000000000000,00	 0000000000000,00	 0000000000000,00
115250101	 0000000000000,00	 0000000000000,00	 0000000000000,00	 0000000000000,00
115250102	 0000000000000,00	 0000000000000,00	 0000000000000,00	 0000000000000,00
115250109	 0000000000000,00	 0000000000000,00	 0000000000000,00	 0000000000000,00
115250200	 0000000000000,00	 0000000000000,00	 0000000000000,00	 0000000000000,00
115250201	 0000000000000,00	 0000000000000,00	 0000000000000,00	 0000000000000,00
115250202	 0000000000000,00	 0000000000000,00	 0000000000000,00	 0000000000000,00
115250209	 0000000000000,00	 0000000000000,00	 0000000000000,00	 0000000000000,00
115250300	 0000000000000,00	 0000000000000,00	 0000000000000,00	 0000000000000,00
115250301	 0000000000000,00	 0000000000000,00	 0000000000000,00	 0000000000000,00
115250302	 0000000000000,00	 0000000000000,00	 0000000000000,00	 0000000000000,00
115250303	 0000000000000,00	 0000000000000,00	 0000000000000,00	 0000000000000,00
115250304	 0000000000000,00	 0000000000000,00	 0000000000000,00	 0000000000000,00
115250309	 0000000000000,00	 0000000000000,00	 0000000000000,00	 0000000000000,00
115500000	 0000000000000,00	 0000000000000,00	 0000000000000,00	 0000000000000,00
115500100	 0000000000000,00	 0000000000000,00	 0000000000000,00	 0000000000000,00
115500101	 0000000000000,00	 0000000000000,00	 0000000000000,00	 0000000000000,00
115500102	 0000000000000,00	 0000000000000,00	 0000000000000,00	 0000000000000,00
115500300	 0000000000000,00	 0000000000000,00	 0000000000000,00	 0000000000000,00
115500301	 0000000000000,00	 0000000000000,00	 0000000000000,00	 0000000000000,00
115500302	 0000000000000,00	 0000000000000,00	 0000000000000,00	 0000000000000,00
115500303	 0000000000000,00	 0000000000000,00	 0000000000000,00	 0000000000000,00
115500304	 0000000000000,00	 0000000000000,00	 0000000000000,00	 0000000000000,00
115500400	 0000000000000,00	 0000000000000,00	 0000000000000,00	 0000000000000,00
118000000	 0000000000000,00	 0000000000000,00	 0000000000000,00	 0000000000000,00
118250000	 0000000000000,00	 0000000000000,00	 0000000000000,00	 0000000000000,00
118250100	 0000000000000,00	 0000000000000,00	 0000000000000,00	 0000000000000,00
118250101	 0000000000000,00	 0000000000000,00	 0000000000000,00	 0000000000000,00
118250102	 0000000000000,00	 0000000000000,00	 0000000000000,00	 0000000000000,00
118250109	 0000000000000,00	 0000000000000,00	 0000000000000,00	 0000000000000,00
118250200	 0000000000000,00	 0000000000000,00	 0000000000000,00	 0000000000000,00
118250201	 0000000000000,00	 0000000000000,00	 0000000000000,00	 0000000000000,00
118250202	 0000000000000,00	 0000000000000,00	 0000000000000,00	 0000000000000,00
118250209	 0000000000000,00	 0000000000000,00	 0000000000000,00	 0000000000000,00
118250300	 0000000000000,00	 0000000000000,00	 0000000000000,00	 0000000000000,00
118250301	 0000000000000,00	 0000000000000,00	 0000000000000,00	 0000000000000,00
118250302	 0000000000000,00	 0000000000000,00	 0000000000000,00	 0000000000000,00
118250303	 0000000000000,00	 0000000000000,00	 0000000000000,00	 0000000000000,00
118250304	 0000000000000,00	 0000000000000,00	 0000000000000,00	 0000000000000,00
118250309	 0000000000000,00	 0000000000000,00	 0000000000000,00	 0000000000000,00
118500000	 0000000000000,00	 0000000000000,00	 0000000000000,00	 0000000000000,00
118500300	 0000000000000,00	 0000000000000,00	 0000000000000,00	 0000000000000,00
118500301	 0000000000000,00	 0000000000000,00	 0000000000000,00	 0000000000000,00
118500302	 0000000000000,00	 0000000000000,00	 0000000000000,00	 0000000000000,00
118500303	 0000000000000,00	 0000000000000,00	 0000000000000,00	 0000000000000,00
118500304	 0000000000000,00	 0000000000000,00	 0000000000000,00	 0000000000000,00
118500400	 0000000000000,00	 0000000000000,00	 0000000000000,00	 0000000000000,00
120000000	 0815152002951,00	 0277030604381,00	 0000000000000,00	 1069747649571,00
122000000	 0718342563854,00	 0266061087111,00	 0000000000000,00	 1069747649571,00
122000100	 0718342563854,00	 0260164494917,00	 0000000000000,00	 0000000000000,00
122000101	 0256158071090,00	 0000000000000,00	 0000000000000,00	 0000000000000,00
122000102	 0462184492764,00	 0259850814032,00	 0000000000000,00	 0000000000000,00
122000109	 0000000000000,00	 0000313680885,00	 0000000000000,00	 0000000000000,00
122000200	 0000000000000,00	 0005896592194,00	 0000000000000,00	 0000000000000,00
122000201	 0000000000000,00	 0005896592194,00	 0000000000000,00	 0000000000000,00
122000202	 0000000000000,00	 0000000000000,00	 0000000000000,00	 0000000000000,00
122000209	 0000000000000,00	 0000000000000,00	 0000000000000,00	 0000000000000,00
122000300	 0000000000000,00	 0000000000000,00	 0000000000000,00	 1069747649571,00
122000301	 0000000000000,00	 0000000000000,00	 0000000000000,00	 0000000000000,00
122000302	 0000000000000,00	 0000000000000,00	 0000000000000,00	 0761298249545,00
122000303	 0000000000000,00	 0000000000000,00	 0000000000000,00	 0000000000000,00
122000304	 0000000000000,00	 0000000000000,00	 0000000000000,00	 0000000000000,00
122000309	 0000000000000,00	 0000000000000,00	 0000000000000,00	 0308449400026,00
123000000	 0096809439097,00	 0010969517270,00	 0000000000000,00	 0000000000000,00
123000300	 0096809439097,00	 0010969517270,00	 0000000000000,00	 0000000000000,00
123000301	 0000000000000,00	 0000000000000,00	 0000000000000,00	 0000000000000,00
123000302	 0096809439097,00	 0010969517270,00	 0000000000000,00	 0000000000000,00
123000303	 0000000000000,00	 0000000000000,00	 0000000000000,00	 0000000000000,00
123000304	 0000000000000,00	 0000000000000,00	 0000000000000,00	 0000000000000,00
123000400	 0000000000000,00	 0000000000000,00	 0000000000000,00	 0000000000000,00
130000000	 0734334159656,00	 0000000000000,00	 0000000000000,00	 0000000000000,00
130000100	 0734334159656,00	 0000000000000,00	 0000000000000,00	 0000000000000,00
130000101	 0067484143343,00	 0000000000000,00	 0000000000000,00	 0000000000000,00
130000102	 0666850016313,00	 0000000000000,00	 0000000000000,00	 0000000000000,00
130000103	 0000000000000,00	 0000000000000,00	 0000000000000,00	 0000000000000,00
130000104	 0000000000000,00	 0000000000000,00	 0000000000000,00	 0000000000000,00
130000105	 0000000000000,00	 0000000000000,00	 0000000000000,00	 0000000000000,00
130000190	 0000000000000,00	 0000000000000,00	 0000000000000,00	 0000000000000,00
140000000	 17733516205174,00	 25645086659791,00	 0000061530465,00	 3945440843900,00
141000000	 0018085763550,00	 0000000000000,00	 0000000000000,00	 0000000000000,00
141000100	 0000000000000,00	 0000000000000,00	 0000000000000,00	 0000000000000,00
141000101	 0000000000000,00	 0000000000000,00	 0000000000000,00	 0000000000000,00
141000102	 0000000000000,00	 0000000000000,00	 0000000000000,00	 0000000000000,00
141000103	 0000000000000,00	 0000000000000,00	 0000000000000,00	 0000000000000,00
141000200	 0000000000000,00	 0000000000000,00	 0000000000000,00	 0000000000000,00
141000201	 0000000000000,00	 0000000000000,00	 0000000000000,00	 0000000000000,00
141000202	 0000000000000,00	 0000000000000,00	 0000000000000,00	 0000000000000,00
141000203	 0000000000000,00	 0000000000000,00	 0000000000000,00	 0000000000000,00
141000300	 0018090362875,00	 0000000000000,00	 0000000000000,00	 0000000000000,00
141000301	 0018090362875,00	 0000000000000,00	 0000000000000,00	 0000000000000,00
141000302	 0000000000000,00	 0000000000000,00	 0000000000000,00	 0000000000000,00
141000400	 0000000000000,00	 0000000000000,00	 0000000000000,00	 0000000000000,00
141000401	 0000000000000,00	 0000000000000,00	 0000000000000,00	 0000000000000,00
141000402	 0000000000000,00	 0000000000000,00	 0000000000000,00	 0000000000000,00
141000900	-0000004599325,00	 0000000000000,00	 0000000000000,00	 0000000000000,00
141000901	-0000004599325,00	 0000000000000,00	 0000000000000,00	 0000000000000,00
141000902	 0000000000000,00	 0000000000000,00	 0000000000000,00	 0000000000000,00
141000903	 0000000000000,00	 0000000000000,00	 0000000000000,00	 0000000000000,00
141500000	 5458459664641,00	 1726298023818,00	 0000000000000,00	 0000000000000,00
141500100	 5459613533167,00	 1726662947456,00	 0000000000000,00	 0000000000000,00
141500101	 2411132513888,00	 0000000000000,00	 0000000000000,00	 0000000000000,00
141500102	 3048481019279,00	 1726662947456,00	 0000000000000,00	 0000000000000,00
141500109	 0000000000000,00	 0000000000000,00	 0000000000000,00	 0000000000000,00
141500200	 0000000000000,00	 0000000000000,00	 0000000000000,00	 0000000000000,00
141500201	 0000000000000,00	 0000000000000,00	 0000000000000,00	 0000000000000,00
141500202	 0000000000000,00	 0000000000000,00	 0000000000000,00	 0000000000000,00
141500209	 0000000000000,00	 0000000000000,00	 0000000000000,00	 0000000000000,00
141500300	 0000000000000,00	 0000000000000,00	 0000000000000,00	 0000000000000,00
141500301	 0000000000000,00	 0000000000000,00	 0000000000000,00	 0000000000000,00
141500302	 0000000000000,00	 0000000000000,00	 0000000000000,00	 0000000000000,00
141500303	 0000000000000,00	 0000000000000,00	 0000000000000,00	 0000000000000,00
141500304	 0000000000000,00	 0000000000000,00	 0000000000000,00	 0000000000000,00
141500309	 0000000000000,00	 0000000000000,00	 0000000000000,00	 0000000000000,00
141500900	-0001153868526,00	-0000364923638,00	 0000000000000,00	 0000000000000,00
141500901	-0001153868526,00	-0000364923638,00	 0000000000000,00	 0000000000000,00
141500902	 0000000000000,00	 0000000000000,00	 0000000000000,00	 0000000000000,00
141500903	 0000000000000,00	 0000000000000,00	 0000000000000,00	 0000000000000,00
143000000	 0000000000000,00	 0000000000000,00	 0000000000000,00	 0000479237296,00
143100100	 0000000000000,00	 0000000000000,00	 0000000000000,00	 0000000000000,00
143100101	 0000000000000,00	 0000000000000,00	 0000000000000,00	 0000000000000,00
143100102	 0000000000000,00	 0000000000000,00	 0000000000000,00	 0000000000000,00
143100103	 0000000000000,00	 0000000000000,00	 0000000000000,00	 0000000000000,00
143100104	 0000000000000,00	 0000000000000,00	 0000000000000,00	 0000000000000,00
143100105	 0000000000000,00	 0000000000000,00	 0000000000000,00	 0000000000000,00
143100106	 0000000000000,00	 0000000000000,00	 0000000000000,00	 0000000000000,00
143100107	 0000000000000,00	 0000000000000,00	 0000000000000,00	 0000000000000,00
143100190	 0000000000000,00	 0000000000000,00	 0000000000000,00	 0000000000000,00
143150100	 0000000000000,00	 0000000000000,00	 0000000000000,00	 0000000000000,00
143150101	 0000000000000,00	 0000000000000,00	 0000000000000,00	 0000000000000,00
143150102	 0000000000000,00	 0000000000000,00	 0000000000000,00	 0000000000000,00
143150103	 0000000000000,00	 0000000000000,00	 0000000000000,00	 0000000000000,00
143200100	 0000000000000,00	 0000000000000,00	 0000000000000,00	 0000480287926,00
143200101	 0000000000000,00	 0000000000000,00	 0000000000000,00	 0000000000000,00
143200102	 0000000000000,00	 0000000000000,00	 0000000000000,00	 0000000000000,00
143200103	 0000000000000,00	 0000000000000,00	 0000000000000,00	 0000000000000,00
143200104	 0000000000000,00	 0000000000000,00	 0000000000000,00	 0000480287926,00
143200105	 0000000000000,00	 0000000000000,00	 0000000000000,00	 0000000000000,00
143200106	 0000000000000,00	 0000000000000,00	 0000000000000,00	 0000000000000,00
143200107	 0000000000000,00	 0000000000000,00	 0000000000000,00	 0000000000000,00
143200108	 0000000000000,00	 0000000000000,00	 0000000000000,00	 0000000000000,00
143200190	 0000000000000,00	 0000000000000,00	 0000000000000,00	 0000000000000,00
143250100	 0000000000000,00	 0000000000000,00	 0000000000000,00	-0000001050630,00
143250101	 0000000000000,00	 0000000000000,00	 0000000000000,00	-0000001050630,00
143250102	 0000000000000,00	 0000000000000,00	 0000000000000,00	 0000000000000,00
143250103	 0000000000000,00	 0000000000000,00	 0000000000000,00	 0000000000000,00
143300100	 0000000000000,00	 0000000000000,00	 0000000000000,00	 0000000000000,00
143300101	 0000000000000,00	 0000000000000,00	 0000000000000,00	 0000000000000,00
143300102	 0000000000000,00	 0000000000000,00	 0000000000000,00	 0000000000000,00
143300103	 0000000000000,00	 0000000000000,00	 0000000000000,00	 0000000000000,00
143400100	 0000000000000,00	 0000000000000,00	 0000000000000,00	 0000000000000,00
143400101	 0000000000000,00	 0000000000000,00	 0000000000000,00	 0000000000000,00
143400102	 0000000000000,00	 0000000000000,00	 0000000000000,00	 0000000000000,00
143400103	 0000000000000,00	 0000000000000,00	 0000000000000,00	 0000000000000,00
144000000	 12256970776983,00	 23918788635973,00	 0000061530465,00	 3944961606604,00
145000000	 7628929630356,00	 6570368447414,00	 0000061530465,00	 4016990714924,00
145400100	 5978714683770,00	 5810704034346,00	 0000000000000,00	 1709556315326,00
145400101	 5978714683770,00	 5810671777035,00	 0000000000000,00	 1709556315326,00
145400102	 0000000000000,00	 0000000000000,00	 0000000000000,00	 0000000000000,00
145400103	 0000000000000,00	 0000000000000,00	 0000000000000,00	 0000000000000,00
145400104	 0000000000000,00	 0000017597321,00	 0000000000000,00	 0000000000000,00
145400105	 0000000000000,00	 0000014659990,00	 0000000000000,00	 0000000000000,00
145400106	 0000000000000,00	 0000000000000,00	 0000000000000,00	 0000000000000,00
145400200	 0132602665403,00	 0000000168434,00	 0000021497654,00	 1879995055121,00
145400201	 0000000000000,00	 0000000000000,00	 0000000000000,00	 0000000000000,00
145400202	 0057150755466,00	 0000000000000,00	 0000000000000,00	 1161046944563,00
145400203	 0000037118400,00	 0000000000000,00	 0000021497654,00	 0223065050205,00
145400204	 0075414791537,00	 0000000168434,00	 0000000000000,00	 0494744961980,00
145400205	 0000000000000,00	 0000000000000,00	 0000000000000,00	 0001138098373,00
145400290	 0000000000000,00	 0000000000000,00	 0000000000000,00	 0000000000000,00
145400300	 0119148813795,00	 0000000000000,00	 0000000000000,00	 0029233825596,00
145400400	 0131255130815,00	 0000000000000,00	 0000000000000,00	 0011584821851,00
145400401	 0123358799504,00	 0000000000000,00	 0000000000000,00	 0011584821851,00
145400402	 0007896331311,00	 0000000000000,00	 0000000000000,00	 0000000000000,00
145400500	 0577184460439,00	 0003822299869,00	 0000022464473,00	 0279400009972,00
145400501	 0220838112661,00	 0003748445363,00	 0000000000000,00	 0073945918747,00
145400502	 0356346347778,00	 0000073854506,00	 0000022464473,00	 0205454091225,00
145400600	 0387432821968,00	 0703634122400,00	 0000000000000,00	 0103848671474,00
145400601	 0088668799928,00	 0589394753892,00	 0000000000000,00	 0026745242204,00
145400602	 0298764022040,00	 0114239368508,00	 0000000000000,00	 0077103429270,00
145400700	 0000000000000,00	 0043871271891,00	 0000000000000,00	 0000000000000,00
145400701	 0000000000000,00	 0027595868720,00	 0000000000000,00	 0000000000000,00
145400702	 0000000000000,00	 0000000000000,00	 0000000000000,00	 0000000000000,00
145400703	 0000000000000,00	 0016275403171,00	 0000000000000,00	 0000000000000,00
145400900	 0302591054166,00	 0008336550474,00	 0000017568338,00	 0003372015584,00
145400901	 0000000000000,00	 0000000000000,00	 0000000000000,00	 0000000000000,00
145400902	 0001172791834,00	 0000338491444,00	 0000000000000,00	 0000000000000,00
145400990	 0301418262332,00	 0007998059030,00	 0000017568338,00	 0003372015584,00
146000000	 0018683803921,00	 17339682851164,00	 0000000000000,00	 0000000000000,00
146000100	 0000000000000,00	 0000303759819,00	 0000000000000,00	 0000000000000,00
146000200	 0000000000000,00	 0000795070782,00	 0000000000000,00	 0000000000000,00
146000300	 0017679158233,00	 0071262457958,00	 0000000000000,00	 0000000000000,00
146000400	 0000966467910,00	 17192395385203,00	 0000000000000,00	 0000000000000,00
146000401	 0000966467910,00	 16998202241268,00	 0000000000000,00	 0000000000000,00
146000402	 0000000000000,00	 0194193143935,00	 0000000000000,00	 0000000000000,00
146000500	 0000000000000,00	 0000000000000,00	 0000000000000,00	 0000000000000,00
146000900	 0000038177778,00	 0074926177402,00	 0000000000000,00	 0000000000000,00
146000901	 0000006328000,00	 0000438994141,00	 0000000000000,00	 0000000000000,00
146000902	 0000000000000,00	 0000000000000,00	 0000000000000,00	 0000000000000,00
146000903	 0000000000000,00	 0000000000000,00	 0000000000000,00	 0000000000000,00
146000909	 0000031849778,00	 0074487183261,00	 0000000000000,00	 0000000000000,00
148000000	 5644578535684,00	 0008737337395,00	 0000000000000,00	 0080073493397,00
148000100	 3758622923937,00	 0008577140672,00	 0000000000000,00	 0000000000000,00
148000200	 0148116959503,00	 0000000000000,00	 0000000000000,00	 0000021171451,00
148000300	 1735607660163,00	 0000000000000,00	 0000000000000,00	 0080052321946,00
148000301	 1576168007812,00	 0000000000000,00	 0000000000000,00	 0080052321946,00
148000302	 0159439652351,00	 0000000000000,00	 0000000000000,00	 0000000000000,00
148000400	 0001722682372,00	 0000160196723,00	 0000000000000,00	 0000000000000,00
148000900	 0000508309709,00	 0000000000000,00	 0000000000000,00	 0000000000000,00
148000901	 0000000000000,00	 0000000000000,00	 0000000000000,00	 0000000000000,00
148000902	 0000508309709,00	 0000000000000,00	 0000000000000,00	 0000000000000,00
149000000	-1035221192978,00	 0000000000000,00	 0000000000000,00	-0152102601717,00
149500100	-0530678143407,00	 0000000000000,00	 0000000000000,00	-0151382545740,00
149500101	-0055701057876,00	 0000000000000,00	 0000000000000,00	-0043616135753,00
149500102	-0021796485491,00	 0000000000000,00	 0000000000000,00	-0011806406833,00
149500103	-0176774897998,00	 0000000000000,00	 0000000000000,00	-0090654268105,00
149500104	-0071102723828,00	 0000000000000,00	 0000000000000,00	-0002251362722,00
149500105	-0197834866341,00	 0000000000000,00	 0000000000000,00	-0003054372327,00
149500109	-0007468111873,00	 0000000000000,00	 0000000000000,00	 0000000000000,00
149600100	-0170100657581,00	 0000000000000,00	 0000000000000,00	 0000000000000,00
149600101	-0033246041572,00	 0000000000000,00	 0000000000000,00	 0000000000000,00
149600102	-0136854616009,00	 0000000000000,00	 0000000000000,00	 0000000000000,00
149700100	-0334442391990,00	 0000000000000,00	 0000000000000,00	-0000720055977,00
149700101	-0170582546861,00	 0000000000000,00	 0000000000000,00	-0000701728281,00
149700102	-0163859845129,00	 0000000000000,00	 0000000000000,00	-0000018327696,00
150000000	 0057582595925,00	 0000000000000,00	 0000000000000,00	 0000000000000,00
150000100	 0000000000000,00	 0000000000000,00	 0000000000000,00	 0000000000000,00
150000200	 0000000000000,00	 0000000000000,00	 0000000000000,00	 0000000000000,00
150000201	 0000000000000,00	 0000000000000,00	 0000000000000,00	 0000000000000,00
150000202	 0000000000000,00	 0000000000000,00	 0000000000000,00	 0000000000000,00
150000300	 0054214659932,00	 0000000000000,00	 0000000000000,00	 0000000000000,00
150000400	 0000000000000,00	 0000000000000,00	 0000000000000,00	 0000000000000,00
150000500	 0000000000000,00	 0000000000000,00	 0000000000000,00	 0000000000000,00
150000600	 0000000000000,00	 0000000000000,00	 0000000000000,00	 0000000000000,00
150000700	 0003367935993,00	 0000000000000,00	 0000000000000,00	 0000000000000,00
150000800	 0000000000000,00	 0000000000000,00	 0000000000000,00	 0000000000000,00
160000000	 0089407147842,00	 0000000000000,00	 0000000000000,00	 0000000000000,00
160000100	 0000000000000,00	 0000000000000,00	 0000000000000,00	 0000000000000,00
160000200	 0000000000000,00	 0000000000000,00	 0000000000000,00	 0000000000000,00
160000201	 0000000000000,00	 0000000000000,00	 0000000000000,00	 0000000000000,00
160000202	 0000000000000,00	 0000000000000,00	 0000000000000,00	 0000000000000,00
160000203	 0000000000000,00	 0000000000000,00	 0000000000000,00	 0000000000000,00
160000204	 0000000000000,00	 0000000000000,00	 0000000000000,00	 0000000000000,00
160000205	 0000000000000,00	 0000000000000,00	 0000000000000,00	 0000000000000,00
160000206	 0000000000000,00	 0000000000000,00	 0000000000000,00	 0000000000000,00
160000207	 0000000000000,00	 0000000000000,00	 0000000000000,00	 0000000000000,00
160000208	 0000000000000,00	 0000000000000,00	 0000000000000,00	 0000000000000,00
160000209	 0000000000000,00	 0000000000000,00	 0000000000000,00	 0000000000000,00
160000219	 0000000000000,00	 0000000000000,00	 0000000000000,00	 0000000000000,00
160000300	 0089407147842,00	 0000000000000,00	 0000000000000,00	 0000000000000,00
160000301	 0000000000000,00	 0000000000000,00	 0000000000000,00	 0000000000000,00
160000302	 0389479742708,00	 0000000000000,00	 0000000000000,00	 0000000000000,00
160000303	 0000000000000,00	 0000000000000,00	 0000000000000,00	 0000000000000,00
160000309	 0000000000000,00	 0000000000000,00	 0000000000000,00	 0000000000000,00
160000319	-0300072594866,00	 0000000000000,00	 0000000000000,00	 0000000000000,00
170000000	 0203464315441,00	 0000000000000,00	 0000000000000,00	 0000000000000,00
170000100	 0102476542805,00	 0000000000000,00	 0000000000000,00	 0000000000000,00
170000101	 0180264484217,00	 0000000000000,00	 0000000000000,00	 0000000000000,00
170000102	 0014487871012,00	 0000000000000,00	 0000000000000,00	 0000000000000,00
170000119	-0092275812424,00	 0000000000000,00	 0000000000000,00	 0000000000000,00
170000200	 0100987772636,00	 0000000000000,00	 0000000000000,00	 0000000000000,00
170000201	 0360866894153,00	 0000000000000,00	 0000000000000,00	 0000000000000,00
170000209	 0100496183071,00	 0000000000000,00	 0000000000000,00	 0000000000000,00
170000219	-0360375304588,00	 0000000000000,00	 0000000000000,00	 0000000000000,00
175000000	 0000000000000,00	 0136388861102,00	 0000000000000,00	 0000000000000,00
175000100	 0000000000000,00	 0084904131532,00	 0000000000000,00	 0000000000000,00
175000101	 0000000000000,00	 0206816867429,00	 0000000000000,00	 0000000000000,00
175000102	 0000000000000,00	 0000000000000,00	 0000000000000,00	 0000000000000,00
175000119	 0000000000000,00	-0121912735897,00	 0000000000000,00	 0000000000000,00
175000200	 0000000000000,00	 0051484729570,00	 0000000000000,00	 0000000000000,00
175000201	 0000000000000,00	 0135958028149,00	 0000000000000,00	 0000000000000,00
175000219	 0000000000000,00	-0084473298579,00	 0000000000000,00	 0000000000000,00
175000300	 0000000000000,00	 0000000000000,00	 0000000000000,00	 0000000000000,00
175000301	 0000000000000,00	 0000000000000,00	 0000000000000,00	 0000000000000,00
175000309	 0000000000000,00	 0000000000000,00	 0000000000000,00	 0000000000000,00
175000319	 0000000000000,00	 0000000000000,00	 0000000000000,00	 0000000000000,00
175000400	 0000000000000,00	 0000000000000,00	 0000000000000,00	 0000000000000,00
175000401	 0000000000000,00	 0000000000000,00	 0000000000000,00	 0000000000000,00
175000409	 0000000000000,00	 0000000000000,00	 0000000000000,00	 0000000000000,00
175000419	 0000000000000,00	 0000000000000,00	 0000000000000,00	 0000000000000,00
180000000	 0000029621897,00	 0000000000000,00	 0000000000000,00	 0000000000000,00
185000000	 0431168283390,00	 0000000000000,00	 0000000000000,00	 0000000000000,00
190000000	 0928411515815,00	 0010258566999,00	 0000011397116,00	 2148393463535,00
190000100	 0004113139996,00	 0007647586123,00	 0000000000000,00	 0003400916772,00
190000101	 0003836563790,00	 0000000000000,00	 0000000000000,00	 0003400916772,00
190000102	 0000000000000,00	 0000000000000,00	 0000000000000,00	 0000000000000,00
190000103	 0000276576206,00	 0007647586123,00	 0000000000000,00	 0000000000000,00
190000200	 0177785458432,00	 0000000000000,00	 0000000000000,00	 2124432063966,00
190000201	 0000000000000,00	 0000000000000,00	 0000000000000,00	 0000000000000,00
190000202	 0000000000000,00	 0000000000000,00	 0000000000000,00	 0201810577642,00
190000203	 0177785458432,00	 0000000000000,00	 0000000000000,00	 0000000000000,00
190000204	 0000000000000,00	 0000000000000,00	 0000000000000,00	 1922621486324,00
190000300	 0075523328544,00	 0000000000000,00	 0000000000000,00	 0000000000000,00
190000301	 0074426573064,00	 0000000000000,00	 0000000000000,00	 0000000000000,00
190000302	 0001096755480,00	 0000000000000,00	 0000000000000,00	 0000000000000,00
190000303	 0000000000000,00	 0000000000000,00	 0000000000000,00	 0000000000000,00
190000400	 0000000000000,00	 0000000000000,00	 0000000000000,00	 0000000000000,00
190000401	 0000000000000,00	 0000000000000,00	 0000000000000,00	 0000000000000,00
190000402	 0000000000000,00	 0000000000000,00	 0000000000000,00	 0000000000000,00
190000500	 0195585119873,00	 0001647591056,00	 0000000000000,00	 0000000000000,00
190000501	 0000000000000,00	 0000000000000,00	 0000000000000,00	 0000000000000,00
190000502	 0000000000000,00	 0000000000000,00	 0000000000000,00	 0000000000000,00
190000503	 0136042071229,00	 0001647591056,00	 0000000000000,00	 0000000000000,00
190000504	 0000000000000,00	 0000000000000,00	 0000000000000,00	 0000000000000,00
190000505	 0000000000000,00	 0000000000000,00	 0000000000000,00	 0000000000000,00
190000509	 0059543048644,00	 0000000000000,00	 0000000000000,00	 0000000000000,00
190000600	 0000000000000,00	 0000000000000,00	 0000000000000,00	 0000000000000,00
190000700	 0000000000000,00	 0000000000000,00	 0000000000000,00	 0000000000000,00
190000701	 0000000000000,00	 0000000000000,00	 0000000000000,00	 0000000000000,00
190000702	 0000000000000,00	 0000000000000,00	 0000000000000,00	 0000000000000,00
190000800	 0057044683412,00	 0000000000000,00	 0000000000000,00	 0000000000000,00
190000900	 0150984017197,00	 0000000000000,00	 0000000000000,00	 0000000000000,00
190001000	 0166127313249,00	 0000000000000,00	 0000000000000,00	 0000000000000,00
190001100	 0000278904560,00	 0000000000000,00	 0000000000000,00	 0000000000000,00
190001200	 0000000000000,00	 0000000000000,00	 0000000000000,00	 0000000000000,00
190001300	 0000982485588,00	 0000000000000,00	 0000000000000,00	 0000000000000,00
190001400	 0004283713133,00	 0000000000000,00	 0000000000000,00	 0000000000000,00
190001500	 0008901893881,00	 0000000000000,00	 0000000000000,00	 0003289565379,00
190002900	 0089767870530,00	 0000963389820,00	 0000011397116,00	 0017270917418,00
192500100	-0002966412580,00	 0000000000000,00	 0000000000000,00	 0000000000000,00
192500101	-0002270279579,00	 0000000000000,00	 0000000000000,00	 0000000000000,00
192500102	 0000000000000,00	 0000000000000,00	 0000000000000,00	 0000000000000,00
192500103	-0000696133001,00	 0000000000000,00	 0000000000000,00	 0000000000000,00
195000000	 0050871810375,00	 0000000000000,00	 0000000000000,00	 0000000000000,00
195000100	 0048197054901,00	 0000000000000,00	 0000000000000,00	 0000000000000,00
195000101	 0021130385369,00	 0000000000000,00	 0000000000000,00	 0000000000000,00
195000102	 0028704642656,00	 0000000000000,00	 0000000000000,00	 0000000000000,00
195000103	-0001637973124,00	 0000000000000,00	 0000000000000,00	 0000000000000,00
195000200	 0002674755474,00	 0000000000000,00	 0000000000000,00	 0000000000000,00
195000201	 0000000000000,00	 0000000000000,00	 0000000000000,00	 0000000000000,00
195000202	 0000000000000,00	 0000000000000,00	 0000000000000,00	 0000000000000,00
195000203	 0000000000000,00	 0000000000000,00	 0000000000000,00	 0000000000000,00
195000204	 0002674755474,00	 0000000000000,00	 0000000000000,00	 0000000000000,00
195000219	 0000000000000,00	 0000000000000,00	 0000000000000,00	 0000000000000,00
195000300	 0000000000000,00	 0000000000000,00	 0000000000000,00	 0000000000000,00
200000000	 43257459752298,00	 7247939082582,00	 0000065681827,00	 15973439656311,00
207000000	 0455280144276,00	 0000000000000,00	 0000000000000,00	 0544370990501,00
207000100	 0000000000000,00	 0000000000000,00	 0000000000000,00	 0000000000000,00
207000101	 0000000000000,00	 0000000000000,00	 0000000000000,00	 0000000000000,00
207000102	 0000000000000,00	 0000000000000,00	 0000000000000,00	 0000000000000,00
207000200	 0000000000000,00	 0000000000000,00	 0000000000000,00	 0000000000000,00
207000300	 0455280144276,00	 0000000000000,00	 0000000000000,00	 0544370990501,00
207000301	 0395946039665,00	 0000000000000,00	 0000000000000,00	 0000000000000,00
207000309	 0000000000000,00	 0000000000000,00	 0000000000000,00	 0509646067212,00
207000311	 0058426115676,00	 0000000000000,00	 0000000000000,00	 0000000000000,00
207000319	 0000907988935,00	 0000000000000,00	 0000000000000,00	 0034724923289,00
210000000	 12277474423170,00	 0000000000000,00	 0000000000000,00	 0000000000000,00
211000100	 12277474423170,00	 0000000000000,00	 0000000000000,00	 0000000000000,00
211000101	 1509946445666,00	 0000000000000,00	 0000000000000,00	 0000000000000,00
211000102	 10764581028720,00	 0000000000000,00	 0000000000000,00	 0000000000000,00
211000103	 0000211696742,00	 0000000000000,00	 0000000000000,00	 0000000000000,00
211000104	 0002457835263,00	 0000000000000,00	 0000000000000,00	 0000000000000,00
211000105	 0000000000000,00	 0000000000000,00	 0000000000000,00	 0000000000000,00
211000190	 0000277416779,00	 0000000000000,00	 0000000000000,00	 0000000000000,00
213000100	 0000000000000,00	 0000000000000,00	 0000000000000,00	 0000000000000,00
213000101	 0000000000000,00	 0000000000000,00	 0000000000000,00	 0000000000000,00
213000102	 0000000000000,00	 0000000000000,00	 0000000000000,00	 0000000000000,00
213000103	 0000000000000,00	 0000000000000,00	 0000000000000,00	 0000000000000,00
213000109	 0000000000000,00	 0000000000000,00	 0000000000000,00	 0000000000000,00
218000000	 0000000000000,00	 0000000000000,00	 0000000000000,00	 0000000000000,00
218000001	 0000000000000,00	 0000000000000,00	 0000000000000,00	 0000000000000,00
218000002	 0000000000000,00	 0000000000000,00	 0000000000000,00	 0000000000000,00
218000003	 0000000000000,00	 0000000000000,00	 0000000000000,00	 0000000000000,00
218000009	 0000000000000,00	 0000000000000,00	 0000000000000,00	 0000000000000,00
230000000	 1581871420155,00	 0000000000000,00	 0000000000000,00	 0000000000000,00
230000100	 1581871420155,00	 0000000000000,00	 0000000000000,00	 0000000000000,00
230000101	 0008359809297,00	 0000000000000,00	 0000000000000,00	 0000000000000,00
230000102	 1573511610858,00	 0000000000000,00	 0000000000000,00	 0000000000000,00
230000103	 0000000000000,00	 0000000000000,00	 0000000000000,00	 0000000000000,00
230000104	 0000000000000,00	 0000000000000,00	 0000000000000,00	 0000000000000,00
230000105	 0000000000000,00	 0000000000000,00	 0000000000000,00	 0000000000000,00
230000190	 0000000000000,00	 0000000000000,00	 0000000000000,00	 0000000000000,00
240000000	 27703606438416,00	 5481717202796,00	 0000000013494,00	 13163048001499,00
241000000	 11300947152557,00	 0417345542976,00	 0000000013494,00	 2362011073823,00
241000100	 9206053837903,00	 0000000000000,00	 0000000000000,00	 1988841846550,00
241000101	 0002450033583,00	 0000000000000,00	 0000000000000,00	 0001007694183,00
241000102	 0003215307920,00	 0000000000000,00	 0000000000000,00	 0000000000000,00
241000103	 6006253114859,00	 0000000000000,00	 0000000000000,00	 1671772321693,00
241000104	 3194135381541,00	 0000000000000,00	 0000000000000,00	 0316061830674,00
241000200	 0486239524809,00	 0000000000000,00	 0000000000000,00	 0000000000000,00
241000201	 0015210449341,00	 0000000000000,00	 0000000000000,00	 0000000000000,00
241000202	 0471029075468,00	 0000000000000,00	 0000000000000,00	 0000000000000,00
241000300	 0383273892620,00	 0000000000000,00	 0000000000000,00	 0000000000000,00
241000301	 0383273892620,00	 0000000000000,00	 0000000000000,00	 0000000000000,00
241000400	 0000175959284,00	 0000000000000,00	 0000000000000,00	 0000000000000,00
241000401	 0000175959284,00	 0000000000000,00	 0000000000000,00	 0000000000000,00
241000402	 0000000000000,00	 0000000000000,00	 0000000000000,00	 0000000000000,00
241000500	 1225203937941,00	 0417345542976,00	 0000000013494,00	 0373169227273,00
241000501	 0000000000000,00	 0000000000000,00	 0000000000000,00	 0000000000000,00
241000502	 0000000000000,00	 0000000000000,00	 0000000000000,00	 0000000000000,00
241000503	 0000000000000,00	 0000000000000,00	 0000000000000,00	 0000000000000,00
241000504	 0000000000000,00	 0000000000000,00	 0000000000000,00	 0000000000000,00
241000505	 0058902810725,00	 0087276688497,00	 0000000013494,00	 0016258990524,00
241000506	 0500480184851,00	 0000000000000,00	 0000000000000,00	 0192597928392,00
241000507	 0000000000000,00	 0000000000000,00	 0000000000000,00	 0016909395942,00
241000508	 0000000000000,00	 0000000000000,00	 0000000000000,00	 0000000000000,00
241000509	 0015692107946,00	 0000000000000,00	 0000000000000,00	 0000000000000,00
241000510	 0044023291271,00	 0000000000000,00	 0000000000000,00	 0002541825108,00
241000511	 0059790644760,00	 0000000000000,00	 0000000000000,00	 0012946706511,00
241000512	 0000000000000,00	 0000000000000,00	 0000000000000,00	 0000000000000,00
241000513	 0000000000000,00	 0000000000000,00	 0000000000000,00	 0000000000000,00
241000590	 0546314898388,00	 0330068854479,00	 0000000000000,00	 0131914380796,00
242000000	 11604586925502,00	 0984148781720,00	 0000000000000,00	 3694877972555,00
242000100	 11573213939588,00	 0811553016162,00	 0000000000000,00	 3694722272087,00
242000200	 0028794212614,00	 0167983958353,00	 0000000000000,00	 0000000000000,00
242000201	 0000000000000,00	 0104906964546,00	 0000000000000,00	 0000000000000,00
242000202	 0028794212614,00	 0063076993807,00	 0000000000000,00	 0000000000000,00
242000300	 0002578773300,00	 0004611807205,00	 0000000000000,00	 0000155700468,00
242000301	 0002578773300,00	 0004611807205,00	 0000000000000,00	 0000155700468,00
242000302	 0000000000000,00	 0000000000000,00	 0000000000000,00	 0000000000000,00
242000390	 0000000000000,00	 0000000000000,00	 0000000000000,00	 0000000000000,00
243000000	 0587591857839,00	 0000000000000,00	 0000000000000,00	 0219646914647,00
243000100	 0000000000000,00	 0000000000000,00	 0000000000000,00	 0000000000000,00
243000101	 0000000000000,00	 0000000000000,00	 0000000000000,00	 0000000000000,00
243000102	 0000000000000,00	 0000000000000,00	 0000000000000,00	 0000000000000,00
243000103	 0000000000000,00	 0000000000000,00	 0000000000000,00	 0000000000000,00
243000200	 0000000000000,00	 0000000000000,00	 0000000000000,00	 0199736487055,00
243000201	 0000000000000,00	 0000000000000,00	 0000000000000,00	 0199736487055,00
243000202	 0000000000000,00	 0000000000000,00	 0000000000000,00	 0000000000000,00
243000203	 0000000000000,00	 0000000000000,00	 0000000000000,00	 0000000000000,00
243000300	 0587591857839,00	 0000000000000,00	 0000000000000,00	 0019910427592,00
243000301	 0587591857839,00	 0000000000000,00	 0000000000000,00	 0019910427592,00
243000302	 0000000000000,00	 0000000000000,00	 0000000000000,00	 0000000000000,00
243000400	 0000000000000,00	 0000000000000,00	 0000000000000,00	 0000000000000,00
243000401	 0000000000000,00	 0000000000000,00	 0000000000000,00	 0000000000000,00
243000402	 0000000000000,00	 0000000000000,00	 0000000000000,00	 0000000000000,00
244000000	 3175631747339,00	 0000000000000,00	 0000000000000,00	 3392792647731,00
244250000	 0339049997691,00	 0000000000000,00	 0000000000000,00	 0000000000000,00
244250100	 0000000000000,00	 0000000000000,00	 0000000000000,00	 0000000000000,00
244250101	 0000000000000,00	 0000000000000,00	 0000000000000,00	 0000000000000,00
244250102	 0000000000000,00	 0000000000000,00	 0000000000000,00	 0000000000000,00
244250103	 0000000000000,00	 0000000000000,00	 0000000000000,00	 0000000000000,00
244250200	 0339049997691,00	 0000000000000,00	 0000000000000,00	 0000000000000,00
244250201	 0000000000000,00	 0000000000000,00	 0000000000000,00	 0000000000000,00
244250202	 0339049997691,00	 0000000000000,00	 0000000000000,00	 0000000000000,00
244250203	 0000000000000,00	 0000000000000,00	 0000000000000,00	 0000000000000,00
244250204	 0000000000000,00	 0000000000000,00	 0000000000000,00	 0000000000000,00
244250209	 0000000000000,00	 0000000000000,00	 0000000000000,00	 0000000000000,00
244500000	 0000000000000,00	 0000000000000,00	 0000000000000,00	 3392792647731,00
244500100	 0000000000000,00	 0000000000000,00	 0000000000000,00	 1934623459148,00
244500101	 0000000000000,00	 0000000000000,00	 0000000000000,00	 1897150882961,00
244500102	 0000000000000,00	 0000000000000,00	 0000000000000,00	 0037472576187,00
244500103	 0000000000000,00	 0000000000000,00	 0000000000000,00	 0000000000000,00
244500200	 0000000000000,00	 0000000000000,00	 0000000000000,00	 1458169188583,00
244500201	 0000000000000,00	 0000000000000,00	 0000000000000,00	 1428270697160,00
244500202	 0000000000000,00	 0000000000000,00	 0000000000000,00	 0000000000000,00
244500203	 0000000000000,00	 0000000000000,00	 0000000000000,00	 0029898491423,00
244500204	 0000000000000,00	 0000000000000,00	 0000000000000,00	 0000000000000,00
244500209	 0000000000000,00	 0000000000000,00	 0000000000000,00	 0000000000000,00
244700000	 2836581749648,00	 0000000000000,00	 0000000000000,00	 0000000000000,00
244700100	 2836581749648,00	 0000000000000,00	 0000000000000,00	 0000000000000,00
244700200	 0000000000000,00	 0000000000000,00	 0000000000000,00	 0000000000000,00
244900000	 0000000000000,00	 0000000000000,00	 0000000000000,00	 0000000000000,00
244900100	 0000000000000,00	 0000000000000,00	 0000000000000,00	 0000000000000,00
244900200	 0000000000000,00	 0000000000000,00	 0000000000000,00	 0000000000000,00
245000000	 0718549429632,00	 4080222878100,00	 0000000000000,00	 3493719389853,00
245000100	 0000000000000,00	 0000578228292,00	 0000000000000,00	 0000000000000,00
245000101	 0000000000000,00	 0000184290939,00	 0000000000000,00	 0000000000000,00
245000102	 0000000000000,00	 0000393937353,00	 0000000000000,00	 0000000000000,00
245000200	 0718549429632,00	 4079644649808,00	 0000000000000,00	 3493719389853,00
245000201	 0718549429632,00	 4010353697540,00	 0000000000000,00	 3493719389853,00
245000203	 0000000000000,00	 0069290952268,00	 0000000000000,00	 0000000000000,00
246000000	 0316299325547,00	 0000000000000,00	 0000000000000,00	 0000000002890,00
246000100	 0000000000000,00	 0000000000000,00	 0000000000000,00	 0000000000000,00
246000101	 0000000000000,00	 0000000000000,00	 0000000000000,00	 0000000000000,00
246000102	 0000000000000,00	 0000000000000,00	 0000000000000,00	 0000000000000,00
246000200	 0316299325547,00	 0000000000000,00	 0000000000000,00	 0000000000000,00
246000201	 0000000000000,00	 0000000000000,00	 0000000000000,00	 0000000000000,00
246000202	 0000000000000,00	 0000000000000,00	 0000000000000,00	 0000000000000,00
246000203	 0000000000000,00	 0000000000000,00	 0000000000000,00	 0000000000000,00
246000204	 0174747016234,00	 0000000000000,00	 0000000000000,00	 0000000000000,00
246000205	 0000000000000,00	 0000000000000,00	 0000000000000,00	 0000000000000,00
246000206	 0000000000000,00	 0000000000000,00	 0000000000000,00	 0000000000000,00
246000207	 0000000000000,00	 0000000000000,00	 0000000000000,00	 0000000000000,00
246000208	 0000000000000,00	 0000000000000,00	 0000000000000,00	 0000000000000,00
246000290	 0141552309313,00	 0000000000000,00	 0000000000000,00	 0000000000000,00
246000300	 0000000000000,00	 0000000000000,00	 0000000000000,00	 0000000002890,00
246000301	 0000000000000,00	 0000000000000,00	 0000000000000,00	 0000000000000,00
246000302	 0000000000000,00	 0000000000000,00	 0000000000000,00	 0000000002890,00
246000303	 0000000000000,00	 0000000000000,00	 0000000000000,00	 0000000000000,00
246000304	 0000000000000,00	 0000000000000,00	 0000000000000,00	 0000000000000,00
246000305	 0000000000000,00	 0000000000000,00	 0000000000000,00	 0000000000000,00
246000390	 0000000000000,00	 0000000000000,00	 0000000000000,00	 0000000000000,00
250000000	 0000000000000,00	 0089724752168,00	 0000000000000,00	 0000000000000,00
255000000	 0000000000000,00	 1653759014698,00	 0000000000000,00	 0857154141469,00
255000100	 0000000000000,00	 1653759014698,00	 0000000000000,00	 0190664862063,00
255000101	 0000000000000,00	 0000000000000,00	 0000000000000,00	 0000000000000,00
255000102	 0000000000000,00	 1653759014698,00	 0000000000000,00	 0190664862063,00
255000200	 0000000000000,00	 0000000000000,00	 0000000000000,00	 0666489279406,00
255000300	 0000000000000,00	 0000000000000,00	 0000000000000,00	 0000000000000,00
260000000	 0079904086548,00	 0000000000000,00	 0000000000000,00	 0000000000000,00
260000100	 0041932938670,00	 0000000000000,00	 0000000000000,00	 0000000000000,00
260000101	 0041691711974,00	 0000000000000,00	 0000000000000,00	 0000000000000,00
260000102	 0000000000000,00	 0000000000000,00	 0000000000000,00	 0000000000000,00
260000103	 0000033083333,00	 0000000000000,00	 0000000000000,00	 0000000000000,00
260000104	 0000124522462,00	 0000000000000,00	 0000000000000,00	 0000000000000,00
260000105	 0000000000000,00	 0000000000000,00	 0000000000000,00	 0000000000000,00
260000106	 0000000000000,00	 0000000000000,00	 0000000000000,00	 0000000000000,00
260000107	 0000000000000,00	 0000000000000,00	 0000000000000,00	 0000000000000,00
260000109	 0000083620901,00	 0000000000000,00	 0000000000000,00	 0000000000000,00
260000200	 0000000000000,00	 0000000000000,00	 0000000000000,00	 0000000000000,00
260000300	 0004641012969,00	 0000000000000,00	 0000000000000,00	 0000000000000,00
260000400	 0004970922198,00	 0000000000000,00	 0000000000000,00	 0000000000000,00
260000500	 0000038280585,00	 0000000000000,00	 0000000000000,00	 0000000000000,00
260000600	 0004088998683,00	 0000000000000,00	 0000000000000,00	 0000000000000,00
260000900	 0024231933443,00	 0000000000000,00	 0000000000000,00	 0000000000000,00
265000000	 0057340109419,00	 0000000000000,00	 0000000000000,00	 0000344185817,00
265000100	 0057340109419,00	 0000000000000,00	 0000000000000,00	 0000000000000,00
265000101	 0057340109419,00	 0000000000000,00	 0000000000000,00	 0000000000000,00
265000102	 0000000000000,00	 0000000000000,00	 0000000000000,00	 0000000000000,00
265000200	 0000000000000,00	 0000000000000,00	 0000000000000,00	 0000344185817,00
265000300	 0000000000000,00	 0000000000000,00	 0000000000000,00	 0000000000000,00
270000000	 0329988468711,00	 0000000000000,00	 0000000000000,00	 0014343856272,00
271000000	 0030902603039,00	 0000000000000,00	 0000000000000,00	 0014343856272,00
271000100	 0000161390951,00	 0000000000000,00	 0000000000000,00	 0005308775810,00
271000200	 0000000000000,00	 0000000000000,00	 0000000000000,00	 0000666857659,00
271000400	 0019693989924,00	 0000000000000,00	 0000000000000,00	 0003224961641,00
271000500	 0000000000000,00	 0000000000000,00	 0000000000000,00	 0000000000000,00
271000501	 0000000000000,00	 0000000000000,00	 0000000000000,00	 0000000000000,00
271000502	 0000000000000,00	 0000000000000,00	 0000000000000,00	 0000000000000,00
271000503	 0000000000000,00	 0000000000000,00	 0000000000000,00	 0000000000000,00
271000504	 0000000000000,00	 0000000000000,00	 0000000000000,00	 0000000000000,00
271000505	 0000000000000,00	 0000000000000,00	 0000000000000,00	 0000000000000,00
271000600	 0001708036651,00	 0000000000000,00	 0000000000000,00	 0000000000000,00
271000601	 0000002241740,00	 0000000000000,00	 0000000000000,00	 0000000000000,00
271000602	 0001705794911,00	 0000000000000,00	 0000000000000,00	 0000000000000,00
271000700	 0009339185513,00	 0000000000000,00	 0000000000000,00	 0005143261162,00
271000701	 0001790001965,00	 0000000000000,00	 0000000000000,00	 0000039811192,00
271000702	 0001188741728,00	 0000000000000,00	 0000000000000,00	 0000921177965,00
271000703	 0000672814604,00	 0000000000000,00	 0000000000000,00	 0000000004283,00
271000704	 0005687627216,00	 0000000000000,00	 0000000000000,00	 0004182267722,00
271000705	 0000000000000,00	 0000000000000,00	 0000000000000,00	 0000000000000,00
271000800	 0000000000000,00	 0000000000000,00	 0000000000000,00	 0000000000000,00
271000900	 0000000000000,00	 0000000000000,00	 0000000000000,00	 0000000000000,00
272000000	 0000085865672,00	 0000000000000,00	 0000000000000,00	 0000000000000,00
273000000	 0000000000000,00	 0000000000000,00	 0000000000000,00	 0000000000000,00
274000000	 0293000000000,00	 0000000000000,00	 0000000000000,00	 0000000000000,00
274000100	 0122000000000,00	 0000000000000,00	 0000000000000,00	 0000000000000,00
274000200	 0017000000000,00	 0000000000000,00	 0000000000000,00	 0000000000000,00
274000300	 0154000000000,00	 0000000000000,00	 0000000000000,00	 0000000000000,00
275000000	 0000000000000,00	 0000000000000,00	 0000000000000,00	 0000000000000,00
275000100	 0000000000000,00	 0000000000000,00	 0000000000000,00	 0000000000000,00
275000200	 0000000000000,00	 0000000000000,00	 0000000000000,00	 0000000000000,00
275000300	 0000000000000,00	 0000000000000,00	 0000000000000,00	 0000000000000,00
275000400	 0000000000000,00	 0000000000000,00	 0000000000000,00	 0000000000000,00
275000500	 0000000000000,00	 0000000000000,00	 0000000000000,00	 0000000000000,00
275000600	 0000000000000,00	 0000000000000,00	 0000000000000,00	 0000000000000,00
279000000	 0006000000000,00	 0000000000000,00	 0000000000000,00	 0000000000000,00
279000100	 0006000000000,00	 0000000000000,00	 0000000000000,00	 0000000000000,00
279000200	 0000000000000,00	 0000000000000,00	 0000000000000,00	 0000000000000,00
279000300	 0000000000000,00	 0000000000000,00	 0000000000000,00	 0000000000000,00
280000000	 0025820569985,00	 0000000000000,00	 0000000000000,00	 0000000000000,00
285000000	 0001153575701,00	 0000000000000,00	 0000000000000,00	 0000000000000,00
290000000	 0745020515917,00	 0022738112920,00	 0000065668333,00	 1394178480753,00
290000100	 0118536706767,00	 0000000000000,00	 0000000000000,00	 1337628463283,00
290000101	 0000000000000,00	 0000000000000,00	 0000000000000,00	 0000000000000,00
290000102	 0000000000000,00	 0000000000000,00	 0000000000000,00	 0332009724771,00
290000103	 0118536706767,00	 0000000000000,00	 0000000000000,00	 0000000000000,00
290000104	 0000000000000,00	 0000000000000,00	 0000000000000,00	 1005618738512,00
290000200	 0079164069065,00	 0000000000000,00	 0000000000000,00	 0000000000000,00
290000201	 0073471467162,00	 0000000000000,00	 0000000000000,00	 0000000000000,00
290000202	 0001095978760,00	 0000000000000,00	 0000000000000,00	 0000000000000,00
290000203	 0004596623143,00	 0000000000000,00	 0000000000000,00	 0000000000000,00
290000300	 0325054966763,00	 0022738112920,00	 0000065668333,00	 0044972481852,00
290000301	 0006625285541,00	 0000000000000,00	 0000000000000,00	 0000000000000,00
290000302	 0006099267954,00	 0000000000000,00	 0000000000000,00	 0000000000000,00
290000303	 0000000000000,00	 0000000000000,00	 0000000000000,00	 0000000000000,00
290000304	 0000000000000,00	 0000000000000,00	 0000000000000,00	 0000000000000,00
290000305	 0010174804846,00	 0000000000000,00	 0000000000000,00	 0000000000000,00
290000306	 0000005946189,00	 0000000000000,00	 0000000000000,00	 0000000000000,00
290000307	 0000025355998,00	 0000000000000,00	 0000000000000,00	 0000000000000,00
290000308	 0119512632581,00	 0011763706433,00	 0000000000000,00	 0012947073165,00
290000309	 0000021292968,00	 0000000000000,00	 0000065668333,00	 0000000000000,00
290000390	 0182590380686,00	 0010974406487,00	 0000000000000,00	 0032025408687,00
290000400	 0000000000000,00	 0000000000000,00	 0000000000000,00	 0000000000000,00
290000500	 0000000000000,00	 0000000000000,00	 0000000000000,00	 0000000000000,00
290000501	 0000000000000,00	 0000000000000,00	 0000000000000,00	 0000000000000,00
290000502	 0000000000000,00	 0000000000000,00	 0000000000000,00	 0000000000000,00
290000700	 0082575779973,00	 0000000000000,00	 0000000000000,00	 0000000000000,00
290000800	 0002501253375,00	 0000000000000,00	 0000000000000,00	 0000000000000,00
290000801	 0000000000000,00	 0000000000000,00	 0000000000000,00	 0000000000000,00
290000802	 0001774376141,00	 0000000000000,00	 0000000000000,00	 0000000000000,00
290000803	 0000000000000,00	 0000000000000,00	 0000000000000,00	 0000000000000,00
290000809	 0000726877234,00	 0000000000000,00	 0000000000000,00	 0000000000000,00
290000900	 0041521915029,00	 0000000000000,00	 0000000000000,00	 0000000000000,00
290001000	 0000000000000,00	 0000000000000,00	 0000000000000,00	 0000000000000,00
290001100	 0006387077120,00	 0000000000000,00	 0000000000000,00	 0005936354674,00
290001200	 0089278747825,00	 0000000000000,00	 0000000000000,00	 0005641180944,00
295000000	 0000000000000,00	 0000000000000,00	 0000000000000,00	 0000000000000,00
300000000	 4326463819928,00	 0000000000000,00	 0000000000000,00	-0000344185817,00
310000000	 0891302881691,00	 0000000000000,00	 0000000000000,00	 0000000000000,00
311000000	 0891302881691,00	 0000000000000,00	 0000000000000,00	 0000000000000,00
311000100	 0891302881691,00	 0000000000000,00	 0000000000000,00	 0000000000000,00
311000200	 0000000000000,00	 0000000000000,00	 0000000000000,00	 0000000000000,00
311000300	 0000000000000,00	 0000000000000,00	 0000000000000,00	 0000000000000,00
311000400	 0000000000000,00	 0000000000000,00	 0000000000000,00	 0000000000000,00
311000500	 0000000000000,00	 0000000000000,00	 0000000000000,00	 0000000000000,00
311000600	 0000000000000,00	 0000000000000,00	 0000000000000,00	 0000000000000,00
312000000	 0000000000000,00	 0000000000000,00	 0000000000000,00	 0000000000000,00
313000000	 0000000000000,00	 0000000000000,00	 0000000000000,00	 0000000000000,00
320000000	 3232505410858,00	 0000000000000,00	 0000000000000,00	 0000000000000,00
320000100	 0021783090764,00	 0000000000000,00	 0000000000000,00	 0000000000000,00
320000200	 3210722320094,00	 0000000000000,00	 0000000000000,00	 0000000000000,00
320000300	 0000000000000,00	 0000000000000,00	 0000000000000,00	 0000000000000,00
320000400	 0000000000000,00	 0000000000000,00	 0000000000000,00	 0000000000000,00
330000000	-0100105047397,00	 0000000000000,00	 0000000000000,00	 0000000000000,00
331000000	 0001285817640,00	 0000000000000,00	 0000000000000,00	 0000000000000,00
331000100	 0000000000000,00	 0000000000000,00	 0000000000000,00	 0000000000000,00
331000200	 0001285817640,00	 0000000000000,00	 0000000000000,00	 0000000000000,00
331000201	 0001285817640,00	 0000000000000,00	 0000000000000,00	 0000000000000,00
331000202	 0000000000000,00	 0000000000000,00	 0000000000000,00	 0000000000000,00
331000203	 0000000000000,00	 0000000000000,00	 0000000000000,00	 0000000000000,00
331000209	 0000000000000,00	 0000000000000,00	 0000000000000,00	 0000000000000,00
331000300	 0000000000000,00	 0000000000000,00	 0000000000000,00	 0000000000000,00
331000400	 0000000000000,00	 0000000000000,00	 0000000000000,00	 0000000000000,00
331000500	 0000000000000,00	 0000000000000,00	 0000000000000,00	 0000000000000,00
331000900	 0000000000000,00	 0000000000000,00	 0000000000000,00	 0000000000000,00
332000000	-0101390865037,00	 0000000000000,00	 0000000000000,00	 0000000000000,00
332000100	-0078351629219,00	 0000000000000,00	 0000000000000,00	 0000000000000,00
332000200	 0000000000000,00	 0000000000000,00	 0000000000000,00	 0000000000000,00
332000300	 0000000000000,00	 0000000000000,00	 0000000000000,00	 0000000000000,00
332000400	-0022809153829,00	 0000000000000,00	 0000000000000,00	 0000000000000,00
332000500	 0000000000000,00	 0000000000000,00	 0000000000000,00	 0000000000000,00
332000600	-0000230081989,00	 0000000000000,00	 0000000000000,00	 0000000000000,00
332000700	 0000000000000,00	 0000000000000,00	 0000000000000,00	 0000000000000,00
332000900	 0000000000000,00	 0000000000000,00	 0000000000000,00	 0000000000000,00
340000000	 0039678961389,00	 0000000000000,00	 0000000000000,00	 0000000000000,00
340000100	 0039678961389,00	 0000000000000,00	 0000000000000,00	 0000000000000,00
340000200	 0000000000000,00	 0000000000000,00	 0000000000000,00	 0000000000000,00
350000000	 0191133696183,00	 0000000000000,00	 0000000000000,00	 0000000000000,00
360000000	-0057340109419,00	 0000000000000,00	 0000000000000,00	-0000344185817,00
360000100	-0057340109419,00	 0000000000000,00	 0000000000000,00	 0000000000000,00
360000101	-0057340109419,00	 0000000000000,00	 0000000000000,00	 0000000000000,00
360000102	 0000000000000,00	 0000000000000,00	 0000000000000,00	 0000000000000,00
360000200	 0000000000000,00	 0000000000000,00	 0000000000000,00	-0000344185817,00
360000300	 0000000000000,00	 0000000000000,00	 0000000000000,00	 0000000000000,00
365000000	 0000000000000,00	 0000000000000,00	 0000000000000,00	 0000000000000,00
380000000	 4197175793305,00	 0000000000000,00	 0000000000000,00	-0000344185817,00
390000000	 0129288026623,00	 0000000000000,00	 0000000000000,00	 0000000000000,00
500000000	 13389001409058,00	 23929758153243,00	 0000061530465,00	 4097544496247,00
505000000	 13292191969961,00	 23918788635973,00	 0000061530465,00	 4097544496247,00
510000000	 47583923572226,00	 7247939082582,00	 0000065681827,00	 15973095470494,00
