039	ITAÚ CORPBANCA
1000000	 0000010491132,00	 0000008046779,00	 0000000024635,00	 0000011044295,00
1100000	 0000000478258,00	 0000000000000,00	 0000000000000,00	 0000001065546,00
1100100	 0000000168421,00	 0000000000000,00	 0000000000000,00	 0000000072527,00
1100200	 0000000307063,00	 0000000000000,00	 0000000000000,00	 0000000046750,00
1100300	 0000000002774,00	 0000000000000,00	 0000000000000,00	 0000000000186,00
1100400	 0000000000000,00	 0000000000000,00	 0000000000000,00	 0000000946083,00
1130000	 0000000124977,00	 0000000000000,00	 0000000000000,00	 0000000162439,00
1130100	 0000000042702,00	 0000000000000,00	 0000000000000,00	 0000000005419,00
1130200	 0000000082275,00	 0000000000000,00	 0000000000000,00	 0000000157020,00
1150000	 0000000069243,00	 0000000020055,00	 0000000000000,00	 0000000542871,00
1150100	 0000000035644,00	 0000000020055,00	 0000000000000,00	 0000000000000,00
1150200	 0000000001140,00	 0000000000000,00	 0000000000000,00	 0000000000000,00
1150300	 0000000000000,00	 0000000000000,00	 0000000000000,00	 0000000535207,00
1150400	 0000000032459,00	 0000000000000,00	 0000000000000,00	 0000000007664,00
1160000	 0000000057662,00	 0000000000000,00	 0000000000000,00	 0000000186396,00
1160100	 0000000000000,00	 0000000000000,00	 0000000000000,00	 0000000000000,00
1160200	 0000000057662,00	 0000000000000,00	 0000000000000,00	 0000000186396,00
1250000	 0000001094224,00	 0000000062392,00	 0000000000000,00	 0000000198028,00
1250100	 0000001034789,00	 0000000062392,00	 0000000000000,00	 0000000196353,00
1250200	 0000000059435,00	 0000000000000,00	 0000000000000,00	 0000000001675,00
1270000	-0000000000014,00	 0000000000000,00	 0000000000000,00	 0000000113615,00
1270100	 0000000000000,00	 0000000000000,00	 0000000000000,00	 0000000000000,00
1270112	 0000000000000,00	 0000000000000,00	 0000000000000,00	 0000000000000,00
1270113	 0000000000000,00	 0000000000000,00	 0000000000000,00	 0000000000000,00
1270116	 0000000000000,00	 0000000000000,00	 0000000000000,00	 0000000000000,00
1270117	 0000000000000,00	 0000000000000,00	 0000000000000,00	 0000000000000,00
1270118	 0000000000000,00	 0000000000000,00	 0000000000000,00	 0000000000000,00
1270190	 0000000000000,00	 0000000000000,00	 0000000000000,00	 0000000000000,00
1270200	-0000000000014,00	 0000000000000,00	 0000000000000,00	 0000000113615,00
1270202	 0000000000000,00	 0000000000000,00	 0000000000000,00	 0000000035908,00
1270203	 0000000000000,00	 0000000000000,00	 0000000000000,00	 0000000045366,00
1270206	 0000000000000,00	 0000000000000,00	 0000000000000,00	 0000000000000,00
1270207	 0000000000000,00	 0000000000000,00	 0000000000000,00	 0000000000000,00
1270208	 0000000000000,00	 0000000000000,00	 0000000000000,00	 0000000000000,00
1270290	-0000000000014,00	 0000000000000,00	 0000000000000,00	-0000000000153,00
1270300	 0000000000000,00	 0000000000000,00	 0000000000000,00	 0000000000000,00
1300000	 0000005743715,00	 0000007556464,00	 0000000014344,00	 0000007283867,00
1302000	 0000004731925,00	 0000004230549,00	 0000000014344,00	 0000005974189,00
1302100	 0000004238415,00	 0000003183535,00	 0000000000000,00	 0000004680426,00
1302101	 0000004238415,00	 0000002617026,00	 0000000000000,00	 0000001283050,00
1302102	 0000000000000,00	 0000000000000,00	 0000000000000,00	 0000003397376,00
1302170	 0000000000000,00	 0000000019597,00	 0000000000000,00	 0000000000000,00
1302180	 0000000000000,00	 0000000546912,00	 0000000000000,00	 0000000000000,00
1302200	 0000000093429,00	 0000000000003,00	 0000000000021,00	 0000000720754,00
1302201	 0000000000000,00	 0000000000000,00	 0000000000000,00	 0000000000000,00
1302202	 0000000075127,00	 0000000000000,00	 0000000000000,00	 0000000387443,00
1302241	 0000000009104,00	 0000000000003,00	 0000000000000,00	 0000000125950,00
1302242	 0000000009198,00	 0000000000000,00	 0000000000021,00	 0000000178796,00
1302281	 0000000000000,00	 0000000000000,00	 0000000000000,00	 0000000000000,00
1302282	 0000000000000,00	 0000000000000,00	 0000000000000,00	 0000000028565,00
1302300	 0000000134004,00	 0000000000000,00	 0000000000000,00	 0000000022083,00
1302500	 0000000065057,00	 0000000005615,00	 0000000000000,00	 0000000001099,00
1302600	 0000000000000,00	 0000000685682,00	 0000000000000,00	 0000000000000,00
1302601	 0000000000000,00	 0000000676050,00	 0000000000000,00	 0000000000000,00
1302602	 0000000000000,00	 0000000007043,00	 0000000000000,00	 0000000000000,00
1302604	 0000000000000,00	 0000000002589,00	 0000000000000,00	 0000000000000,00
1302800	 0000000191246,00	 0000000350285,00	 0000000013473,00	 0000000536226,00
1302900	 0000000009774,00	 0000000005429,00	 0000000000850,00	 0000000013601,00
1304000	 0000000001481,00	 0000003323405,00	 0000000000000,00	 0000000508185,00
1304100	 0000000000000,00	 0000000059545,00	 0000000000000,00	 0000000000000,00
1304101	 0000000000000,00	 0000000054784,00	 0000000000000,00	 0000000000000,00
1304102	 0000000000000,00	 0000000004761,00	 0000000000000,00	 0000000000000,00
1304200	 0000000000000,00	 0000000154811,00	 0000000000000,00	 0000000000000,00
1304400	 0000000000000,00	 0000000000000,00	 0000000000000,00	 0000000000000,00
1304500	 0000000001481,00	 0000003079337,00	 0000000000000,00	 0000000229321,00
1304600	 0000000000000,00	 0000000000000,00	 0000000000000,00	 0000000000000,00
1304800	 0000000000000,00	 0000000000034,00	 0000000000000,00	 0000000278864,00
1304900	 0000000000000,00	 0000000029678,00	 0000000000000,00	 0000000000000,00
1305000	 0000001291368,00	 0000000002510,00	 0000000000000,00	 0000001109013,00
1305100	 0000000857244,00	 0000000002081,00	 0000000000000,00	 0000000873614,00
1305300	 0000000172463,00	 0000000000000,00	 0000000000000,00	 0000000004009,00
1305400	 0000000261142,00	 0000000000000,00	 0000000000000,00	 0000000135221,00
1305800	 0000000000476,00	 0000000000429,00	 0000000000000,00	 0000000015707,00
1305900	 0000000000043,00	 0000000000000,00	 0000000000000,00	 0000000080462,00
1309000	-0000000281059,00	 0000000000000,00	 0000000000000,00	-0000000307520,00
1309100	-0000000199168,00	 0000000000000,00	 0000000000000,00	-0000000233417,00
1309200	-0000000019960,00	 0000000000000,00	 0000000000000,00	-0000000015966,00
1309300	-0000000061931,00	 0000000000000,00	 0000000000000,00	-0000000058137,00
1350000	 0000000821405,00	 0000000394182,00	 0000000010289,00	 0000000581536,00
1350100	 0000000584886,00	 0000000371960,00	 0000000000000,00	 0000000021356,00
1350200	 0000000236519,00	 0000000022222,00	 0000000010289,00	 0000000000176,00
1350300	 0000000000000,00	 0000000000000,00	 0000000000000,00	 0000000560004,00
1360000	 0000000000000,00	 0000000003565,00	 0000000000000,00	 0000000276308,00
1360100	 0000000000000,00	 0000000000000,00	 0000000000000,00	 0000000000000,00
1360200	 0000000000000,00	 0000000003565,00	 0000000000000,00	 0000000000000,00
1360300	 0000000000000,00	 0000000000000,00	 0000000000000,00	 0000000276308,00
1400000	 0000000012478,00	 0000000000000,00	 0000000000000,00	 0000000004370,00
1400100	 0000000000000,00	 0000000000000,00	 0000000000000,00	 0000000000000,00
1400101	 0000000000000,00	 0000000000000,00	 0000000000000,00	 0000000000000,00
1400103	 0000000000000,00	 0000000000000,00	 0000000000000,00	 0000000000000,00
1400200	 0000000012478,00	 0000000000000,00	 0000000000000,00	 0000000004370,00
1500000	 0000001364703,00	 0000000000000,00	 0000000000000,00	 0000000208064,00
1500100	 0000001105207,00	 0000000000000,00	 0000000000000,00	 0000000000000,00
1500200	 0000000259496,00	 0000000000000,00	 0000000000000,00	 0000000208064,00
1600000	 0000000076037,00	 0000000000000,00	 0000000000000,00	 0000000047287,00
1600100	 0000000050202,00	 0000000000000,00	 0000000000000,00	 0000000035801,00
1600200	 0000000025835,00	 0000000000000,00	 0000000000000,00	 0000000011486,00
1700000	 0000000108019,00	 0000000000000,00	 0000000000000,00	 0000000022221,00
1750000	 0000000208028,00	 0000000000000,00	 0000000000000,00	 0000000062511,00
1800000	 0000000332397,00	 0000000010121,00	 0000000000002,00	 0000000289236,00
1800100	 0000000001568,00	 0000000000000,00	 0000000000000,00	 0000000013262,00
1800200	 0000000002774,00	 0000000000000,00	 0000000000000,00	 0000000001034,00
1800900	 0000000328055,00	 0000000010121,00	 0000000000002,00	 0000000274940,00
2000000	 0000010009017,00	 0000005179383,00	 0000000006779,00	 0000010997625,00
2100000	 0000001775625,00	 0000000008270,00	 0000000000000,00	 0000002487215,00
2100100	 0000001416405,00	 0000000000000,00	 0000000000000,00	 0000001021901,00
2100109	 0000000902818,00	 0000000000000,00	 0000000000000,00	 0000000835538,00
2100110	 0000000513587,00	 0000000000000,00	 0000000000000,00	 0000000122636,00
2100200	 0000000151074,00	 0000000000000,00	 0000000000000,00	 0000001371976,00
2100300	 0000000208146,00	 0000000008270,00	 0000000000000,00	 0000000093338,00
2130000	 0000000172471,00	 0000000000000,00	 0000000000000,00	 0000000088353,00
2160000	 0000000039749,00	 0000000000000,00	 0000000000000,00	 0000000433093,00
2160100	 0000000000000,00	 0000000000000,00	 0000000000000,00	 0000000000000,00
2160200	 0000000039749,00	 0000000000000,00	 0000000000000,00	 0000000433093,00
2200000	 0000006456238,00	 0000001534412,00	 0000000006779,00	 0000003877250,00
2200100	 0000006455870,00	 0000001525809,00	 0000000006779,00	 0000003854569,00
2200200	 0000000000001,00	 0000000008577,00	 0000000000000,00	 0000000022681,00
2200900	 0000000000367,00	 0000000000026,00	 0000000000000,00	 0000000000000,00
2250000	 0000000909756,00	 0000000090398,00	 0000000000000,00	 0000000122603,00
2250100	 0000000833326,00	 0000000070142,00	 0000000000000,00	 0000000119049,00
2250200	 0000000076430,00	 0000000020256,00	 0000000000000,00	 0000000003554,00
2300000	-0000000000733,00	 0000000000000,00	 0000000000000,00	 0000002240995,00
2301000	 0000000000112,00	 0000000000000,00	 0000000000000,00	 0000000000000,00
2301001	 0000000000000,00	 0000000000000,00	 0000000000000,00	 0000000000000,00
2302000	-0000000000845,00	 0000000000000,00	 0000000000000,00	 0000002240995,00
2302100	 0000000000000,00	 0000000000000,00	 0000000000000,00	 0000000438749,00
2302200	-0000000000845,00	 0000000000000,00	 0000000000000,00	 0000001802246,00
2303000	 0000000000000,00	 0000000000000,00	 0000000000000,00	 0000000000000,00
2303100	 0000000000000,00	 0000000000000,00	 0000000000000,00	 0000000000000,00
2303900	 0000000000000,00	 0000000000000,00	 0000000000000,00	 0000000000000,00
2400000	 0000000244511,00	 0000003546303,00	 0000000000000,00	 0000001465806,00
2401000	 0000000000000,00	 0000000082246,00	 0000000000000,00	 0000000000000,00
2402000	 0000000244511,00	 0000003464057,00	 0000000000000,00	 0000001465806,00
2402100	 0000000244511,00	 0000002614658,00	 0000000000000,00	 0000001243514,00
2402200	 0000000000000,00	 0000000849399,00	 0000000000000,00	 0000000222292,00
2402300	 0000000000000,00	 0000000000000,00	 0000000000000,00	 0000000000000,00
2500000	 0000000019344,00	 0000000000000,00	 0000000000000,00	 0000000001705,00
2500100	 0000000000000,00	 0000000000000,00	 0000000000000,00	 0000000000000,00
2500200	 0000000019344,00	 0000000000000,00	 0000000000000,00	 0000000000000,00
2500300	 0000000000000,00	 0000000000000,00	 0000000000000,00	 0000000001705,00
2600000	 0000000000000,00	 0000000000000,00	 0000000000000,00	 0000000000000,00
2650000	 0000000121550,00	 0000000000000,00	 0000000000000,00	 0000000108092,00
2700000	 0000000098425,00	 0000000000000,00	 0000000000000,00	 0000000079849,00
2700100	 0000000035288,00	 0000000000000,00	 0000000000000,00	 0000000052714,00
2700200	 0000000025377,00	 0000000000000,00	 0000000000000,00	 0000000000000,00
2700300	 0000000013422,00	 0000000000000,00	 0000000000000,00	 0000000021995,00
2700400	 0000000024338,00	 0000000000000,00	 0000000000000,00	 0000000005140,00
2700401	 0000000002519,00	 0000000000000,00	 0000000000000,00	 0000000004148,00
2700402	 0000000000000,00	 0000000000000,00	 0000000000000,00	 0000000000000,00
2700411	 0000000000000,00	 0000000000000,00	 0000000000000,00	 0000000000000,00
2700412	 0000000000000,00	 0000000000000,00	 0000000000000,00	 0000000000000,00
2700413	 0000000000000,00	 0000000000000,00	 0000000000000,00	 0000000000000,00
2700421	 0000000000000,00	 0000000000000,00	 0000000000000,00	 0000000000000,00
2700422	 0000000000000,00	 0000000000000,00	 0000000000000,00	 0000000000000,00
2700423	 0000000000000,00	 0000000000000,00	 0000000000000,00	 0000000000000,00
2700490	 0000000021819,00	 0000000000000,00	 0000000000000,00	 0000000000992,00
2800000	 0000000172081,00	 0000000000000,00	 0000000000000,00	 0000000092664,00
3000000	 0000003340604,00	 0000000076591,00	 0000000000324,00	-0000000003482,00
3101000	 0000001862826,00	 0000000000000,00	 0000000000000,00	 0000000000000,00
3102000	 0000001294108,00	 0000000000000,00	 0000000000000,00	 0000000000000,00
3103000	 0000000003061,00	 0000000000000,00	 0000000000000,00	 0000000000000,00
3104000	-0000000047111,00	 0000000076591,00	 0000000000324,00	-0000000004427,00
3104100	 0000000000000,00	 0000000000000,00	 0000000000000,00	 0000000000000,00
3104200	-0000000021734,00	 0000000076591,00	 0000000000324,00	-0000000004427,00
3104300	-0000000025377,00	 0000000000000,00	 0000000000000,00	 0000000000000,00
3200000	 0000000227720,00	 0000000000000,00	 0000000000000,00	 0000000000945,00
5001000	 0000003112884,00	 0000000076591,00	 0000000000324,00	-0000000004427,00
5002000	 0000013349621,00	 0000005255974,00	 0000000007103,00	 0000010994143,00
5100000	 0000006024774,00	 0000007556464,00	 0000000014344,00	 0000007591387,00
