028	BANCO BICE
100000000	004663056148083	005004193299668	000089744785257	001514653916372
105000000	000315681640530	000000000000000	000000000000000	000201430419997
105000100	000009264808188	000000000000000	000000000000000	000005362511902
105000101	000008807788188	000000000000000	000000000000000	000005263593397
105000102	000000457020000	000000000000000	000000000000000	000000098918505
105000103	000000000000000	000000000000000	000000000000000	000000000000000
105000200	000303253878316	000000000000000	000000000000000	000134148846935
105000201	000100253878316	000000000000000	000000000000000	000007704346935
105000202	000000000000000	000000000000000	000000000000000	000126444500000
105000209	000203000000000	000000000000000	000000000000000	000000000000000
105000300	000000000000000	000000000000000	000000000000000	000000000000000
105000301	000000000000000	000000000000000	000000000000000	000000000000000
105000302	000000000000000	000000000000000	000000000000000	000000000000000
105000309	000000000000000	000000000000000	000000000000000	000000000000000
105000400	000003150519026	000000000000000	000000000000000	-00000087080952
105000500	000000012435000	000000000000000	000000000000000	000062006142112
107000000	000015372770251	000000000000000	000000000000000	000058475163174
107000100	000011035303030	000000000000000	000000000000000	000003249360606
107000101	000000000000000	000000000000000	000000000000000	000000000000000
107000102	000011028123986	000000000000000	000000000000000	000003207086777
107000103	000000007179044	000000000000000	000000000000000	000000042273829
107000200	000000000000000	000000000000000	000000000000000	000000000000000
107000201	000000000000000	000000000000000	000000000000000	000000000000000
107000202	000000000000000	000000000000000	000000000000000	000000000000000
107000300	000000000000000	000000000000000	000000000000000	000000000000000
107000400	000004337467221	000000000000000	000000000000000	000055225802568
107000401	000006432245004	000000000000000	000000000000000	000000000000000
107000409	000000000000000	000000000000000	000000000000000	000028772481500
107000411	-00002094777783	000000000000000	000000000000000	000011318346069
107000419	000000000000000	000000000000000	000000000000000	000015134974999
110000000	000310197116472	000032249474652	000000000000000	000096405704162
111000100	000095026827933	000000000000000	000000000000000	000040798056712
111000101	000016964231933	000000000000000	000000000000000	000012998541755
111000102	000078062596000	000000000000000	000000000000000	000027799514957
111000103	000000000000000	000000000000000	000000000000000	000000000000000
111000104	000000000000000	000000000000000	000000000000000	000000000000000
111000105	000000000000000	000000000000000	000000000000000	000000000000000
111000109	000000000000000	000000000000000	000000000000000	000000000000000
112000000	000136147619684	000032249474652	000000000000000	000055607647450
112000100	000093452442640	000023004009318	000000000000000	000000000000000
112000101	000006690247550	000000000000000	000000000000000	000000000000000
112000102	000086762195090	000023004009318	000000000000000	000000000000000
112000109	000000000000000	000000000000000	000000000000000	000000000000000
112000200	000042695177044	000009245465334	000000000000000	-00005582863370
112000201	000037110710650	000009245465334	000000000000000	000000000000000
112000202	000000001603024	000000000000000	000000000000000	000000000000000
112000209	000005582863370	000000000000000	000000000000000	-00005582863370
112000300	000000000000000	000000000000000	000000000000000	000061190510820
112000301	000000000000000	000000000000000	000000000000000	000000000000000
112000302	000000000000000	000000000000000	000000000000000	000054539526813
112000303	000000000000000	000000000000000	000000000000000	000000000000011
112000304	000000000000000	000000000000000	000000000000000	000000000000000
112000309	000000000000000	000000000000000	000000000000000	000006650983996
113000000	000079022668855	000000000000000	000000000000000	000000000000000
113000100	000075920617460	000000000000000	000000000000000	000000000000000
113000101	000075920617460	000000000000000	000000000000000	000000000000000
113000102	000000000000000	000000000000000	000000000000000	000000000000000
113000200	000003102051395	000000000000000	000000000000000	000000000000000
113000201	000003102051395	000000000000000	000000000000000	000000000000000
113000202	000000000000000	000000000000000	000000000000000	000000000000000
113000300	000000000000000	000000000000000	000000000000000	000000000000000
113000301	000000000000000	000000000000000	000000000000000	000000000000000
113000302	000000000000000	000000000000000	000000000000000	000000000000000
113000303	000000000000000	000000000000000	000000000000000	000000000000000
113000304	000000000000000	000000000000000	000000000000000	000000000000000
113000400	000000000000000	000000000000000	000000000000000	000000000000000
115000000	000000000000000	000000000000000	000000000000000	000000000000000
115250000	000000000000000	000000000000000	000000000000000	000000000000000
115250100	000000000000000	000000000000000	000000000000000	000000000000000
115250101	000000000000000	000000000000000	000000000000000	000000000000000
115250102	000000000000000	000000000000000	000000000000000	000000000000000
115250109	000000000000000	000000000000000	000000000000000	000000000000000
115250200	000000000000000	000000000000000	000000000000000	000000000000000
115250201	000000000000000	000000000000000	000000000000000	000000000000000
115250202	000000000000000	000000000000000	000000000000000	000000000000000
115250209	000000000000000	000000000000000	000000000000000	000000000000000
115250300	000000000000000	000000000000000	000000000000000	000000000000000
115250301	000000000000000	000000000000000	000000000000000	000000000000000
115250302	000000000000000	000000000000000	000000000000000	000000000000000
115250303	000000000000000	000000000000000	000000000000000	000000000000000
115250304	000000000000000	000000000000000	000000000000000	000000000000000
115250309	000000000000000	000000000000000	000000000000000	000000000000000
115500000	000000000000000	000000000000000	000000000000000	000000000000000
115500100	000000000000000	000000000000000	000000000000000	000000000000000
115500101	000000000000000	000000000000000	000000000000000	000000000000000
115500102	000000000000000	000000000000000	000000000000000	000000000000000
115500300	000000000000000	000000000000000	000000000000000	000000000000000
115500301	000000000000000	000000000000000	000000000000000	000000000000000
115500302	000000000000000	000000000000000	000000000000000	000000000000000
115500303	000000000000000	000000000000000	000000000000000	000000000000000
115500304	000000000000000	000000000000000	000000000000000	000000000000000
115500400	000000000000000	000000000000000	000000000000000	000000000000000
118000000	000000000000000	000000000000000	000000000000000	000000000000000
118250000	000000000000000	000000000000000	000000000000000	000000000000000
118250100	000000000000000	000000000000000	000000000000000	000000000000000
118250101	000000000000000	000000000000000	000000000000000	000000000000000
118250102	000000000000000	000000000000000	000000000000000	000000000000000
118250109	000000000000000	000000000000000	000000000000000	000000000000000
118250200	000000000000000	000000000000000	000000000000000	000000000000000
118250201	000000000000000	000000000000000	000000000000000	000000000000000
118250202	000000000000000	000000000000000	000000000000000	000000000000000
118250209	000000000000000	000000000000000	000000000000000	000000000000000
118250300	000000000000000	000000000000000	000000000000000	000000000000000
118250301	000000000000000	000000000000000	000000000000000	000000000000000
118250302	000000000000000	000000000000000	000000000000000	000000000000000
118250303	000000000000000	000000000000000	000000000000000	000000000000000
118250304	000000000000000	000000000000000	000000000000000	000000000000000
118250309	000000000000000	000000000000000	000000000000000	000000000000000
118500000	000000000000000	000000000000000	000000000000000	000000000000000
118500300	000000000000000	000000000000000	000000000000000	000000000000000
118500301	000000000000000	000000000000000	000000000000000	000000000000000
118500302	000000000000000	000000000000000	000000000000000	000000000000000
118500303	000000000000000	000000000000000	000000000000000	000000000000000
118500304	000000000000000	000000000000000	000000000000000	000000000000000
118500400	000000000000000	000000000000000	000000000000000	000000000000000
120000000	000237075976570	000011923613120	000000000000000	000048067450256
122000000	000237075976570	000011923613120	000000000000000	000048067450256
122000100	000236049763786	000011923613120	000000000000000	000033222541003
122000101	000099912077372	000000000000000	000000000000000	000000000000000
122000102	000136137686414	000011923613120	000000000000000	000033222541003
122000109	000000000000000	000000000000000	000000000000000	000000000000000
122000200	000001026212784	000000000000000	000000000000000	000000000000000
122000201	000001026212784	000000000000000	000000000000000	000000000000000
122000202	000000000000000	000000000000000	000000000000000	000000000000000
122000209	000000000000000	000000000000000	000000000000000	000000000000000
122000300	000000000000000	000000000000000	000000000000000	000014844909253
122000301	000000000000000	000000000000000	000000000000000	000000000000000
122000302	000000000000000	000000000000000	000000000000000	000000000000000
122000303	000000000000000	000000000000000	000000000000000	000004873673414
122000304	000000000000000	000000000000000	000000000000000	000000000000000
122000309	000000000000000	000000000000000	000000000000000	000009971235839
123000000	000000000000000	000000000000000	000000000000000	000000000000000
123000300	000000000000000	000000000000000	000000000000000	000000000000000
123000301	000000000000000	000000000000000	000000000000000	000000000000000
123000302	000000000000000	000000000000000	000000000000000	000000000000000
123000303	000000000000000	000000000000000	000000000000000	000000000000000
123000304	000000000000000	000000000000000	000000000000000	000000000000000
123000400	000000000000000	000000000000000	000000000000000	000000000000000
130000000	000023353525178	000009321008445	000000000000000	000000000000000
130000100	000023353525178	000009321008445	000000000000000	000000000000000
130000101	000000000000000	000000000000000	000000000000000	000000000000000
130000102	000023353525178	000009321008445	000000000000000	000000000000000
130000103	000000000000000	000000000000000	000000000000000	000000000000000
130000104	000000000000000	000000000000000	000000000000000	000000000000000
130000105	000000000000000	000000000000000	000000000000000	000000000000000
130000190	000000000000000	000000000000000	000000000000000	000000000000000
140000000	003272093415542	004872243783307	000089744785257	001269307751414
141000000	000021807900268	000000000000000	000000000000000	000000000000000
141000100	000000000000000	000000000000000	000000000000000	000000000000000
141000101	000000000000000	000000000000000	000000000000000	000000000000000
141000102	000000000000000	000000000000000	000000000000000	000000000000000
141000103	000000000000000	000000000000000	000000000000000	000000000000000
141000200	000000000000000	000000000000000	000000000000000	000000000000000
141000201	000000000000000	000000000000000	000000000000000	000000000000000
141000202	000000000000000	000000000000000	000000000000000	000000000000000
141000203	000000000000000	000000000000000	000000000000000	000000000000000
141000300	000021807900268	000000000000000	000000000000000	000000000000000
141000301	000021807900268	000000000000000	000000000000000	000000000000000
141000302	000000000000000	000000000000000	000000000000000	000000000000000
141000400	000000000000000	000000000000000	000000000000000	000000000000000
141000401	000000000000000	000000000000000	000000000000000	000000000000000
141000402	000000000000000	000000000000000	000000000000000	000000000000000
141000900	000000000000000	000000000000000	000000000000000	000000000000000
141000901	000000000000000	000000000000000	000000000000000	000000000000000
141000902	000000000000000	000000000000000	000000000000000	000000000000000
141000903	000000000000000	000000000000000	000000000000000	000000000000000
141500000	000470773045746	000054171654070	000000000000000	000323327178813
141500100	000458535986165	000010555088773	000000000000000	000014080338520
141500101	000000000000000	000000000000000	000000000000000	000014080338520
141500102	000458535986165	000010555088773	000000000000000	000000000000000
141500109	000000000000000	000000000000000	000000000000000	000000000000000
141500200	000013521785141	000043616565297	000000000000000	000000000000000
141500201	000000000000000	000000000000000	000000000000000	000000000000000
141500202	000013521785141	000043616565297	000000000000000	000000000000000
141500209	000000000000000	000000000000000	000000000000000	000000000000000
141500300	000000000000000	000000000000000	000000000000000	000309246840293
141500301	000000000000000	000000000000000	000000000000000	000000000000000
141500302	000000000000000	000000000000000	000000000000000	000262333238011
141500303	000000000000000	000000000000000	000000000000000	000017849146107
141500304	000000000000000	000000000000000	000000000000000	000006428107670
141500309	000000000000000	000000000000000	000000000000000	000022636348505
141500900	-00001284725560	000000000000000	000000000000000	000000000000000
141500901	-00001191261979	000000000000000	000000000000000	000000000000000
141500902	-00000093463581	000000000000000	000000000000000	000000000000000
141500903	000000000000000	000000000000000	000000000000000	000000000000000
143000000	000099993156166	000000000000000	000000000000000	000000000000000
143100100	000100029166666	000000000000000	000000000000000	000000000000000
143100101	000100029166666	000000000000000	000000000000000	000000000000000
143100102	000000000000000	000000000000000	000000000000000	000000000000000
143100103	000000000000000	000000000000000	000000000000000	000000000000000
143100104	000000000000000	000000000000000	000000000000000	000000000000000
143100105	000000000000000	000000000000000	000000000000000	000000000000000
143100106	000000000000000	000000000000000	000000000000000	000000000000000
143100107	000000000000000	000000000000000	000000000000000	000000000000000
143100190	000000000000000	000000000000000	000000000000000	000000000000000
143150100	-00000036010500	000000000000000	000000000000000	000000000000000
143150101	-00000036010500	000000000000000	000000000000000	000000000000000
143150102	000000000000000	000000000000000	000000000000000	000000000000000
143150103	000000000000000	000000000000000	000000000000000	000000000000000
143200100	000000000000000	000000000000000	000000000000000	000000000000000
143200101	000000000000000	000000000000000	000000000000000	000000000000000
143200102	000000000000000	000000000000000	000000000000000	000000000000000
143200103	000000000000000	000000000000000	000000000000000	000000000000000
143200104	000000000000000	000000000000000	000000000000000	000000000000000
143200105	000000000000000	000000000000000	000000000000000	000000000000000
143200106	000000000000000	000000000000000	000000000000000	000000000000000
143200107	000000000000000	000000000000000	000000000000000	000000000000000
143200108	000000000000000	000000000000000	000000000000000	000000000000000
143200190	000000000000000	000000000000000	000000000000000	000000000000000
143250100	000000000000000	000000000000000	000000000000000	000000000000000
143250101	000000000000000	000000000000000	000000000000000	000000000000000
143250102	000000000000000	000000000000000	000000000000000	000000000000000
143250103	000000000000000	000000000000000	000000000000000	000000000000000
143300100	000000000000000	000000000000000	000000000000000	000000000000000
143300101	000000000000000	000000000000000	000000000000000	000000000000000
143300102	000000000000000	000000000000000	000000000000000	000000000000000
143300103	000000000000000	000000000000000	000000000000000	000000000000000
143400100	000000000000000	000000000000000	000000000000000	000000000000000
143400101	000000000000000	000000000000000	000000000000000	000000000000000
143400102	000000000000000	000000000000000	000000000000000	000000000000000
143400103	000000000000000	000000000000000	000000000000000	000000000000000
144000000	002679519313362	004818072129237	000089744785257	000945980572601
145000000	002502077109744	002908464007942	000091482840258	000979213930069
145400100	002067458374502	002577920188030	000045775645990	000497624967764
145400101	002067458374502	002071356788536	000045775645990	000478781227709
145400102	000000000000000	000000000000000	000000000000000	000018843740055
145400103	000000000000000	000000000000000	000000000000000	000000000000000
145400104	000000000000000	000000000000000	000000000000000	000000000000000
145400105	000000000000000	000174257815217	000000000000000	000000000000000
145400106	000000000000000	000332305584277	000000000000000	000000000000000
145400200	000017870824819	000000000000000	000000030838426	000463878576546
145400201	000000000000000	000000000000000	000000000000000	000051263870496
145400202	000017870824819	000000000000000	000000000000000	000223338526774
145400203	000000000000000	000000000000000	000000030838426	000036279172176
145400204	000000000000000	000000000000000	000000000000000	000150200898066
145400205	000000000000000	000000000000000	000000000000000	000000000000000
145400290	000000000000000	000000000000000	000000000000000	000002796109034
145400300	000044354841372	000000000000000	000000000000000	000001160230536
145400400	000005152922572	000000000000000	000000000000000	000001044829995
145400401	000001926063701	000000000000000	000000000000000	000001044829995
145400402	000003226858871	000000000000000	000000000000000	000000000000000
145400500	000157058787689	000000000000000	000000000000000	000015386712059
145400501	000130250042335	000000000000000	000000000000000	000008267063808
145400502	000026808745354	000000000000000	000000000000000	000007119648251
145400600	000205670434330	000311116387326	000045425999649	000000000000000
145400601	000035907417801	000232038204812	000013930773472	000000000000000
145400602	000169763016529	000079078182514	000031495226177	000000000000000
145400700	000000000000000	000018596733203	000000000000000	000000000000000
145400701	000000000000000	000000000000000	000000000000000	000000000000000
145400702	000000000000000	000000000000000	000000000000000	000000000000000
145400703	000000000000000	000018596733203	000000000000000	000000000000000
145400900	000004510924460	000000830699383	000000250356193	000000118613169
145400901	000000000000000	000000000000000	000000000000000	000000000000000
145400902	000003585133051	000000000000000	000000000000000	000000000000000
145400990	000000925791409	000000830699383	000000250356193	000000118613169
146000000	000000045188143	001907376202482	000000000000000	000000000000000
146000100	000000000000000	000000005529501	000000000000000	000000000000000
146000200	000000000000000	000708371966436	000000000000000	000000000000000
146000300	000000000000000	000000000000000	000000000000000	000000000000000
146000400	000000000000000	001196021493112	000000000000000	000000000000000
146000401	000000000000000	001196021493112	000000000000000	000000000000000
146000402	000000000000000	000000000000000	000000000000000	000000000000000
146000500	000000000000000	000000169121719	000000000000000	000000000000000
146000900	000000045188143	000002808091714	000000000000000	000000000000000
146000901	000000000000000	000002790959214	000000000000000	000000000000000
146000902	000000000000000	000000000000000	000000000000000	000000000000000
146000903	000000000000000	000000000000000	000000000000000	000000000000000
146000909	000000045188143	000000017132500	000000000000000	000000000000000
148000000	000247363215182	000002231918813	000000000000000	000006216280841
148000100	000159041099073	000002231918813	000000000000000	000000000000000
148000200	000013668552815	000000000000000	000000000000000	000000000046036
148000300	000074649236232	000000000000000	000000000000000	000006216234805
148000301	000036565841635	000000000000000	000000000000000	000006216234805
148000302	000038083394597	000000000000000	000000000000000	000000000000000
148000400	000000004327062	000000000000000	000000000000000	000000000000000
148000900	000000000000000	000000000000000	000000000000000	000000000000000
148000901	000000000000000	000000000000000	000000000000000	000000000000000
148000902	000000000000000	000000000000000	000000000000000	000000000000000
149000000	-00069966199707	000000000000000	-00001738055001	-00039449638309
149500100	-00060862971534	000000000000000	-00001738055001	-00039380179221
149500101	-00027824741127	000000000000000	-00000973409369	-00018416030968
149500102	-00008923827143	000000000000000	-00000763628413	-00003943534273
149500103	-00012838334841	000000000000000	000000000000000	-00016042481490
149500104	-00005825441589	000000000000000	-00000001017219	-00000467045837
149500105	-00004672936094	000000000000000	000000000000000	-00000511086653
149500109	-00000777690740	000000000000000	000000000000000	000000000000000
149600100	-00002029152844	000000000000000	000000000000000	000000000000000
149600101	-00001239618660	000000000000000	000000000000000	000000000000000
149600102	-00000789534184	000000000000000	000000000000000	000000000000000
149700100	-00007074075329	000000000000000	000000000000000	-00000069459088
149700101	-00003402591659	000000000000000	000000000000000	-00000056675052
149700102	-00003671483670	000000000000000	000000000000000	-00000012784036
150000000	000001097071674	000000000000000	000000000000000	000000000000000
150000100	000000000000000	000000000000000	000000000000000	000000000000000
150000200	000000000000000	000000000000000	000000000000000	000000000000000
150000201	000000000000000	000000000000000	000000000000000	000000000000000
150000202	000000000000000	000000000000000	000000000000000	000000000000000
150000300	000000000000000	000000000000000	000000000000000	000000000000000
150000400	000000000000000	000000000000000	000000000000000	000000000000000
150000500	000000000000000	000000000000000	000000000000000	000000000000000
150000600	000000000000000	000000000000000	000000000000000	000000000000000
150000700	000001097071674	000000000000000	000000000000000	000000000000000
150000800	000000000000000	000000000000000	000000000000000	000000000000000
160000000	000022483996830	000000000000000	000000000000000	000000150185469
160000100	000000000000000	000000000000000	000000000000000	000000000000000
160000200	000000000000000	000000000000000	000000000000000	000000000000000
160000201	000000000000000	000000000000000	000000000000000	000000000000000
160000202	000000000000000	000000000000000	000000000000000	000000000000000
160000203	000000000000000	000000000000000	000000000000000	000000000000000
160000204	000000000000000	000000000000000	000000000000000	000000000000000
160000205	000000000000000	000000000000000	000000000000000	000000000000000
160000206	000000000000000	000000000000000	000000000000000	000000000000000
160000207	000000000000000	000000000000000	000000000000000	000000000000000
160000208	000000000000000	000000000000000	000000000000000	000000000000000
160000209	000000000000000	000000000000000	000000000000000	000000000000000
160000219	000000000000000	000000000000000	000000000000000	000000000000000
160000300	000022483996830	000000000000000	000000000000000	000000150185469
160000301	000030493339713	000000000000000	000000000000000	000000150185469
160000302	000053682588109	000000000000000	000000000000000	000000000000000
160000303	000000000000000	000000000000000	000000000000000	000000000000000
160000309	000000000000000	000000000000000	000000000000000	000000000000000
160000319	-00061691930992	000000000000000	000000000000000	000000000000000
170000000	-00054814477728	000077922620983	000000000000000	000000006574686
170000100	000014956081497	000000000000000	000000000000000	000000000000000
170000101	000014210105471	000000000000000	000000000000000	000000000000000
170000102	000005091250623	000000000000000	000000000000000	000000000000000
170000119	-00004345274597	000000000000000	000000000000000	000000000000000
170000200	-00069770559225	000077922620983	000000000000000	000000006574686
170000201	000023969142900	000000009016959	000000000000000	000000006574686
170000209	-00069639877506	000077913604024	000000000000000	000000000000000
170000219	-00024099824619	000000000000000	000000000000000	000000000000000
175000000	000096211118060	000000085006563	000000000000000	000000000000000
175000100	000078050576744	000000085006563	000000000000000	000000000000000
175000101	000098757617825	000000085006563	000000000000000	000000000000000
175000102	000000000000000	000000000000000	000000000000000	000000000000000
175000119	-00020707041081	000000000000000	000000000000000	000000000000000
175000200	000018160541316	000000000000000	000000000000000	000000000000000
175000201	000027276983405	000000000000000	000000000000000	000000000000000
175000219	-00009116442089	000000000000000	000000000000000	000000000000000
175000300	000000000000000	000000000000000	000000000000000	000000000000000
175000301	000000000000000	000000000000000	000000000000000	000000000000000
175000309	000000000000000	000000000000000	000000000000000	000000000000000
175000319	000000000000000	000000000000000	000000000000000	000000000000000
175000400	000000000000000	000000000000000	000000000000000	000000000000000
175000401	000000000000000	000000000000000	000000000000000	000000000000000
175000409	000000000000000	000000000000000	000000000000000	000000000000000
175000419	000000000000000	000000000000000	000000000000000	000000000000000
180000000	000012803662138	000000000000000	000000000000000	000000000000000
185000000	000041653897595	000000000000000	000000000000000	000000000000000
190000000	000369697098521	000000447792598	000000000000000	-00159189332786
190000100	000030450629008	000000000000000	000000000000000	000001257446110
190000101	000030450629008	000000000000000	000000000000000	000001257446110
190000102	000000000000000	000000000000000	000000000000000	000000000000000
190000103	000000000000000	000000000000000	000000000000000	000000000000000
190000200	000026802016237	000000000000000	000000000000000	000008407668956
190000201	000008140122392	000000000000000	000000000000000	000000000000000
190000202	000000000000000	000000000000000	000000000000000	000002490471892
190000203	000018661893845	000000000000000	000000000000000	000000000000000
190000204	000000000000000	000000000000000	000000000000000	000005917197064
190000300	-00068447519311	000000000000000	000000000000000	000096971579080
190000301	-00076458511714	000000000000000	000000000000000	000096971579080
190000302	000008010992403	000000000000000	000000000000000	000000000000000
190000303	000000000000000	000000000000000	000000000000000	000000000000000
190000400	000000000000000	000000000000000	000000000000000	000000000000000
190000401	000000000000000	000000000000000	000000000000000	000000000000000
190000402	000000000000000	000000000000000	000000000000000	000000000000000
190000500	000292386030432	000000398436393	000000000000000	-00275858777737
190000501	000000000000000	000000000000000	000000000000000	000000000000000
190000502	000000000000000	000000000000000	000000000000000	000000000000000
190000503	000000000000000	000000000000000	000000000000000	000000000000000
190000504	000000000000000	000000000000000	000000000000000	000000000000000
190000505	000000000000000	000000000000000	000000000000000	000000000000000
190000509	000292386030432	000000398436393	000000000000000	-00275858777737
190000600	000000000000000	000000000000000	000000000000000	000000000000000
190000700	000000000000000	000000000000000	000000000000000	000000000000000
190000701	000000000000000	000000000000000	000000000000000	000000000000000
190000702	000000000000000	000000000000000	000000000000000	000000000000000
190000800	000007809659078	000000000000000	000000000000000	000000000000000
190000900	000002767416144	000000001214487	000000000000000	000000107953594
190001000	000000000000000	000000000000000	000000000000000	000000000000000
190001100	000000000000000	000000000000000	000000000000000	000000000000000
190001200	000000000000000	000000000000000	000000000000000	000000000000000
190001300	000000000000000	000000000000000	000000000000000	000000000000000
190001400	000019276555883	000000000000000	000000000000000	000000244415000
190001500	000029145614722	000000000000000	000000000000000	-00000418138271
190002900	000029506696328	000000048141718	000000000000000	000010098520482
192500100	000000000000000	000000000000000	000000000000000	000000000000000
192500101	000000000000000	000000000000000	000000000000000	000000000000000
192500102	000000000000000	000000000000000	000000000000000	000000000000000
192500103	000000000000000	000000000000000	000000000000000	000000000000000
195000000	000000149336450	000000000000000	000000000000000	000000000000000
195000100	000000130000000	000000000000000	000000000000000	000000000000000
195000101	000000000000000	000000000000000	000000000000000	000000000000000
195000102	000000130000000	000000000000000	000000000000000	000000000000000
195000103	000000000000000	000000000000000	000000000000000	000000000000000
195000200	000000019336450	000000000000000	000000000000000	000000000000000
195000201	000000000000000	000000000000000	000000000000000	000000000000000
195000202	000000000000000	000000000000000	000000000000000	000000000000000
195000203	000000000000000	000000000000000	000000000000000	000000000000000
195000204	000000019336450	000000000000000	000000000000000	000000000000000
195000219	000000000000000	000000000000000	000000000000000	000000000000000
195000300	000000000000000	000000000000000	000000000000000	000000000000000
200000000	005483582348036	003114712946636	000085617579426	001655439598646
207000000	000062705005194	000000000000000	000000000000000	-00001154484832
207000100	000000000000000	000000000000000	000000000000000	000000000000000
207000101	000000000000000	000000000000000	000000000000000	000000000000000
207000102	000000000000000	000000000000000	000000000000000	000000000000000
207000200	000000000000000	000000000000000	000000000000000	000000000000000
207000300	000062705005194	000000000000000	000000000000000	-00001154484832
207000301	000027993386500	000000000000000	000000000000000	000004571455000
207000309	000004612190951	000000000000000	000000000000000	-00001128964328
207000311	000030099427743	000000000000000	000000000000000	-00017122624071
207000319	000000000000000	000000000000000	000000000000000	000012525648567
210000000	000052111478415	000000000000000	000000000000000	000072274232421
211000100	000052111478415	000000000000000	000000000000000	000072274232421
211000101	000004816750592	000000000000000	000000000000000	000024700853753
211000102	000047294727823	000000000000000	000000000000000	000047573378668
211000103	000000000000000	000000000000000	000000000000000	000000000000000
211000104	000000000000000	000000000000000	000000000000000	000000000000000
211000105	000000000000000	000000000000000	000000000000000	000000000000000
211000190	000000000000000	000000000000000	000000000000000	000000000000000
213000100	000000000000000	000000000000000	000000000000000	000000000000000
213000101	000000000000000	000000000000000	000000000000000	000000000000000
213000102	000000000000000	000000000000000	000000000000000	000000000000000
213000103	000000000000000	000000000000000	000000000000000	000000000000000
213000109	000000000000000	000000000000000	000000000000000	000000000000000
218000000	000000000000000	000000000000000	000000000000000	000000000000000
218000001	000000000000000	000000000000000	000000000000000	000000000000000
218000002	000000000000000	000000000000000	000000000000000	000000000000000
218000003	000000000000000	000000000000000	000000000000000	000000000000000
218000009	000000000000000	000000000000000	000000000000000	000000000000000
230000000	000007410316651	000028159318698	000000000000000	000000000000000
230000100	000007410316651	000028159318698	000000000000000	000000000000000
230000101	000000000000000	000000000000000	000000000000000	000000000000000
230000102	000007410316651	000028159318698	000000000000000	000000000000000
230000103	000000000000000	000000000000000	000000000000000	000000000000000
230000104	000000000000000	000000000000000	000000000000000	000000000000000
230000105	000000000000000	000000000000000	000000000000000	000000000000000
230000190	000000000000000	000000000000000	000000000000000	000000000000000
240000000	004950331745903	002666549830847	000080951769222	001723730421385
241000000	001355003553508	000019746860152	000000020040348	000352328100234
241000100	001108429026616	000000000000000	000000000000000	000335288594575
241000101	000000000000000	000000000000000	000000000000000	000000000000000
241000102	000000000000000	000000000000000	000000000000000	000000000000000
241000103	000859060251187	000000000000000	000000000000000	000253298909357
241000104	000249368775429	000000000000000	000000000000000	000081989685218
241000200	000037626722917	000000000000000	000000000000000	000000000000000
241000201	000037626722917	000000000000000	000000000000000	000000000000000
241000202	000000000000000	000000000000000	000000000000000	000000000000000
241000300	000065466591939	000000000000000	000000000000000	000000000000000
241000301	000065466591939	000000000000000	000000000000000	000000000000000
241000400	000000000000000	000000000000000	000000000000000	000000000000000
241000401	000000000000000	000000000000000	000000000000000	000000000000000
241000402	000000000000000	000000000000000	000000000000000	000000000000000
241000500	000143481212036	000019746860152	000000020040348	000017039505659
241000501	000000000000000	000000000000000	000000000000000	000000000000000
241000502	000000000000000	000000000000000	000000000000000	000000000000000
241000503	000000000000000	000000000000000	000000000000000	000000000000000
241000504	000000000000000	000000000000000	000000000000000	000000000000000
241000505	000005492812846	000017066174469	000000020040348	000005323471547
241000506	000017696082119	000000000000000	000000000000000	000000000000000
241000507	000000000000000	000000000000000	000000000000000	000006743932521
241000508	000000000000000	000000000000000	000000000000000	000000000000000
241000509	000004940586679	000000000000000	000000000000000	000000000000000
241000510	000001815001149	000000000000000	000000000000000	000001026251166
241000511	000001779210947	000000000000000	000000000000000	000000189412152
241000512	000000000000000	000000000000000	000000000000000	000000000000000
241000513	000000000000000	000000000000000	000000000000000	000000000000000
241000590	000111757518296	000002680685683	000000000000000	000003756438273
242000000	003399816990856	000803880466112	000000000000000	000603344000523
242000100	003399816990856	000800879517004	000000000000000	000603344000523
242000200	000000000000000	000003000949108	000000000000000	000000000000000
242000201	000000000000000	000000000000000	000000000000000	000000000000000
242000202	000000000000000	000003000949108	000000000000000	000000000000000
242000300	000000000000000	000000000000000	000000000000000	000000000000000
242000301	000000000000000	000000000000000	000000000000000	000000000000000
242000302	000000000000000	000000000000000	000000000000000	000000000000000
242000390	000000000000000	000000000000000	000000000000000	000000000000000
243000000	000010509804941	000000000000000	000000000000000	000000000000000
243000100	000000000000000	000000000000000	000000000000000	000000000000000
243000101	000000000000000	000000000000000	000000000000000	000000000000000
243000102	000000000000000	000000000000000	000000000000000	000000000000000
243000103	000000000000000	000000000000000	000000000000000	000000000000000
243000200	000000000000000	000000000000000	000000000000000	000000000000000
243000201	000000000000000	000000000000000	000000000000000	000000000000000
243000202	000000000000000	000000000000000	000000000000000	000000000000000
243000203	000000000000000	000000000000000	000000000000000	000000000000000
243000300	000010509804941	000000000000000	000000000000000	000000000000000
243000301	000010509804941	000000000000000	000000000000000	000000000000000
243000302	000000000000000	000000000000000	000000000000000	000000000000000
243000400	000000000000000	000000000000000	000000000000000	000000000000000
243000401	000000000000000	000000000000000	000000000000000	000000000000000
243000402	000000000000000	000000000000000	000000000000000	000000000000000
244000000	000080207865347	000000000000000	000000000000000	000327988224606
244250000	000080207865347	000000000000000	000000000000000	000019749224659
244250100	000000000000000	000000000000000	000000000000000	000019749396500
244250101	000000000000000	000000000000000	000000000000000	000000000000000
244250102	000000000000000	000000000000000	000000000000000	000019749396500
244250103	000000000000000	000000000000000	000000000000000	000000000000000
244250200	000080207865347	000000000000000	000000000000000	-00000000171841
244250201	000000000000000	000000000000000	000000000000000	000000000000000
244250202	000000000000000	000000000000000	000000000000000	000000000000000
244250203	000000013234115	000000000000000	000000000000000	-00000000171841
244250204	000000000000000	000000000000000	000000000000000	000000000000000
244250209	000080194631232	000000000000000	000000000000000	000000000000000
244500000	000000000000000	000000000000000	000000000000000	000308238999947
244500100	000000000000000	000000000000000	000000000000000	000259058864250
244500101	000000000000000	000000000000000	000000000000000	000161524033545
244500102	000000000000000	000000000000000	000000000000000	000097534830705
244500103	000000000000000	000000000000000	000000000000000	000000000000000
244500200	000000000000000	000000000000000	000000000000000	000049180135697
244500201	000000000000000	000000000000000	000000000000000	000000000000000
244500202	000000000000000	000000000000000	000000000000000	000000000000000
244500203	000000000000000	000000000000000	000000000000000	000012900963522
244500204	000000000000000	000000000000000	000000000000000	000000000000000
244500209	000000000000000	000000000000000	000000000000000	000036279172175
244700000	000000000000000	000000000000000	000000000000000	000000000000000
244700100	000000000000000	000000000000000	000000000000000	000000000000000
244700200	000000000000000	000000000000000	000000000000000	000000000000000
244900000	000000000000000	000000000000000	000000000000000	000000000000000
244900100	000000000000000	000000000000000	000000000000000	000000000000000
244900200	000000000000000	000000000000000	000000000000000	000000000000000
245000000	000094897860061	001842922504583	000000000000000	000190083054149
245000100	000000000000000	000000016230862	000000000000000	000000000000000
245000101	000000000000000	000000016224256	000000000000000	000000000000000
245000102	000000000000000	000000000006606	000000000000000	000000000000000
245000200	000094897860061	001842906273721	000000000000000	000190083054149
245000201	000094897860061	001842906273721	000000000000000	000190083054149
245000203	000000000000000	000000000000000	000000000000000	000000000000000
246000000	000009895671190	000000000000000	000080931728874	000249987041873
246000100	000000000000000	000000000000000	000080931728874	000000000000000
246000101	000000000000000	000000000000000	000080931728874	000000000000000
246000102	000000000000000	000000000000000	000000000000000	000000000000000
246000200	000009895671190	000000000000000	000000000000000	000045246730717
246000201	000000000000000	000000000000000	000000000000000	000000000000000
246000202	000000000000000	000000000000000	000000000000000	000000000000000
246000203	000000000000000	000000000000000	000000000000000	000000000000000
246000204	000009895671190	000000000000000	000000000000000	-00006017139779
246000205	000000000000000	000000000000000	000000000000000	000000000000000
246000206	000000000000000	000000000000000	000000000000000	000000000000000
246000207	000000000000000	000000000000000	000000000000000	000000000000000
246000208	000000000000000	000000000000000	000000000000000	000051263870496
246000290	000000000000000	000000000000000	000000000000000	000000000000000
246000300	000000000000000	000000000000000	000000000000000	000204740311156
246000301	000000000000000	000000000000000	000000000000000	000000000000000
246000302	000000000000000	000000000000000	000000000000000	000000000000000
246000303	000000000000000	000000000000000	000000000000000	000000000000000
246000304	000000000000000	000000000000000	000000000000000	000000000000000
246000305	000000000000000	000000000000000	000000000000000	000204740311156
246000390	000000000000000	000000000000000	000000000000000	000000000000000
250000000	000000000000000	000076436875328	000000000000000	000000000000000
255000000	000000000000000	000334991098328	000000000000000	000000000000000
255000100	000000000000000	000334991098328	000000000000000	000000000000000
255000101	000000000000000	000000000000000	000000000000000	000000000000000
255000102	000000000000000	000334991098328	000000000000000	000000000000000
255000200	000000000000000	000000000000000	000000000000000	000000000000000
255000300	000000000000000	000000000000000	000000000000000	000000000000000
260000000	000019354499276	000000000000000	000000000000000	000000000000000
260000100	000019354499276	000000000000000	000000000000000	000000000000000
260000101	000019354499276	000000000000000	000000000000000	000000000000000
260000102	000000000000000	000000000000000	000000000000000	000000000000000
260000103	000000000000000	000000000000000	000000000000000	000000000000000
260000104	000000000000000	000000000000000	000000000000000	000000000000000
260000105	000000000000000	000000000000000	000000000000000	000000000000000
260000106	000000000000000	000000000000000	000000000000000	000000000000000
260000107	000000000000000	000000000000000	000000000000000	000000000000000
260000109	000000000000000	000000000000000	000000000000000	000000000000000
260000200	000000000000000	000000000000000	000000000000000	000000000000000
260000300	000000000000000	000000000000000	000000000000000	000000000000000
260000400	000000000000000	000000000000000	000000000000000	000000000000000
260000500	000000000000000	000000000000000	000000000000000	000000000000000
260000600	000000000000000	000000000000000	000000000000000	000000000000000
260000900	000000000000000	000000000000000	000000000000000	000000000000000
265000000	000065797709962	000000000000000	000000000000000	000000000000000
265000100	000065797709962	000000000000000	000000000000000	000000000000000
265000101	000065797709962	000000000000000	000000000000000	000000000000000
265000102	000000000000000	000000000000000	000000000000000	000000000000000
265000200	000000000000000	000000000000000	000000000000000	000000000000000
265000300	000000000000000	000000000000000	000000000000000	000000000000000
270000000	000074866784036	000000000000000	000001443219279	000000897651220
271000000	000007474662784	000000000000000	000001443219279	000000897651220
271000100	000000058103059	000000000000000	000000000000000	000000424796277
271000200	000000052174449	000000000000000	000000000000000	000000163620215
271000400	000005883930387	000000000000000	000001228247327	000000048703627
271000500	000000000000000	000000000000000	000000000000000	000000000000000
271000501	000000000000000	000000000000000	000000000000000	000000000000000
271000502	000000000000000	000000000000000	000000000000000	000000000000000
271000503	000000000000000	000000000000000	000000000000000	000000000000000
271000504	000000000000000	000000000000000	000000000000000	000000000000000
271000505	000000000000000	000000000000000	000000000000000	000000000000000
271000600	000000775673358	000000000000000	000000214971952	000000000000000
271000601	000000000000000	000000000000000	000000000000000	000000000000000
271000602	000000775673358	000000000000000	000000214971952	000000000000000
271000700	000000653272430	000000000000000	000000000000000	000000260531101
271000701	000000404221912	000000000000000	000000000000000	000000024448928
271000702	000000015321939	000000000000000	000000000000000	000000051140878
271000703	000000120106329	000000000000000	000000000000000	000000000000000
271000704	000000113622250	000000000000000	000000000000000	000000184941295
271000705	000000000000000	000000000000000	000000000000000	000000000000000
271000800	000000000000000	000000000000000	000000000000000	000000000000000
271000900	000000051509101	000000000000000	000000000000000	000000000000000
272000000	000000348337376	000000000000000	000000000000000	000000000000000
273000000	000000000000000	000000000000000	000000000000000	000000000000000
274000000	000067043783876	000000000000000	000000000000000	000000000000000
274000100	000048317776667	000000000000000	000000000000000	000000000000000
274000200	000012327925616	000000000000000	000000000000000	000000000000000
274000300	000006398081593	000000000000000	000000000000000	000000000000000
275000000	000000000000000	000000000000000	000000000000000	000000000000000
275000100	000000000000000	000000000000000	000000000000000	000000000000000
275000200	000000000000000	000000000000000	000000000000000	000000000000000
275000300	000000000000000	000000000000000	000000000000000	000000000000000
275000400	000000000000000	000000000000000	000000000000000	000000000000000
275000500	000000000000000	000000000000000	000000000000000	000000000000000
275000600	000000000000000	000000000000000	000000000000000	000000000000000
279000000	000000000000000	000000000000000	000000000000000	000000000000000
279000100	000000000000000	000000000000000	000000000000000	000000000000000
279000200	000000000000000	000000000000000	000000000000000	000000000000000
279000300	000000000000000	000000000000000	000000000000000	000000000000000
280000000	000000400136779	000000000000000	000000000000000	000000000000000
285000000	000000381253316	000000000000000	000000000000000	000000000000000
290000000	000250223418504	000008575823435	000003222590925	-00140308221548
290000100	000002589765616	000000000000000	000000000000000	000017204542425
290000101	000000000000000	000000000000000	000000000000000	000000000000000
290000102	000000000000000	000000000000000	000000000000000	000000000000000
290000103	000002589765616	000000000000000	000000000000000	000000000000000
290000104	000000000000000	000000000000000	000000000000000	000017204542425
290000200	-00077935857309	000000000000000	000000000000000	000116494448146
290000201	-00085946849712	000000000000000	000000000000000	000116494448146
290000202	000008010992403	000000000000000	000000000000000	000000000000000
290000203	000000000000000	000000000000000	000000000000000	000000000000000
290000300	000310116896561	000008535981375	000000000000000	-00274462198408
290000301	000000003362526	000000000000000	000000000000000	000000000000000
290000302	000000740923399	000000000000000	000000000000000	000000000000000
290000303	000000000000000	000000000000000	000000000000000	000000000000000
290000304	000000000000000	000000000000000	000000000000000	000000000000000
290000305	000000000000000	000000000000000	000000000000000	000000000000000
290000306	000000000000000	000000000000000	000000000000000	000000000000000
290000307	000000000000000	000000000000000	000000000000000	000000000000000
290000308	000006293281603	000000063994671	000000000000000	000000000000000
290000309	000000000000000	000000000000000	000000000000000	000000000000000
290000390	000303079329033	000008471986704	000000000000000	-00274462198408
290000400	000000000000000	000000000000000	000000000000000	000000000000000
290000500	000000000000000	000000000000000	000000000000000	000000000000000
290000501	000000000000000	000000000000000	000000000000000	000000000000000
290000502	000000000000000	000000000000000	000000000000000	000000000000000
290000700	000000000000000	000000000000000	000000000000000	000000000000000
290000800	000004272044910	000000000000000	000003222590925	000000000068086
290000801	000000000000000	000000000000000	000003222590925	000000000000000
290000802	000003939138130	000000000000000	000000000000000	000000000000000
290000803	000000000000000	000000000000000	000000000000000	000000000000000
290000809	000000332906780	000000000000000	000000000000000	000000000068086
290000900	000004022711981	000000000000000	000000000000000	000000000000000
290001000	000000000000000	000000039842060	000000000000000	000000000000000
290001100	000001375467978	000000000000000	000000000000000	000000447482837
290001200	000005782388767	000000000000000	000000000000000	000000007435366
295000000	000000000000000	000000000000000	000000000000000	000000000000000
300000000	000935610130021	-00003314453387	000000000000000	000000000000002
310000000	000034132467551	000000000000000	000000000000000	000000000000000
311000000	000032141439995	000000000000000	000000000000000	000000000000000
311000100	000032141439995	000000000000000	000000000000000	000000000000000
311000200	000000000000000	000000000000000	000000000000000	000000000000000
311000300	000000000000000	000000000000000	000000000000000	000000000000000
311000400	000000000000000	000000000000000	000000000000000	000000000000000
311000500	000000000000000	000000000000000	000000000000000	000000000000000
311000600	000000000000000	000000000000000	000000000000000	000000000000000
312000000	000001991027556	000000000000000	000000000000000	000000000000000
313000000	000000000000000	000000000000000	000000000000000	000000000000000
320000000	000002239835292	000000000000000	000000000000000	000000000000000
320000100	-00001543669989	000000000000000	000000000000000	000000000000000
320000200	000003783505281	000000000000000	000000000000000	000000000000000
320000300	000000000000000	000000000000000	000000000000000	000000000000000
320000400	000000000000000	000000000000000	000000000000000	000000000000000
330000000	000000768441658	-00003314453387	000000000000000	000000000000002
331000000	000000212989410	000000000000000	000000000000000	000000000000000
331000100	000000000000000	000000000000000	000000000000000	000000000000000
331000200	000000212989410	000000000000000	000000000000000	000000000000000
331000201	000000212989410	000000000000000	000000000000000	000000000000000
331000202	000000000000000	000000000000000	000000000000000	000000000000000
331000203	000000000000000	000000000000000	000000000000000	000000000000000
331000209	000000000000000	000000000000000	000000000000000	000000000000000
331000300	000000000000000	000000000000000	000000000000000	000000000000000
331000400	000000000000000	000000000000000	000000000000000	000000000000000
331000500	000000000000000	000000000000000	000000000000000	000000000000000
331000900	000000000000000	000000000000000	000000000000000	000000000000000
332000000	000000555452248	-00003314453387	000000000000000	000000000000002
332000100	-00000282201651	000000000235968	000000000000000	000000000000002
332000200	000000000000000	000000000000000	000000000000000	000000000000000
332000300	000000000000000	000000000000000	000000000000000	000000000000000
332000400	000000837653899	-00003314689355	000000000000000	000000000000000
332000500	000000000000000	000000000000000	000000000000000	000000000000000
332000600	000000000000000	000000000000000	000000000000000	000000000000000
332000700	000000000000000	000000000000000	000000000000000	000000000000000
332000900	000000000000000	000000000000000	000000000000000	000000000000000
340000000	000832610364314	000000000000000	000000000000000	000000000000000
340000100	000832610364314	000000000000000	000000000000000	000000000000000
340000200	000000000000000	000000000000000	000000000000000	000000000000000
350000000	000131580204211	000000000000000	000000000000000	000000000000000
360000000	-00065790102106	000000000000000	000000000000000	000000000000000
360000100	-00065790102106	000000000000000	000000000000000	000000000000000
360000101	-00065790102106	000000000000000	000000000000000	000000000000000
360000102	000000000000000	000000000000000	000000000000000	000000000000000
360000200	000000000000000	000000000000000	000000000000000	000000000000000
360000300	000000000000000	000000000000000	000000000000000	000000000000000
365000000	000000000000000	000000000000000	000000000000000	000000000000000
380000000	000935541210920	-00003314453387	000000000000000	000000000000002
390000000	000000068919101	000000000000000	000000000000000	000000000000000
500000000	002849514679735	004818072129237	000091482840258	000985430210910
505000000	002849514679735	004818072129237	000091482840258	000985430210910
510000000	006419192478057	003111398493249	000085617579426	001655439598648
