039	ITAÚ CORPBANCA
1000000	 0000010253202,00	 0000008096276,00	 0000000025458,00	 0000011179921,00
1100000	 0000000322398,00	 0000000000000,00	 0000000000000,00	 0000001359198,00
1100100	 0000000187651,00	 0000000000000,00	 0000000000000,00	 0000000075687,00
1100200	 0000000125907,00	 0000000000000,00	 0000000000000,00	 0000000054494,00
1100300	 0000000008840,00	 0000000000000,00	 0000000000000,00	 0000000000209,00
1100400	 0000000000000,00	 0000000000000,00	 0000000000000,00	 0000001228808,00
1130000	 0000000226141,00	 0000000000000,00	 0000000000000,00	 0000000163658,00
1130100	 0000000051886,00	 0000000000000,00	 0000000000000,00	 0000000005658,00
1130200	 0000000174255,00	 0000000000000,00	 0000000000000,00	 0000000158000,00
1150000	 0000000031702,00	 0000000015585,00	 0000000000000,00	 0000000110115,00
1150100	 0000000007293,00	 0000000015585,00	 0000000000000,00	 0000000000000,00
1150200	 0000000000793,00	 0000000000000,00	 0000000000000,00	 0000000000000,00
1150300	 0000000000000,00	 0000000000000,00	 0000000000000,00	 0000000102163,00
1150400	 0000000023616,00	 0000000000000,00	 0000000000000,00	 0000000007952,00
1160000	 0000000041079,00	 0000000000000,00	 0000000000000,00	 0000000150416,00
1160100	 0000000000000,00	 0000000000000,00	 0000000000000,00	 0000000000000,00
1160200	 0000000041079,00	 0000000000000,00	 0000000000000,00	 0000000150416,00
1250000	 0000001033143,00	 0000000049434,00	 0000000000000,00	 0000000218564,00
1250100	 0000000984260,00	 0000000049434,00	 0000000000000,00	 0000000217143,00
1250200	 0000000048883,00	 0000000000000,00	 0000000000000,00	 0000000001421,00
1270000	 0000000314996,00	 0000000000000,00	 0000000000000,00	 0000000381153,00
1270100	-0000000000003,00	 0000000000000,00	 0000000000000,00	 0000000003978,00
1270112	 0000000000000,00	 0000000000000,00	 0000000000000,00	 0000000000000,00
1270113	 0000000000000,00	 0000000000000,00	 0000000000000,00	 0000000003978,00
1270116	 0000000000000,00	 0000000000000,00	 0000000000000,00	 0000000000000,00
1270117	 0000000000000,00	 0000000000000,00	 0000000000000,00	 0000000000000,00
1270118	 0000000000000,00	 0000000000000,00	 0000000000000,00	 0000000000000,00
1270190	-0000000000003,00	 0000000000000,00	 0000000000000,00	 0000000000000,00
1270200	-0000000000058,00	 0000000000000,00	 0000000000000,00	 0000000377175,00
1270202	 0000000000000,00	 0000000000000,00	 0000000000000,00	 0000000213455,00
1270203	 0000000000000,00	 0000000000000,00	 0000000000000,00	 0000000080460,00
1270206	 0000000000000,00	 0000000000000,00	 0000000000000,00	 0000000000000,00
1270207	 0000000000000,00	 0000000000000,00	 0000000000000,00	 0000000000000,00
1270208	 0000000000000,00	 0000000000000,00	 0000000000000,00	 0000000000000,00
1270290	-0000000000058,00	 0000000000000,00	 0000000000000,00	-0000000000265,00
1270300	 0000000315057,00	 0000000000000,00	 0000000000000,00	 0000000000000,00
1300000	 0000005867708,00	 0000007632762,00	 0000000015099,00	 0000007263879,00
1302000	 0000004850128,00	 0000004325695,00	 0000000015099,00	 0000005975694,00
1302100	 0000004333861,00	 0000003203740,00	 0000000000000,00	 0000004622794,00
1302101	 0000004333861,00	 0000002640904,00	 0000000000000,00	 0000001413978,00
1302102	 0000000000000,00	 0000000000000,00	 0000000000000,00	 0000003208816,00
1302170	 0000000000000,00	 0000000021384,00	 0000000000000,00	 0000000000000,00
1302180	 0000000000000,00	 0000000541452,00	 0000000000000,00	 0000000000000,00
1302200	 0000000102947,00	 0000000000002,00	 0000000000017,00	 0000000789514,00
1302201	 0000000000000,00	 0000000000000,00	 0000000000000,00	 0000000000000,00
1302202	 0000000082369,00	 0000000000000,00	 0000000000000,00	 0000000400983,00
1302241	 0000000010622,00	 0000000000002,00	 0000000000000,00	 0000000106680,00
1302242	 0000000009956,00	 0000000000000,00	 0000000000017,00	 0000000216902,00
1302281	 0000000000000,00	 0000000000000,00	 0000000000000,00	 0000000000000,00
1302282	 0000000000000,00	 0000000000000,00	 0000000000000,00	 0000000064949,00
1302300	 0000000138678,00	 0000000000000,00	 0000000000000,00	 0000000020792,00
1302500	 0000000067820,00	 0000000005738,00	 0000000000000,00	 0000000003638,00
1302600	 0000000000000,00	 0000000753750,00	 0000000000000,00	 0000000000000,00
1302601	 0000000000000,00	 0000000743688,00	 0000000000000,00	 0000000000000,00
1302602	 0000000000000,00	 0000000007214,00	 0000000000000,00	 0000000000000,00
1302604	 0000000000000,00	 0000000002848,00	 0000000000000,00	 0000000000000,00
1302800	 0000000196008,00	 0000000357342,00	 0000000014295,00	 0000000525911,00
1302900	 0000000010814,00	 0000000005123,00	 0000000000787,00	 0000000013045,00
1304000	 0000000001498,00	 0000003305789,00	 0000000000000,00	 0000000485303,00
1304100	 0000000000000,00	 0000000062679,00	 0000000000000,00	 0000000000000,00
1304101	 0000000000000,00	 0000000057676,00	 0000000000000,00	 0000000000000,00
1304102	 0000000000000,00	 0000000005003,00	 0000000000000,00	 0000000000000,00
1304200	 0000000000000,00	 0000000159688,00	 0000000000000,00	 0000000000000,00
1304400	 0000000000000,00	 0000000000000,00	 0000000000000,00	 0000000000000,00
1304500	 0000000001498,00	 0000003052889,00	 0000000000000,00	 0000000217027,00
1304600	 0000000000000,00	 0000000000000,00	 0000000000000,00	 0000000000000,00
1304800	 0000000000000,00	 0000000000037,00	 0000000000000,00	 0000000268276,00
1304900	 0000000000000,00	 0000000030496,00	 0000000000000,00	 0000000000000,00
1305000	 0000001277750,00	 0000000001278,00	 0000000000000,00	 0000001088337,00
1305100	 0000000838913,00	 0000000000888,00	 0000000000000,00	 0000000849263,00
1305300	 0000000164259,00	 0000000000000,00	 0000000000000,00	 0000000003795,00
1305400	 0000000274046,00	 0000000000000,00	 0000000000000,00	 0000000137006,00
1305800	 0000000000438,00	 0000000000390,00	 0000000000000,00	 0000000016685,00
1305900	 0000000000094,00	 0000000000000,00	 0000000000000,00	 0000000081588,00
1309000	-0000000261668,00	 0000000000000,00	 0000000000000,00	-0000000285455,00
1309100	-0000000186569,00	 0000000000000,00	 0000000000000,00	-0000000213575,00
1309200	-0000000018614,00	 0000000000000,00	 0000000000000,00	-0000000014514,00
1309300	-0000000056485,00	 0000000000000,00	 0000000000000,00	-0000000057366,00
1350000	 0000000507328,00	 0000000390597,00	 0000000010357,00	 0000000613905,00
1350100	 0000000412372,00	 0000000370521,00	 0000000000000,00	 0000000021674,00
1350200	 0000000094956,00	 0000000020076,00	 0000000010357,00	 0000000000368,00
1350300	 0000000000000,00	 0000000000000,00	 0000000000000,00	 0000000591863,00
1360000	-0000000059317,00	 0000000003527,00	 0000000000000,00	 0000000273601,00
1360100	 0000000000000,00	 0000000000000,00	 0000000000000,00	 0000000000000,00
1360200	 0000000000000,00	 0000000003527,00	 0000000000000,00	 0000000000000,00
1360300	-0000000059317,00	 0000000000000,00	 0000000000000,00	 0000000273601,00
1400000	 0000000012630,00	 0000000000000,00	 0000000000000,00	 0000000003277,00
1400100	 0000000000000,00	 0000000000000,00	 0000000000000,00	 0000000000000,00
1400101	 0000000000000,00	 0000000000000,00	 0000000000000,00	 0000000000000,00
1400103	 0000000000000,00	 0000000000000,00	 0000000000000,00	 0000000000000,00
1400200	 0000000012630,00	 0000000000000,00	 0000000000000,00	 0000000003277,00
1500000	 0000001385023,00	 0000000000000,00	 0000000000000,00	 0000000209977,00
1500100	 0000001124807,00	 0000000000000,00	 0000000000000,00	 0000000000000,00
1500200	 0000000260216,00	 0000000000000,00	 0000000000000,00	 0000000209977,00
1600000	 0000000070986,00	 0000000000000,00	 0000000000000,00	 0000000046896,00
1600100	 0000000045321,00	 0000000000000,00	 0000000000000,00	 0000000035322,00
1600200	 0000000025665,00	 0000000000000,00	 0000000000000,00	 0000000011574,00
1700000	 0000000066367,00	 0000000000000,00	 0000000000000,00	 0000000053752,00
1750000	 0000000171920,00	 0000000000000,00	 0000000000000,00	 0000000059154,00
1800000	 0000000261098,00	 0000000004371,00	 0000000000002,00	 0000000272376,00
1800100	 0000000001078,00	 0000000000000,00	 0000000000000,00	 0000000009136,00
1800200	 0000000003659,00	 0000000000000,00	 0000000000000,00	 0000000001168,00
1800900	 0000000256361,00	 0000000004371,00	 0000000000002,00	 0000000262072,00
2000000	 0000009708950,00	 0000005287697,00	 0000000000008,00	 0000011118821,00
2100000	 0000001754515,00	 0000000009151,00	 0000000000000,00	 0000002824547,00
2100100	 0000001420012,00	 0000000000000,00	 0000000000000,00	 0000001019431,00
2100109	 0000000913171,00	 0000000000000,00	 0000000000000,00	 0000000882200,00
2100110	 0000000506841,00	 0000000000000,00	 0000000000000,00	 0000000120363,00
2100200	 0000000145702,00	 0000000000000,00	 0000000000000,00	 0000001705947,00
2100300	 0000000188801,00	 0000000009151,00	 0000000000000,00	 0000000099169,00
2130000	 0000000132215,00	 0000000000000,00	 0000000000000,00	 0000000187601,00
2160000	 0000000277508,00	 0000000000000,00	 0000000000000,00	 0000000021834,00
2160100	 0000000000000,00	 0000000000000,00	 0000000000000,00	 0000000000000,00
2160200	 0000000277508,00	 0000000000000,00	 0000000000000,00	 0000000021834,00
2200000	 0000006029702,00	 0000001694270,00	 0000000000008,00	 0000004159265,00
2200100	 0000006029364,00	 0000001685596,00	 0000000000008,00	 0000004136360,00
2200200	 0000000000002,00	 0000000008646,00	 0000000000000,00	 0000000022905,00
2200900	 0000000000336,00	 0000000000028,00	 0000000000000,00	 0000000000000,00
2250000	 0000000827170,00	 0000000073488,00	 0000000000000,00	 0000000158963,00
2250100	 0000000781535,00	 0000000056174,00	 0000000000000,00	 0000000155433,00
2250200	 0000000045635,00	 0000000017314,00	 0000000000000,00	 0000000003530,00
2300000	-0000000001011,00	 0000000000000,00	 0000000000000,00	 0000002216009,00
2301000	 0000000000261,00	 0000000000000,00	 0000000000000,00	 0000000000000,00
2301001	 0000000000000,00	 0000000000000,00	 0000000000000,00	 0000000000000,00
2302000	-0000000001272,00	 0000000000000,00	 0000000000000,00	 0000002216009,00
2302100	 0000000000000,00	 0000000000000,00	 0000000000000,00	 0000000546601,00
2302200	-0000000001272,00	 0000000000000,00	 0000000000000,00	 0000001669408,00
2303000	 0000000000000,00	 0000000000000,00	 0000000000000,00	 0000000000000,00
2303100	 0000000000000,00	 0000000000000,00	 0000000000000,00	 0000000000000,00
2303900	 0000000000000,00	 0000000000000,00	 0000000000000,00	 0000000000000,00
2400000	 0000000168464,00	 0000003501296,00	 0000000000000,00	 0000001381859,00
2401000	 0000000000000,00	 0000000087368,00	 0000000000000,00	 0000000000000,00
2402000	 0000000168464,00	 0000003413928,00	 0000000000000,00	 0000001381859,00
2402100	 0000000168464,00	 0000002568062,00	 0000000000000,00	 0000001159195,00
2402200	 0000000000000,00	 0000000845866,00	 0000000000000,00	 0000000222664,00
2402300	 0000000000000,00	 0000000000000,00	 0000000000000,00	 0000000000000,00
2500000	 0000000018475,00	 0000000009492,00	 0000000000000,00	 0000000001427,00
2500100	 0000000000616,00	 0000000009492,00	 0000000000000,00	 0000000000000,00
2500200	 0000000017859,00	 0000000000000,00	 0000000000000,00	 0000000000000,00
2500300	 0000000000000,00	 0000000000000,00	 0000000000000,00	 0000000001427,00
2600000	 0000000000000,00	 0000000000000,00	 0000000000000,00	 0000000000000,00
2650000	 0000000120003,00	 0000000000000,00	 0000000000000,00	 0000000011144,00
2700000	 0000000083650,00	 0000000000000,00	 0000000000000,00	 0000000070695,00
2700100	 0000000025641,00	 0000000000000,00	 0000000000000,00	 0000000046477,00
2700200	 0000000021505,00	 0000000000000,00	 0000000000000,00	 0000000000000,00
2700300	 0000000011771,00	 0000000000000,00	 0000000000000,00	 0000000019976,00
2700400	 0000000024733,00	 0000000000000,00	 0000000000000,00	 0000000004242,00
2700401	 0000000002930,00	 0000000000000,00	 0000000000000,00	 0000000003258,00
2700402	 0000000000000,00	 0000000000000,00	 0000000000000,00	 0000000000000,00
2700411	 0000000000000,00	 0000000000000,00	 0000000000000,00	 0000000000000,00
2700412	 0000000000000,00	 0000000000000,00	 0000000000000,00	 0000000000000,00
2700413	 0000000000000,00	 0000000000000,00	 0000000000000,00	 0000000000000,00
2700421	 0000000000000,00	 0000000000000,00	 0000000000000,00	 0000000000000,00
2700422	 0000000000000,00	 0000000000000,00	 0000000000000,00	 0000000000000,00
2700423	 0000000000000,00	 0000000000000,00	 0000000000000,00	 0000000000000,00
2700490	 0000000021803,00	 0000000000000,00	 0000000000000,00	 0000000000984,00
2800000	 0000000298259,00	 0000000000000,00	 0000000000000,00	 0000000085477,00
3000000	 0000003374293,00	 0000000057304,00	 0000000000264,00	 0000000007520,00
3101000	 0000001862826,00	 0000000000000,00	 0000000000000,00	 0000000000000,00
3102000	 0000001294108,00	 0000000000000,00	 0000000000000,00	 0000000000000,00
3103000	 0000000004090,00	 0000000000000,00	 0000000000000,00	 0000000000000,00
3104000	-0000000042679,00	 0000000057304,00	 0000000000264,00	 0000000006616,00
3104100	 0000000000000,00	 0000000000000,00	 0000000000000,00	 0000000000000,00
3104200	-0000000021174,00	 0000000057304,00	 0000000000264,00	 0000000006616,00
3104300	-0000000021505,00	 0000000000000,00	 0000000000000,00	 0000000000000,00
3200000	 0000000255948,00	 0000000000000,00	 0000000000000,00	 0000000000904,00
5001000	 0000003118345,00	 0000000057304,00	 0000000000264,00	 0000000006616,00
5002000	 0000013083243,00	 0000005345001,00	 0000000000272,00	 0000011126341,00
5100000	 0000006129376,00	 0000007632762,00	 0000000015099,00	 0000007549334,00
