028	BANCO BICE                                                              
1000000	 0000002086454,00	 0000001742240,00	 0000000112044,00	 0000000803489,00
1100000	 0000000319776,00	 0000000000000,00	 0000000000000,00	 0000000155864,00
1100100	 0000000014382,00	 0000000000000,00	 0000000000000,00	 0000000004086,00
1100200	 0000000304736,00	 0000000000000,00	 0000000000000,00	 0000000023915,00
1100300	 0000000000658,00	 0000000000000,00	 0000000000000,00	 0000000000260,00
1100400	 0000000000000,00	 0000000000000,00	 0000000000000,00	 0000000127603,00
1130000	 0000000080778,00	 0000000000000,00	 0000000000000,00	 0000000035378,00
1130100	 0000000023020,00	 0000000000000,00	 0000000000000,00	 0000000002147,00
1130200	 0000000057758,00	 0000000000000,00	 0000000000000,00	 0000000033231,00
1150000	 0000000128773,00	 0000000082045,00	 0000000000000,00	 0000000000000,00
1150100	 0000000045447,00	 0000000052077,00	 0000000000000,00	 0000000000000,00
1150200	 0000000058065,00	 0000000029968,00	 0000000000000,00	 0000000000000,00
1150300	 0000000000000,00	 0000000000000,00	 0000000000000,00	 0000000000000,00
1150400	 0000000025261,00	 0000000000000,00	 0000000000000,00	 0000000000000,00
1160000	 0000000001855,00	 0000000000000,00	 0000000000000,00	 0000000000000,00
1160100	 0000000000000,00	 0000000000000,00	 0000000000000,00	 0000000000000,00
1160200	 0000000001855,00	 0000000000000,00	 0000000000000,00	 0000000000000,00
1250000	 0000000039564,00	 0000000000000,00	 0000000000000,00	 0000000004206,00
1250100	 0000000039564,00	 0000000000000,00	 0000000000000,00	 0000000004206,00
1250200	 0000000000000,00	 0000000000000,00	 0000000000000,00	 0000000000000,00
1270000	-0000000000030,00	 0000000000000,00	 0000000000000,00	 0000000006253,00
1270100	 0000000000000,00	 0000000000000,00	 0000000000000,00	 0000000000000,00
1270112	 0000000000000,00	 0000000000000,00	 0000000000000,00	 0000000000000,00
1270113	 0000000000000,00	 0000000000000,00	 0000000000000,00	 0000000000000,00
1270116	 0000000000000,00	 0000000000000,00	 0000000000000,00	 0000000000000,00
1270117	 0000000000000,00	 0000000000000,00	 0000000000000,00	 0000000000000,00
1270118	 0000000000000,00	 0000000000000,00	 0000000000000,00	 0000000000000,00
1270190	 0000000000000,00	 0000000000000,00	 0000000000000,00	 0000000000000,00
1270200	-0000000000030,00	 0000000000000,00	 0000000000000,00	 0000000006252,00
1270202	 0000000000000,00	 0000000000000,00	 0000000000000,00	 0000000000000,00
1270203	 0000000000000,00	 0000000000000,00	 0000000000000,00	 0000000000000,00
1270206	 0000000000000,00	 0000000000000,00	 0000000000000,00	 0000000000000,00
1270207	 0000000000000,00	 0000000000000,00	 0000000000000,00	 0000000000000,00
1270208	 0000000000000,00	 0000000000000,00	 0000000000000,00	 0000000006252,00
1270290	-0000000000030,00	 0000000000000,00	 0000000000000,00	 0000000000000,00
1270300	 0000000000000,00	 0000000000000,00	 0000000000000,00	 0000000000001,00
1300000	 0000001180712,00	 0000001635653,00	 0000000112044,00	 0000000595635,00
1302000	 0000001124916,00	 0000001155291,00	 0000000112044,00	 0000000593913,00
1302100	 0000001056466,00	 0000000911370,00	 0000000081991,00	 0000000366732,00
1302101	 0000001056466,00	 0000000857172,00	 0000000081991,00	 0000000366519,00
1302102	 0000000000000,00	 0000000000000,00	 0000000000000,00	 0000000000213,00
1302170	 0000000000000,00	 0000000007038,00	 0000000000000,00	 0000000000000,00
1302180	 0000000000000,00	 0000000047160,00	 0000000000000,00	 0000000000000,00
1302200	 0000000003390,00	 0000000000000,00	 0000000000013,00	 0000000223958,00
1302201	 0000000000000,00	 0000000000000,00	 0000000000000,00	 0000000000000,00
1302202	 0000000003390,00	 0000000000000,00	 0000000000000,00	 0000000104851,00
1302241	 0000000000000,00	 0000000000000,00	 0000000000013,00	 0000000008482,00
1302242	 0000000000000,00	 0000000000000,00	 0000000000000,00	 0000000090196,00
1302281	 0000000000000,00	 0000000000000,00	 0000000000000,00	 0000000000279,00
1302282	 0000000000000,00	 0000000000000,00	 0000000000000,00	 0000000020150,00
1302300	 0000000029733,00	 0000000000000,00	 0000000000000,00	 0000000002993,00
1302500	 0000000000000,00	 0000000000053,00	 0000000000000,00	 0000000000000,00
1302800	 0000000033464,00	 0000000243866,00	 0000000029996,00	 0000000000000,00
1302900	 0000000001863,00	 0000000000002,00	 0000000000044,00	 0000000000230,00
1304000	 0000000000006,00	 0000000473442,00	 0000000000000,00	 0000000000000,00
1304100	 0000000000000,00	 0000000002986,00	 0000000000000,00	 0000000000000,00
1304101	 0000000000000,00	 0000000002986,00	 0000000000000,00	 0000000000000,00
1304102	 0000000000000,00	 0000000000000,00	 0000000000000,00	 0000000000000,00
1304200	 0000000000000,00	 0000000190290,00	 0000000000000,00	 0000000000000,00
1304400	 0000000000000,00	 0000000000000,00	 0000000000000,00	 0000000000000,00
1304500	 0000000000000,00	 0000000280164,00	 0000000000000,00	 0000000000000,00
1304600	 0000000000000,00	 0000000000000,00	 0000000000000,00	 0000000000000,00
1304800	 0000000000000,00	 0000000000000,00	 0000000000000,00	 0000000000000,00
1304900	 0000000000006,00	 0000000000002,00	 0000000000000,00	 0000000000000,00
1305000	 0000000099733,00	 0000000006920,00	 0000000000000,00	 0000000001722,00
1305100	 0000000069957,00	 0000000006920,00	 0000000000000,00	 0000000000000,00
1305300	 0000000012171,00	 0000000000000,00	 0000000000000,00	 0000000000002,00
1305400	 0000000017605,00	 0000000000000,00	 0000000000000,00	 0000000001720,00
1305800	 0000000000000,00	 0000000000000,00	 0000000000000,00	 0000000000000,00
1305900	 0000000000000,00	 0000000000000,00	 0000000000000,00	 0000000000000,00
1309000	-0000000043943,00	 0000000000000,00	 0000000000000,00	 0000000000000,00
1309100	-0000000042794,00	 0000000000000,00	 0000000000000,00	 0000000000000,00
1309200	-0000000000302,00	 0000000000000,00	 0000000000000,00	 0000000000000,00
1309300	-0000000000847,00	 0000000000000,00	 0000000000000,00	 0000000000000,00
1350000	 0000000089431,00	 0000000024541,00	 0000000000000,00	 0000000000000,00
1350100	 0000000089431,00	 0000000000739,00	 0000000000000,00	 0000000000000,00
1350200	 0000000000000,00	 0000000023802,00	 0000000000000,00	 0000000000000,00
1350300	 0000000000000,00	 0000000000000,00	 0000000000000,00	 0000000000000,00
1360000	 0000000000000,00	 0000000000000,00	 0000000000000,00	 0000000000000,00
1360100	 0000000000000,00	 0000000000000,00	 0000000000000,00	 0000000000000,00
1360200	 0000000000000,00	 0000000000000,00	 0000000000000,00	 0000000000000,00
1360300	 0000000000000,00	 0000000000000,00	 0000000000000,00	 0000000000000,00
1400000	 0000000000909,00	 0000000000000,00	 0000000000000,00	 0000000000007,00
1400100	 0000000000000,00	 0000000000000,00	 0000000000000,00	 0000000000000,00
1400101	 0000000000000,00	 0000000000000,00	 0000000000000,00	 0000000000000,00
1400103	 0000000000000,00	 0000000000000,00	 0000000000000,00	 0000000000000,00
1400200	 0000000000909,00	 0000000000000,00	 0000000000000,00	 0000000000007,00
1500000	 0000000002113,00	 0000000000000,00	 0000000000000,00	 0000000000000,00
1500100	 0000000000000,00	 0000000000000,00	 0000000000000,00	 0000000000000,00
1500200	 0000000002113,00	 0000000000000,00	 0000000000000,00	 0000000000000,00
1600000	 0000000023396,00	 0000000000000,00	 0000000000000,00	 0000000000000,00
1600100	 0000000018167,00	 0000000000000,00	 0000000000000,00	 0000000000000,00
1600200	 0000000005229,00	 0000000000000,00	 0000000000000,00	 0000000000000,00
1700000	 0000000000028,00	 0000000000000,00	 0000000000000,00	 0000000000000,00
1750000	 0000000103252,00	 0000000000000,00	 0000000000000,00	 0000000000000,00
1800000	 0000000115897,00	 0000000000001,00	 0000000000000,00	 0000000006146,00
1800100	 0000000018851,00	 0000000000000,00	 0000000000000,00	 0000000001193,00
1800200	 0000000000000,00	 0000000000000,00	 0000000000000,00	 0000000000000,00
1800900	 0000000097046,00	 0000000000001,00	 0000000000000,00	 0000000004953,00
2000000	 0000002222485,00	 0000001391549,00	 0000000086208,00	 0000000695812,00
2100000	 0000000488664,00	 0000000042700,00	 0000000000000,00	 0000000163234,00
2100100	 0000000409427,00	 0000000000000,00	 0000000000000,00	 0000000152739,00
2100109	 0000000301028,00	 0000000000000,00	 0000000000000,00	 0000000133416,00
2100110	 0000000108395,00	 0000000000000,00	 0000000000000,00	 0000000019323,00
2100200	 0000000039977,00	 0000000000000,00	 0000000000000,00	 0000000000000,00
2100300	 0000000039260,00	 0000000042700,00	 0000000000000,00	 0000000010495,00
2130000	 0000000060127,00	 0000000000000,00	 0000000000000,00	 0000000016124,00
2160000	 0000000038731,00	 0000000000000,00	 0000000000000,00	 0000000000000,00
2160100	 0000000020009,00	 0000000000000,00	 0000000000000,00	 0000000000000,00
2160200	 0000000018722,00	 0000000000000,00	 0000000000000,00	 0000000000000,00
2200000	 0000001303871,00	 0000000656396,00	 0000000000000,00	 0000000200241,00
2200100	 0000001303871,00	 0000000651142,00	 0000000000000,00	 0000000200241,00
2200200	 0000000000000,00	 0000000005254,00	 0000000000000,00	 0000000000000,00
2200900	 0000000000000,00	 0000000000000,00	 0000000000000,00	 0000000000000,00
2250000	 0000000055518,00	 0000000000000,00	 0000000000000,00	 0000000002979,00
2250100	 0000000055518,00	 0000000000000,00	 0000000000000,00	 0000000002979,00
2250200	 0000000000000,00	 0000000000000,00	 0000000000000,00	 0000000000000,00
2300000	 0000000000000,00	 0000000000000,00	 0000000000000,00	 0000000131900,00
2301000	 0000000000000,00	 0000000000000,00	 0000000000000,00	 0000000000000,00
2301001	 0000000000000,00	 0000000000000,00	 0000000000000,00	 0000000000000,00
2302000	 0000000000000,00	 0000000000000,00	 0000000000000,00	 0000000131900,00
2302100	 0000000000000,00	 0000000000000,00	 0000000000000,00	 0000000120755,00
2302200	 0000000000000,00	 0000000000000,00	 0000000000000,00	 0000000011145,00
2303000	 0000000000000,00	 0000000000000,00	 0000000000000,00	 0000000000000,00
2303100	 0000000000000,00	 0000000000000,00	 0000000000000,00	 0000000000000,00
2303900	 0000000000000,00	 0000000000000,00	 0000000000000,00	 0000000000000,00
2400000	 0000000030798,00	 0000000672081,00	 0000000000000,00	 0000000108723,00
2401000	 0000000000000,00	 0000000010867,00	 0000000000000,00	 0000000000000,00
2402000	 0000000030798,00	 0000000661214,00	 0000000000000,00	 0000000108723,00
2402100	 0000000030798,00	 0000000494014,00	 0000000000000,00	 0000000108723,00
2402200	 0000000000000,00	 0000000167200,00	 0000000000000,00	 0000000000000,00
2402300	 0000000000000,00	 0000000000000,00	 0000000000000,00	 0000000000000,00
2500000	 0000000001772,00	 0000000020370,00	 0000000083053,00	 0000000066282,00
2500100	 0000000000000,00	 0000000020370,00	 0000000083053,00	 0000000000000,00
2500200	 0000000001772,00	 0000000000000,00	 0000000000000,00	 0000000018504,00
2500300	 0000000000000,00	 0000000000000,00	 0000000000000,00	 0000000047778,00
2600000	 0000000003168,00	 0000000000000,00	 0000000000000,00	 0000000000000,00
2650000	 0000000084846,00	 0000000000000,00	 0000000000000,00	 0000000000000,00
2700000	 0000000059957,00	 0000000000000,00	 0000000000000,00	 0000000000000,00
2700100	 0000000006411,00	 0000000000000,00	 0000000000000,00	 0000000000000,00
2700200	 0000000024995,00	 0000000000000,00	 0000000000000,00	 0000000000000,00
2700300	 0000000005260,00	 0000000000000,00	 0000000000000,00	 0000000000000,00
2700400	 0000000023291,00	 0000000000000,00	 0000000000000,00	 0000000000000,00
2700401	 0000000000017,00	 0000000000000,00	 0000000000000,00	 0000000000000,00
2700402	 0000000000000,00	 0000000000000,00	 0000000000000,00	 0000000000000,00
2700411	 0000000019782,00	 0000000000000,00	 0000000000000,00	 0000000000000,00
2700412	 0000000002842,00	 0000000000000,00	 0000000000000,00	 0000000000000,00
2700413	 0000000000650,00	 0000000000000,00	 0000000000000,00	 0000000000000,00
2700421	 0000000000000,00	 0000000000000,00	 0000000000000,00	 0000000000000,00
2700422	 0000000000000,00	 0000000000000,00	 0000000000000,00	 0000000000000,00
2700423	 0000000000000,00	 0000000000000,00	 0000000000000,00	 0000000000000,00
2700490	 0000000000000,00	 0000000000000,00	 0000000000000,00	 0000000000000,00
2800000	 0000000095033,00	 0000000000002,00	 0000000003155,00	 0000000006329,00
3000000	 0000000348173,00	 0000000000000,00	 0000000000000,00	 0000000000000,00
3101000	 0000000032142,00	 0000000000000,00	 0000000000000,00	 0000000000000,00
3102000	 0000000006041,00	 0000000000000,00	 0000000000000,00	 0000000000000,00
3103000	 0000000000060,00	 0000000000000,00	 0000000000000,00	 0000000000000,00
3104000	 0000000309906,00	 0000000000000,00	 0000000000000,00	 0000000000000,00
3104100	 0000000284912,00	 0000000000000,00	 0000000000000,00	 0000000000000,00
3104200	 0000000049988,00	 0000000000000,00	 0000000000000,00	 0000000000000,00
3104300	-0000000024994,00	 0000000000000,00	 0000000000000,00	 0000000000000,00
3200000	 0000000000024,00	 0000000000000,00	 0000000000000,00	 0000000000000,00
5001000	 0000000348149,00	 0000000000000,00	 0000000000000,00	 0000000000000,00
5002000	 0000002570658,00	 0000001391549,00	 0000000086208,00	 0000000695812,00
5100000	 0000001224655,00	 0000001635653,00	 0000000112044,00	 0000000595635,00
