027	CORPBANCA                               
4100000	 0000000247395,00	 0000000271804,00	 0000000000536,00	 0000000447567,00
4100100	 0000000000800,00	 0000000000026,00	 0000000000000,00	 0000000009907,00
4100101	 0000000000800,00	 0000000000000,00	 0000000000000,00	 0000000009907,00
4100151	 0000000000000,00	 0000000000026,00	 0000000000000,00	 0000000000000,00
4100200	 0000000006117,00	 0000000000000,00	 0000000000000,00	 0000000000804,00
4100201	 0000000006117,00	 0000000000000,00	 0000000000000,00	 0000000000804,00
4100251	 0000000000000,00	 0000000000000,00	 0000000000000,00	 0000000000000,00
4100300	 0000000157097,00	 0000000149993,00	 0000000000381,00	 0000000244698,00
4100301	 0000000140344,00	 0000000053075,00	 0000000000002,00	 0000000172642,00
4100309	 0000000001821,00	 0000000000000,00	 0000000000000,00	 0000000009322,00
4100310	 0000000002530,00	 0000000000000,00	 0000000000000,00	 0000000003974,00
4100320	 0000000003803,00	 0000000000011,00	 0000000000000,00	 0000000003386,00
4100330	 0000000006027,00	 0000000010664,00	 0000000000379,00	 0000000052407,00
4100340	 0000000001445,00	 0000000009170,00	 0000000000000,00	 0000000002808,00
4100351	 0000000000000,00	 0000000059207,00	 0000000000000,00	 0000000000003,00
4100359	 0000000000000,00	 0000000000000,00	 0000000000000,00	 0000000000000,00
4100360	 0000000000000,00	 0000000000000,00	 0000000000000,00	 0000000000000,00
4100370	 0000000000000,00	 0000000000083,00	 0000000000000,00	 0000000000000,00
4100380	 0000000000000,00	 0000000008906,00	 0000000000000,00	 0000000000000,00
4100390	 0000000000000,00	 0000000008758,00	 0000000000000,00	 0000000000000,00
4100399	 0000000001127,00	 0000000000119,00	 0000000000000,00	 0000000000156,00
4100400	 0000000000085,00	 0000000109808,00	 0000000000000,00	 0000000038119,00
4100401	 0000000000001,00	 0000000002404,00	 0000000000000,00	 0000000000000,00
4100402	 0000000000000,00	 0000000001025,00	 0000000000000,00	 0000000000000,00
4100403	 0000000000000,00	 0000000000000,00	 0000000000000,00	 0000000000000,00
4100405	 0000000000000,00	 0000000006684,00	 0000000000000,00	 0000000000000,00
4100407	 0000000000084,00	 0000000040868,00	 0000000000000,00	 0000000015817,00
4100408	 0000000000000,00	 0000000000000,00	 0000000000000,00	 0000000000000,00
4100420	 0000000000000,00	 0000000000003,00	 0000000000000,00	 0000000022302,00
4100430	 0000000000000,00	 0000000001304,00	 0000000000000,00	 0000000000000,00
4100451	 0000000000000,00	 0000000002511,00	 0000000000000,00	 0000000000000,00
4100452	 0000000000000,00	 0000000000000,00	 0000000000000,00	 0000000000000,00
4100455	 0000000000000,00	 0000000006902,00	 0000000000000,00	 0000000000000,00
4100457	 0000000000000,00	 0000000046803,00	 0000000000000,00	 0000000000000,00
4100458	 0000000000000,00	 0000000000000,00	 0000000000000,00	 0000000000000,00
4100480	 0000000000000,00	 0000000000002,00	 0000000000000,00	 0000000000000,00
4100490	 0000000000000,00	 0000000001302,00	 0000000000000,00	 0000000000000,00
4100499	 0000000000000,00	 0000000000000,00	 0000000000000,00	 0000000000000,00
4100500	 0000000069946,00	 0000000000838,00	 0000000000000,00	 0000000139463,00
4100501	 0000000023035,00	 0000000000472,00	 0000000000000,00	 0000000108323,00
4100510	 0000000010117,00	 0000000000000,00	 0000000000000,00	 0000000001141,00
4100520	 0000000008818,00	 0000000000000,00	 0000000000000,00	 0000000027400,00
4100530	 0000000000032,00	 0000000000022,00	 0000000000000,00	 0000000001962,00
4100540	 0000000027414,00	 0000000000000,00	 0000000000000,00	 0000000000637,00
4100590	 0000000000000,00	 0000000000344,00	 0000000000000,00	 0000000000000,00
4100599	 0000000000530,00	 0000000000000,00	 0000000000000,00	 0000000000000,00
4100600	 0000000011025,00	 0000000010238,00	 0000000000155,00	 0000000009691,00
4100601	 0000000011025,00	 0000000004333,00	 0000000000155,00	 0000000006373,00
4100621	 0000000000000,00	 0000000000191,00	 0000000000000,00	 0000000003344,00
4100651	 0000000000000,00	 0000000005436,00	 0000000000000,00	-0000000000026,00
4100671	 0000000000000,00	 0000000000278,00	 0000000000000,00	 0000000000000,00
4100800	 0000000002325,00	 0000000000901,00	 0000000000000,00	 0000000002872,00
4100801	 0000000000000,00	 0000000000000,00	 0000000000000,00	 0000000000000,00
4100804	 0000000000000,00	 0000000000000,00	 0000000000000,00	 0000000000054,00
4100810	 0000000002325,00	 0000000000008,00	 0000000000000,00	 0000000002818,00
4100850	 0000000000000,00	 0000000000893,00	 0000000000000,00	 0000000000000,00
4100900	 0000000000000,00	 0000000000000,00	 0000000000000,00	 0000000002013,00
4150000	-0000000159422,00	-0000000129595,00	-0000000000009,00	-0000000213023,00
4150100	-0000000002055,00	-0000000000368,00	 0000000000000,00	-0000000050497,00
4150101	-0000000002055,00	 0000000000000,00	 0000000000000,00	-0000000002132,00
4150102	 0000000000000,00	 0000000000000,00	 0000000000000,00	-0000000048353,00
4150103	 0000000000000,00	 0000000000000,00	 0000000000000,00	-0000000000012,00
4150151	 0000000000000,00	-0000000000368,00	 0000000000000,00	 0000000000000,00
4150200	-0000000001196,00	-0000000000034,00	 0000000000000,00	-0000000021747,00
4150201	-0000000001196,00	 0000000000000,00	 0000000000000,00	-0000000021747,00
4150251	 0000000000000,00	-0000000000034,00	 0000000000000,00	 0000000000000,00
4150300	-0000000148847,00	-0000000022877,00	 0000000000000,00	-0000000091893,00
4150301	-0000000148847,00	-0000000007916,00	 0000000000000,00	-0000000091579,00
4150302	 0000000000000,00	-0000000000010,00	 0000000000000,00	-0000000000203,00
4150309	 0000000000000,00	 0000000000000,00	 0000000000000,00	-0000000000111,00
4150351	 0000000000000,00	-0000000014662,00	 0000000000000,00	 0000000000000,00
4150352	 0000000000000,00	-0000000000289,00	 0000000000000,00	 0000000000000,00
4150359	 0000000000000,00	 0000000000000,00	 0000000000000,00	 0000000000000,00
4150400	-0000000001381,00	 0000000000000,00	 0000000000000,00	-0000000015058,00
4150401	-0000000001381,00	 0000000000000,00	 0000000000000,00	-0000000015058,00
4150451	 0000000000000,00	 0000000000000,00	 0000000000000,00	 0000000000000,00
4150500	-0000000006905,00	-0000000104214,00	 0000000000000,00	-0000000033302,00
4150501	-0000000000001,00	-0000000003617,00	 0000000000000,00	 0000000000000,00
4150511	-0000000006904,00	-0000000022359,00	 0000000000000,00	-0000000026192,00
4150521	 0000000000000,00	-0000000018744,00	 0000000000000,00	-0000000007110,00
4150522	 0000000000000,00	 0000000000000,00	 0000000000000,00	 0000000000000,00
4150551	 0000000000000,00	-0000000003900,00	 0000000000000,00	 0000000000000,00
4150561	 0000000000000,00	-0000000036412,00	 0000000000000,00	 0000000000000,00
4150571	 0000000000000,00	-0000000019182,00	 0000000000000,00	 0000000000000,00
4150572	 0000000000000,00	 0000000000000,00	 0000000000000,00	 0000000000000,00
4150600	-0000000000029,00	-0000000000368,00	-0000000000009,00	-0000000000233,00
4150601	-0000000000029,00	-0000000000147,00	-0000000000009,00	-0000000000031,00
4150651	 0000000000000,00	-0000000000221,00	 0000000000000,00	-0000000000202,00
4150800	-0000000000290,00	-0000000001734,00	 0000000000000,00	-0000000000293,00
4150801	-0000000000289,00	 0000000000000,00	 0000000000000,00	-0000000000293,00
4150851	-0000000000001,00	-0000000001734,00	 0000000000000,00	 0000000000000,00
4150900	 0000000001281,00	 0000000000000,00	 0000000000000,00	 0000000000000,00
4200000	 0000000072215,00	 0000000000000,00	 0000000000000,00	 0000000078319,00
4200100	 0000000003730,00	 0000000000000,00	 0000000000000,00	 0000000005607,00
4200200	 0000000004022,00	 0000000000000,00	 0000000000000,00	 0000000005075,00
4200300	 0000000012243,00	 0000000000000,00	 0000000000000,00	 0000000016217,00
4200303	 0000000005140,00	 0000000000000,00	 0000000000000,00	 0000000001740,00
4200304	 0000000002546,00	 0000000000000,00	 0000000000000,00	 0000000005526,00
4200305	 0000000002964,00	 0000000000000,00	 0000000000000,00	 0000000006679,00
4200306	 0000000001593,00	 0000000000000,00	 0000000000000,00	 0000000001003,00
4200307	 0000000000000,00	 0000000000000,00	 0000000000000,00	 0000000000681,00
4200309	 0000000000000,00	 0000000000000,00	 0000000000000,00	 0000000000588,00
4200400	 0000000005183,00	 0000000000000,00	 0000000000000,00	 0000000003178,00
4200500	 0000000007228,00	 0000000000000,00	 0000000000000,00	 0000000018455,00
4200600	 0000000002107,00	 0000000000000,00	 0000000000000,00	 0000000004376,00
4200700	 0000000006429,00	 0000000000000,00	 0000000000000,00	 0000000011111,00
4200800	 0000000008680,00	 0000000000000,00	 0000000000000,00	 0000000007329,00
4200900	 0000000022593,00	 0000000000000,00	 0000000000000,00	 0000000006971,00
4250000	-0000000013879,00	 0000000000000,00	 0000000000000,00	-0000000016759,00
4250100	-0000000006379,00	 0000000000000,00	 0000000000000,00	-0000000006561,00
4250101	-0000000004399,00	 0000000000000,00	 0000000000000,00	-0000000004131,00
4250102	-0000000001972,00	 0000000000000,00	 0000000000000,00	-0000000002430,00
4250190	-0000000000008,00	 0000000000000,00	 0000000000000,00	 0000000000000,00
4250200	-0000000000910,00	 0000000000000,00	 0000000000000,00	-0000000002428,00
4250300	-0000000006590,00	 0000000000000,00	 0000000000000,00	-0000000007770,00
4300000	 0000000098613,00	 0000000004101,00	 0000000000050,00	 0000000061107,00
4300100	 0000000001842,00	 0000000001552,00	 0000000000050,00	 0000000028218,00
4300101	 0000000001920,00	 0000000001041,00	 0000000000050,00	 0000000020265,00
4300102	-0000000001628,00	-0000000000333,00	 0000000000000,00	 0000000007156,00
4300103	 0000000001920,00	 0000000000849,00	 0000000000000,00	 0000000006666,00
4300104	-0000000001334,00	-0000000000005,00	 0000000000000,00	-0000000005871,00
4300190	 0000000000964,00	 0000000000000,00	 0000000000000,00	 0000000000002,00
4300200	 0000000086943,00	-0000000000201,00	 0000000000000,00	 0000000014440,00
4300300	 0000000005520,00	 0000000002750,00	 0000000000000,00	 0000000016982,00
4300400	 0000000004418,00	 0000000000000,00	 0000000000000,00	 0000000001299,00
4300500	-0000000000110,00	 0000000000000,00	 0000000000000,00	 0000000000168,00
4350000	-0000000068122,00	-0000000000044,00	 0000000002905,00	 0000000032209,00
4350100	-0000000061041,00	 0000000000000,00	 0000000000000,00	 0000000032223,00
4350200	 0000000000000,00	 0000000000000,00	 0000000002905,00	 0000000000000,00
4350900	-0000000007081,00	-0000000000044,00	 0000000000000,00	-0000000000014,00
4400000	 0000000004331,00	 0000000000000,00	 0000000000000,00	 0000000015002,00
4400100	 0000000001052,00	 0000000000000,00	 0000000000000,00	 0000000000955,00
4400200	 0000000000000,00	 0000000000000,00	 0000000000000,00	 0000000001649,00
4400290	 0000000000000,00	 0000000000000,00	 0000000000000,00	 0000000000031,00
4400300	 0000000003279,00	 0000000000000,00	 0000000000000,00	 0000000012398,00
4500000	-0000000022464,00	 0000000000000,00	 0000000000000,00	-0000000067186,00
4500100	-0000000030959,00	 0000000000000,00	 0000000000000,00	-0000000073587,00
4500101	-0000000012021,00	 0000000000000,00	 0000000000000,00	-0000000028758,00
4500111	-0000000001229,00	 0000000000000,00	 0000000000000,00	-0000000001871,00
4500112	-0000000017721,00	 0000000000000,00	 0000000000000,00	-0000000042886,00
4500190	 0000000000012,00	 0000000000000,00	 0000000000000,00	-0000000000072,00
4500200	-0000000000782,00	 0000000000000,00	 0000000000000,00	-0000000001928,00
4500700	 0000000000000,00	 0000000000000,00	 0000000000000,00	 0000000000000,00
4500701	 0000000000000,00	 0000000000000,00	 0000000000000,00	 0000000000000,00
4500702	 0000000000000,00	 0000000000000,00	 0000000000000,00	 0000000000000,00
4500703	 0000000000000,00	 0000000000000,00	 0000000000000,00	 0000000000000,00
4500800	 0000000000000,00	 0000000000000,00	 0000000000000,00	 0000000000000,00
4500801	 0000000000000,00	 0000000000000,00	 0000000000000,00	 0000000000000,00
4500802	 0000000000000,00	 0000000000000,00	 0000000000000,00	 0000000000000,00
4500803	 0000000000000,00	 0000000000000,00	 0000000000000,00	 0000000000000,00
4500900	 0000000009277,00	 0000000000000,00	 0000000000000,00	 0000000008329,00
4500901	 0000000002741,00	 0000000000000,00	 0000000000000,00	 0000000004082,00
4500911	 0000000000749,00	 0000000000000,00	 0000000000000,00	 0000000000174,00
4500921	 0000000005787,00	 0000000000000,00	 0000000000000,00	 0000000004073,00
4500931	 0000000000000,00	 0000000000000,00	 0000000000000,00	 0000000000000,00
4600000	-0000000081175,00	 0000000000000,00	 0000000000000,00	-0000000084025,00
4610000	-0000000067197,00	 0000000000000,00	 0000000000000,00	-0000000087902,00
4610100	-0000000050200,00	 0000000000000,00	 0000000000000,00	-0000000053271,00
4610200	-0000000009203,00	 0000000000000,00	 0000000000000,00	-0000000011009,00
4610300	-0000000000942,00	 0000000000000,00	 0000000000000,00	-0000000000138,00
4610400	-0000000002396,00	 0000000000000,00	 0000000000000,00	-0000000002226,00
4610500	-0000000004456,00	 0000000000000,00	 0000000000000,00	-0000000021258,00
4620000	-0000000016865,00	 0000000000000,00	 0000000000000,00	-0000000023142,00
4630000	 0000000000000,00	 0000000000000,00	 0000000000000,00	 0000000000000,00
4650000	-0000000007214,00	 0000000000000,00	 0000000000000,00	-0000000013774,00
4650100	-0000000000618,00	 0000000000000,00	 0000000000000,00	-0000000000700,00
4650200	-0000000000466,00	 0000000000000,00	 0000000000000,00	-0000000000191,00
4650201	-0000000000442,00	 0000000000000,00	 0000000000000,00	-0000000000191,00
4650211	 0000000000000,00	 0000000000000,00	 0000000000000,00	 0000000000000,00
4650290	-0000000000024,00	 0000000000000,00	 0000000000000,00	 0000000000000,00
4650900	-0000000006130,00	 0000000000000,00	 0000000000000,00	-0000000012883,00
4700000	 0000000000176,00	 0000000000000,00	 0000000000000,00	 0000000001514,00
4700100	 0000000000176,00	 0000000000000,00	 0000000000000,00	 0000000001514,00
4700101	 0000000000000,00	 0000000000000,00	 0000000000000,00	 0000000000000,00
4700103	 0000000000000,00	 0000000000000,00	 0000000000000,00	 0000000000000,00
4700110	 0000000000176,00	 0000000000000,00	 0000000000000,00	 0000000001514,00
4700200	 0000000000000,00	 0000000000000,00	 0000000000000,00	 0000000000000,00
4700201	 0000000000000,00	 0000000000000,00	 0000000000000,00	 0000000000000,00
4700203	 0000000000000,00	 0000000000000,00	 0000000000000,00	 0000000000000,00
4700210	 0000000000000,00	 0000000000000,00	 0000000000000,00	 0000000000000,00
4800000	-0000000042852,00	 0000000000000,00	 0000000000000,00	-0000000037191,00
4800001	-0000000054495,00	 0000000000000,00	 0000000000000,00	-0000000029053,00
4850000	 0000000000000,00	 0000000000000,00	 0000000000000,00	 0000000000000,00
4900000	 0000000025764,00	 0000000000000,00	 0000000000000,00	 0000000000189,00
5003000	 0000000087973,00	 0000000142209,00	 0000000000527,00	 0000000234544,00
5004000	 0000000058336,00	 0000000000000,00	 0000000000000,00	 0000000061560,00
5005000	 0000000181131,00	 0000000146266,00	 0000000003482,00	 0000000404422,00
5006000	 0000000158667,00	 0000000146266,00	 0000000003482,00	 0000000337236,00
5007000	-0000000013784,00	 0000000146266,00	 0000000003482,00	 0000000128393,00
5008000	-0000000013608,00	 0000000146266,00	 0000000003482,00	 0000000129907,00
5009000	-0000000056460,00	 0000000146266,00	 0000000003482,00	 0000000092716,00
5010000	-0000000056460,00	 0000000146266,00	 0000000003482,00	 0000000092716,00
5020000	-0000000082224,00	 0000000146266,00	 0000000003482,00	 0000000092527,00
