001	BANCO DE CHILE                                                          
1000000	 0000010930245,00	 0000009575321,00	 0000000090199,00	 0000003455034,00
1100000	 0000000640428,00	 0000000000000,00	 0000000000000,00	 0000000510362,00
1100100	 0000000285582,00	 0000000000000,00	 0000000000000,00	 0000000021398,00
1100200	 0000000350316,00	 0000000000000,00	 0000000000000,00	 0000000100480,00
1100300	 0000000004530,00	 0000000000000,00	 0000000000000,00	 0000000005549,00
1100400	 0000000000000,00	 0000000000000,00	 0000000000000,00	 0000000382935,00
1130000	 0000000380899,00	 0000000000000,00	 0000000000000,00	 0000000171877,00
1130100	 0000000172025,00	 0000000000000,00	 0000000000000,00	 0000000017110,00
1130200	 0000000208874,00	 0000000000000,00	 0000000000000,00	 0000000154767,00
1150000	 0000000205858,00	 0000000089327,00	 0000000000000,00	 0000000005982,00
1150100	 0000000028245,00	 0000000061526,00	 0000000000000,00	 0000000000000,00
1150200	 0000000112481,00	 0000000027801,00	 0000000000000,00	 0000000000000,00
1150300	 0000000000000,00	 0000000000000,00	 0000000000000,00	 0000000000000,00
1150400	 0000000065132,00	 0000000000000,00	 0000000000000,00	 0000000005982,00
1160000	 0000000012070,00	 0000000000000,00	 0000000000000,00	 0000000000000,00
1160100	 0000000000000,00	 0000000000000,00	 0000000000000,00	 0000000000000,00
1160200	 0000000012070,00	 0000000000000,00	 0000000000000,00	 0000000000000,00
1250000	 0000000341184,00	 0000000000000,00	 0000000000000,00	 0000000047814,00
1250100	 0000000341184,00	 0000000000000,00	 0000000000000,00	 0000000047669,00
1250200	 0000000000000,00	 0000000000000,00	 0000000000000,00	 0000000000145,00
1270000	 0000000193519,00	 0000000000000,00	 0000000000000,00	 0000000328208,00
1270100	 0000000059978,00	 0000000000000,00	 0000000000000,00	 0000000000000,00
1270112	 0000000000000,00	 0000000000000,00	 0000000000000,00	 0000000000000,00
1270113	 0000000060000,00	 0000000000000,00	 0000000000000,00	 0000000000000,00
1270116	 0000000000000,00	 0000000000000,00	 0000000000000,00	 0000000000000,00
1270117	 0000000000000,00	 0000000000000,00	 0000000000000,00	 0000000000000,00
1270118	 0000000000000,00	 0000000000000,00	 0000000000000,00	 0000000000000,00
1270190	-0000000000022,00	 0000000000000,00	 0000000000000,00	 0000000000000,00
1270200	-0000000001400,00	 0000000000000,00	 0000000000000,00	 0000000328208,00
1270202	 0000000000000,00	 0000000000000,00	 0000000000000,00	 0000000000000,00
1270203	 0000000000000,00	 0000000000000,00	 0000000000000,00	 0000000230658,00
1270206	 0000000000000,00	 0000000000000,00	 0000000000000,00	 0000000082260,00
1270207	 0000000000000,00	 0000000000000,00	 0000000000000,00	 0000000000000,00
1270208	 0000000000000,00	 0000000000000,00	 0000000000000,00	 0000000015290,00
1270290	-0000000001400,00	 0000000000000,00	 0000000000000,00	 0000000000000,00
1270300	 0000000134941,00	 0000000000000,00	 0000000000000,00	 0000000000000,00
1300000	 0000008021120,00	 0000008794060,00	 0000000083777,00	 0000002148406,00
1302000	 0000005629692,00	 0000004335010,00	 0000000083777,00	 0000002128208,00
1302100	 0000004533317,00	 0000003541237,00	 0000000004530,00	 0000000801724,00
1302101	 0000004533317,00	 0000003480918,00	 0000000004530,00	 0000000610030,00
1302102	 0000000000000,00	 0000000000000,00	 0000000000000,00	 0000000191694,00
1302170	 0000000000000,00	 0000000037108,00	 0000000000000,00	 0000000000000,00
1302180	 0000000000000,00	 0000000023211,00	 0000000000000,00	 0000000000000,00
1302200	 0000000108759,00	 0000000008154,00	 0000000000015,00	 0000001230594,00
1302201	 0000000000000,00	 0000000000000,00	 0000000000000,00	 0000000000000,00
1302202	 0000000108759,00	 0000000008154,00	 0000000000000,00	 0000000707737,00
1302241	 0000000000000,00	 0000000000000,00	 0000000000000,00	 0000000000014,00
1302242	 0000000000000,00	 0000000000000,00	 0000000000015,00	 0000000522843,00
1302281	 0000000000000,00	 0000000000000,00	 0000000000000,00	 0000000000000,00
1302282	 0000000000000,00	 0000000000000,00	 0000000000000,00	 0000000000000,00
1302300	 0000000222237,00	 0000000000000,00	 0000000000000,00	 0000000004028,00
1302500	 0000000413025,00	 0000000034209,00	 0000000000000,00	 0000000083473,00
1302800	 0000000310627,00	 0000000748987,00	 0000000079232,00	 0000000000000,00
1302900	 0000000041727,00	 0000000002423,00	 0000000000000,00	 0000000008389,00
1304000	 0000000009362,00	 0000004400897,00	 0000000000000,00	 0000000000000,00
1304100	 0000000000000,00	 0000000098809,00	 0000000000000,00	 0000000000000,00
1304101	 0000000000000,00	 0000000093923,00	 0000000000000,00	 0000000000000,00
1304102	 0000000000000,00	 0000000004886,00	 0000000000000,00	 0000000000000,00
1304200	 0000000000019,00	 0000000140500,00	 0000000000000,00	 0000000000000,00
1304500	 0000000008995,00	 0000004161562,00	 0000000000000,00	 0000000000000,00
1304600	 0000000000000,00	 0000000000025,00	 0000000000000,00	 0000000000000,00
1304800	 0000000000000,00	 0000000000000,00	 0000000000000,00	 0000000000000,00
1304900	 0000000000348,00	 0000000000001,00	 0000000000000,00	 0000000000000,00
1305000	 0000002827341,00	 0000000058153,00	 0000000000000,00	 0000000020198,00
1305100	 0000001896177,00	 0000000058153,00	 0000000000000,00	 0000000000000,00
1305300	 0000000238042,00	 0000000000000,00	 0000000000000,00	 0000000000159,00
1305400	 0000000692957,00	 0000000000000,00	 0000000000000,00	 0000000020039,00
1305800	 0000000000000,00	 0000000000000,00	 0000000000000,00	 0000000000000,00
1305900	 0000000000165,00	 0000000000000,00	 0000000000000,00	 0000000000000,00
1309000	-0000000445275,00	 0000000000000,00	 0000000000000,00	 0000000000000,00
1309100	-0000000260305,00	 0000000000000,00	 0000000000000,00	 0000000000000,00
1309200	-0000000016818,00	 0000000000000,00	 0000000000000,00	 0000000000000,00
1309300	-0000000168152,00	 0000000000000,00	 0000000000000,00	 0000000000000,00
1350000	 0000000574616,00	 0000000621600,00	 0000000003910,00	 0000000202984,00
1350100	 0000000294578,00	 0000000088150,00	 0000000000000,00	 0000000000000,00
1350200	 0000000280038,00	 0000000533450,00	 0000000003910,00	 0000000132916,00
1350300	 0000000000000,00	 0000000000000,00	 0000000000000,00	 0000000070068,00
1360000	 0000000000000,00	 0000000000000,00	 0000000000000,00	 0000000000000,00
1360100	 0000000000000,00	 0000000000000,00	 0000000000000,00	 0000000000000,00
1360200	 0000000000000,00	 0000000000000,00	 0000000000000,00	 0000000000000,00
1360300	 0000000000000,00	 0000000000000,00	 0000000000000,00	 0000000000000,00
1400000	 0000000014642,00	 0000000000000,00	 0000000000000,00	 0000000000041,00
1400100	 0000000012422,00	 0000000000000,00	 0000000000000,00	 0000000000000,00
1400101	 0000000000000,00	 0000000000000,00	 0000000000000,00	 0000000000000,00
1400102	 0000000000000,00	 0000000000000,00	 0000000000000,00	 0000000000000,00
1400103	 0000000012422,00	 0000000000000,00	 0000000000000,00	 0000000000000,00
1400200	 0000000002220,00	 0000000000000,00	 0000000000000,00	 0000000000041,00
1500000	 0000000032461,00	 0000000000000,00	 0000000000000,00	 0000000000000,00
1500100	 0000000000879,00	 0000000000000,00	 0000000000000,00	 0000000000000,00
1500200	 0000000031582,00	 0000000000000,00	 0000000000000,00	 0000000000000,00
1600000	 0000000202510,00	 0000000000000,00	 0000000000000,00	 0000000000000,00
1600100	 0000000138767,00	 0000000000000,00	 0000000000000,00	 0000000000000,00
1600200	 0000000063743,00	 0000000000000,00	 0000000000000,00	 0000000000000,00
1700000	 0000000002965,00	 0000000000000,00	 0000000000000,00	 0000000000000,00
1750000	 0000000121130,00	 0000000000000,00	 0000000000000,00	 0000000000000,00
1800000	 0000000186843,00	 0000000070334,00	 0000000002512,00	 0000000039360,00
1800100	 0000000024609,00	 0000000068106,00	 0000000002512,00	 0000000000669,00
1800200	 0000000003019,00	 0000000000000,00	 0000000000000,00	 0000000000000,00
1800900	 0000000159215,00	 0000000002228,00	 0000000000000,00	 0000000038691,00
2000000	 0000012793697,00	 0000005578376,00	 0000000006072,00	 0000003506881,00
2100000	 0000004853121,00	 0000000172449,00	 0000000000000,00	 0000000698395,00
2100100	 0000003985821,00	 0000000000000,00	 0000000000000,00	 0000000632519,00
2100109	 0000002446831,00	 0000000000000,00	 0000000000000,00	 0000000445971,00
2100110	 0000001526788,00	 0000000000000,00	 0000000000000,00	 0000000185292,00
2100200	 0000000367055,00	 0000000000000,00	 0000000000000,00	 0000000000000,00
2100300	 0000000500245,00	 0000000172449,00	 0000000000000,00	 0000000065876,00
2130000	 0000000209034,00	 0000000000000,00	 0000000000000,00	 0000000167509,00
2160000	 0000000276272,00	 0000000000511,00	 0000000000000,00	 0000000001571,00
2160100	 0000000000000,00	 0000000000000,00	 0000000000000,00	 0000000000000,00
2160200	 0000000276272,00	 0000000000511,00	 0000000000000,00	 0000000001571,00
2200000	 0000006389769,00	 0000002287097,00	 0000000000000,00	 0000000809430,00
2200100	 0000006389156,00	 0000002106809,00	 0000000000000,00	 0000000752199,00
2200200	 0000000000000,00	 0000000179606,00	 0000000000000,00	 0000000000000,00
2200900	 0000000000613,00	 0000000000682,00	 0000000000000,00	 0000000057231,00
2250000	 0000000382229,00	 0000000000000,00	 0000000000000,00	 0000000074521,00
2250100	 0000000378485,00	 0000000000000,00	 0000000000000,00	 0000000059083,00
2250200	 0000000003744,00	 0000000000000,00	 0000000000000,00	 0000000015438,00
2300000	 0000000000000,00	 0000000000013,00	 0000000000052,00	 0000001075114,00
2301000	 0000000000000,00	 0000000000000,00	 0000000000000,00	 0000000000000,00
2301001	 0000000000000,00	 0000000000000,00	 0000000000000,00	 0000000000000,00
2302000	 0000000000000,00	 0000000000000,00	 0000000000052,00	 0000001075114,00
2302100	 0000000000000,00	 0000000000000,00	 0000000000052,00	 0000000919627,00
2302200	 0000000000000,00	 0000000000000,00	 0000000000000,00	 0000000155487,00
2303000	 0000000000000,00	 0000000000013,00	 0000000000000,00	 0000000000000,00
2303100	 0000000000000,00	 0000000000000,00	 0000000000000,00	 0000000000000,00
2303900	 0000000000000,00	 0000000000013,00	 0000000000000,00	 0000000000000,00
2400000	 0000000000000,00	 0000003079722,00	 0000000000000,00	 0000000592458,00
2401000	 0000000000000,00	 0000000099701,00	 0000000000000,00	 0000000000000,00
2402000	 0000000000000,00	 0000002980021,00	 0000000000000,00	 0000000592458,00
2402100	 0000000000000,00	 0000002346033,00	 0000000000000,00	 0000000482116,00
2402200	 0000000000000,00	 0000000633988,00	 0000000000000,00	 0000000110342,00
2500000	 0000000095843,00	 0000000022001,00	 0000000005685,00	 0000000050465,00
2500100	 0000000026183,00	 0000000022001,00	 0000000005685,00	 0000000000000,00
2500200	 0000000069660,00	 0000000000000,00	 0000000000000,00	 0000000050465,00
2500300	 0000000000000,00	 0000000000000,00	 0000000000000,00	 0000000000000,00
2600000	 0000000003841,00	 0000000000000,00	 0000000000000,00	 0000000000000,00
2650000	 0000000028183,00	 0000000000000,00	 0000000000000,00	 0000000000000,00
2700000	 0000000341887,00	 0000000000000,00	 0000000000000,00	 0000000000000,00
2700100	 0000000053419,00	 0000000000000,00	 0000000000000,00	 0000000000000,00
2700200	 0000000140435,00	 0000000000000,00	 0000000000000,00	 0000000000000,00
2700300	 0000000044728,00	 0000000000000,00	 0000000000000,00	 0000000000000,00
2700400	 0000000103305,00	 0000000000000,00	 0000000000000,00	 0000000000000,00
2700401	 0000000003669,00	 0000000000000,00	 0000000000000,00	 0000000000000,00
2700402	 0000000000000,00	 0000000000000,00	 0000000000000,00	 0000000000000,00
2700411	 0000000097757,00	 0000000000000,00	 0000000000000,00	 0000000000000,00
2700412	 0000000000000,00	 0000000000000,00	 0000000000000,00	 0000000000000,00
2700413	 0000000000000,00	 0000000000000,00	 0000000000000,00	 0000000000000,00
2700421	 0000000000000,00	 0000000000000,00	 0000000000000,00	 0000000000000,00
2700422	 0000000000000,00	 0000000000000,00	 0000000000000,00	 0000000000000,00
2700423	 0000000000000,00	 0000000000000,00	 0000000000000,00	 0000000000000,00
2700490	 0000000001879,00	 0000000000000,00	 0000000000000,00	 0000000000000,00
2800000	 0000000213518,00	 0000000016583,00	 0000000000335,00	 0000000037418,00
3000000	 0000002019361,00	 0000000113849,00	 0000000007042,00	 0000000025521,00
3101000	 0000001849331,00	 0000000000000,00	 0000000000000,00	 0000000000000,00
3102000	 0000000213767,00	 0000000000000,00	 0000000000000,00	 0000000000000,00
3103000	 0000000021944,00	 0000000000000,00	 0000000000000,00	 0000000000000,00
3104000	-0000000065682,00	 0000000113849,00	 0000000007042,00	 0000000025521,00
3104100	 0000000016379,00	 0000000000000,00	 0000000000000,00	 0000000000000,00
3104200	 0000000058374,00	 0000000113849,00	 0000000007042,00	 0000000025521,00
3104300	-0000000140435,00	 0000000000000,00	 0000000000000,00	 0000000000000,00
3200000	 0000000000001,00	 0000000000000,00	 0000000000000,00	 0000000000000,00
5001000	 0000002019360,00	 0000000113849,00	 0000000007042,00	 0000000025521,00
5002000	 0000014813058,00	 0000005692225,00	 0000000013114,00	 0000003532402,00
5100000	 0000008466395,00	 0000008794060,00	 0000000083777,00	 0000002148406,00
