001	BANCO DE CHILE
100000000	025785085915451	022612285108287	000177827469197	006166814570403
105000000	002049308972356	000000000000000	000000000000000	001508514928184
105000100	000758104922273	000000000000000	000000000000000	000127727934018
105000101	000216373179336	000000000000000	000000000000000	000117902470026
105000102	000541731742937	000000000000000	000000000000000	000009825463992
105000103	000000000000000	000000000000000	000000000000000	000000000000000
105000200	001287177862162	000000000000000	000000000000000	000154834369598
105000201	001287177862162	000000000000000	000000000000000	000154834369598
105000202	000000000000000	000000000000000	000000000000000	000000000000000
105000209	000000000000000	000000000000000	000000000000000	000000000000000
105000300	000000000000000	000000000000000	000000000000000	000000000000000
105000301	000000000000000	000000000000000	000000000000000	000000000000000
105000302	000000000000000	000000000000000	000000000000000	000000000000000
105000309	000000000000000	000000000000000	000000000000000	000000000000000
105000400	000004026187921	000000000000000	000000000000000	000009216332668
105000500	000000000000000	000000000000000	000000000000000	001216736291900
107000000	000302723238624	000000000000000	000000000000000	000243552048610
107000100	000055258838521	000000000000000	000000000000000	000010236928211
107000101	000000141814948	000000000000000	000000000000000	000000000000000
107000102	000054870467387	000000000000000	000000000000000	000009396392011
107000103	000000246556186	000000000000000	000000000000000	000000840536200
107000200	000000000000000	000000000000000	000000000000000	000000000000000
107000201	000000000000000	000000000000000	000000000000000	000000000000000
107000202	000000000000000	000000000000000	000000000000000	000000000000000
107000300	000000000000000	000000000000000	000000000000000	000092193948000
107000400	000247464400103	000000000000000	000000000000000	000141121172399
107000401	000196354584147	000000000000000	000000000000000	000000000000000
107000409	000013614983353	000000000000000	000000000000000	000133220037388
107000411	000037494832603	000000000000000	000000000000000	000007901135011
107000419	000000000000000	000000000000000	000000000000000	000000000000000
110000000	004412749533496	000196638476743	000000000000000	000285968565833
111000100	001674960849546	000000000000000	000000000000000	000285845211829
111000101	000246587270159	000000000000000	000000000000000	000010544033145
111000102	001426504692154	000000000000000	000000000000000	000275301178684
111000103	000001561257152	000000000000000	000000000000000	000000000000000
111000104	000000307630081	000000000000000	000000000000000	000000000000000
111000105	000000000000000	000000000000000	000000000000000	000000000000000
111000109	000000000000000	000000000000000	000000000000000	000000000000000
112000000	002332563689597	000196638476743	000000000000000	000000065154514
112000100	002275299325160	000071530473440	000000000000000	000000000000000
112000101	002041765905207	000000222196376	000000000000000	000000000000000
112000102	000233533419953	000071308277064	000000000000000	000000000000000
112000109	000000000000000	000000000000000	000000000000000	000000000000000
112000200	000057264364437	000125108003303	000000000000000	000000065154514
112000201	000057264085553	000125108003303	000000000000000	000000065154514
112000202	000000000278884	000000000000000	000000000000000	000000000000000
112000209	000000000000000	000000000000000	000000000000000	000000000000000
112000300	000000000000000	000000000000000	000000000000000	000000000000000
112000301	000000000000000	000000000000000	000000000000000	000000000000000
112000302	000000000000000	000000000000000	000000000000000	000000000000000
112000303	000000000000000	000000000000000	000000000000000	000000000000000
112000304	000000000000000	000000000000000	000000000000000	000000000000000
112000309	000000000000000	000000000000000	000000000000000	000000000000000
113000000	000405224994353	000000000000000	000000000000000	000000058199490
113000100	000400508721725	000000000000000	000000000000000	000000000000000
113000101	000400508721725	000000000000000	000000000000000	000000000000000
113000102	000000000000000	000000000000000	000000000000000	000000000000000
113000200	000002802244485	000000000000000	000000000000000	000000000000000
113000201	000002802244485	000000000000000	000000000000000	000000000000000
113000202	000000000000000	000000000000000	000000000000000	000000000000000
113000300	000000000000000	000000000000000	000000000000000	000000000000000
113000301	000000000000000	000000000000000	000000000000000	000000000000000
113000302	000000000000000	000000000000000	000000000000000	000000000000000
113000303	000000000000000	000000000000000	000000000000000	000000000000000
113000304	000000000000000	000000000000000	000000000000000	000000000000000
113000400	000001914028143	000000000000000	000000000000000	000000058199490
115000000	000000000000000	000000000000000	000000000000000	000000000000000
115250000	000000000000000	000000000000000	000000000000000	000000000000000
115250100	000000000000000	000000000000000	000000000000000	000000000000000
115250101	000000000000000	000000000000000	000000000000000	000000000000000
115250102	000000000000000	000000000000000	000000000000000	000000000000000
115250109	000000000000000	000000000000000	000000000000000	000000000000000
115250200	000000000000000	000000000000000	000000000000000	000000000000000
115250201	000000000000000	000000000000000	000000000000000	000000000000000
115250202	000000000000000	000000000000000	000000000000000	000000000000000
115250209	000000000000000	000000000000000	000000000000000	000000000000000
115250300	000000000000000	000000000000000	000000000000000	000000000000000
115250301	000000000000000	000000000000000	000000000000000	000000000000000
115250302	000000000000000	000000000000000	000000000000000	000000000000000
115250303	000000000000000	000000000000000	000000000000000	000000000000000
115250304	000000000000000	000000000000000	000000000000000	000000000000000
115250309	000000000000000	000000000000000	000000000000000	000000000000000
115500000	000000000000000	000000000000000	000000000000000	000000000000000
115500100	000000000000000	000000000000000	000000000000000	000000000000000
115500101	000000000000000	000000000000000	000000000000000	000000000000000
115500102	000000000000000	000000000000000	000000000000000	000000000000000
115500300	000000000000000	000000000000000	000000000000000	000000000000000
115500301	000000000000000	000000000000000	000000000000000	000000000000000
115500302	000000000000000	000000000000000	000000000000000	000000000000000
115500303	000000000000000	000000000000000	000000000000000	000000000000000
115500304	000000000000000	000000000000000	000000000000000	000000000000000
115500400	000000000000000	000000000000000	000000000000000	000000000000000
118000000	000000000000000	000000000000000	000000000000000	000000000000000
118250000	000000000000000	000000000000000	000000000000000	000000000000000
118250100	000000000000000	000000000000000	000000000000000	000000000000000
118250101	000000000000000	000000000000000	000000000000000	000000000000000
118250102	000000000000000	000000000000000	000000000000000	000000000000000
118250109	000000000000000	000000000000000	000000000000000	000000000000000
118250200	000000000000000	000000000000000	000000000000000	000000000000000
118250201	000000000000000	000000000000000	000000000000000	000000000000000
118250202	000000000000000	000000000000000	000000000000000	000000000000000
118250209	000000000000000	000000000000000	000000000000000	000000000000000
118250300	000000000000000	000000000000000	000000000000000	000000000000000
118250301	000000000000000	000000000000000	000000000000000	000000000000000
118250302	000000000000000	000000000000000	000000000000000	000000000000000
118250303	000000000000000	000000000000000	000000000000000	000000000000000
118250304	000000000000000	000000000000000	000000000000000	000000000000000
118250309	000000000000000	000000000000000	000000000000000	000000000000000
118500000	000000000000000	000000000000000	000000000000000	000000000000000
118500300	000000000000000	000000000000000	000000000000000	000000000000000
118500301	000000000000000	000000000000000	000000000000000	000000000000000
118500302	000000000000000	000000000000000	000000000000000	000000000000000
118500303	000000000000000	000000000000000	000000000000000	000000000000000
118500304	000000000000000	000000000000000	000000000000000	000000000000000
118500400	000000000000000	000000000000000	000000000000000	000000000000000
120000000	002330163747389	000691817974693	000000000000000	000103312546107
122000000	002330163747389	000691817974693	000000000000000	000103312546107
122000100	000807690527392	000375970191810	000000000000000	000000000000000
122000101	000000000000000	000000000000000	000000000000000	000000000000000
122000102	000807690527392	000375736504056	000000000000000	000000000000000
122000109	000000000000000	000000233687754	000000000000000	000000000000000
122000200	001522473219997	000315847782883	000000000000000	000002463590398
122000201	001517492038464	000256332552635	000000000000000	000002463590398
122000202	000004981181533	000059515230248	000000000000000	000000000000000
122000209	000000000000000	000000000000000	000000000000000	000000000000000
122000300	000000000000000	000000000000000	000000000000000	000100848955709
122000301	000000000000000	000000000000000	000000000000000	000000000000000
122000302	000000000000000	000000000000000	000000000000000	000028734472020
122000303	000000000000000	000000000000000	000000000000000	000069133916808
122000304	000000000000000	000000000000000	000000000000000	000002980566881
122000309	000000000000000	000000000000000	000000000000000	000000000000000
123000000	000000000000000	000000000000000	000000000000000	000000000000000
123000300	000000000000000	000000000000000	000000000000000	000000000000000
123000301	000000000000000	000000000000000	000000000000000	000000000000000
123000302	000000000000000	000000000000000	000000000000000	000000000000000
123000303	000000000000000	000000000000000	000000000000000	000000000000000
123000304	000000000000000	000000000000000	000000000000000	000000000000000
123000400	000000000000000	000000000000000	000000000000000	000000000000000
130000000	000073367599341	000000000000000	000000000000000	000000000000000
130000100	000073367599341	000000000000000	000000000000000	000000000000000
130000101	000000000000000	000000000000000	000000000000000	000000000000000
130000102	000073367599341	000000000000000	000000000000000	000000000000000
130000103	000000000000000	000000000000000	000000000000000	000000000000000
130000104	000000000000000	000000000000000	000000000000000	000000000000000
130000105	000000000000000	000000000000000	000000000000000	000000000000000
130000190	000000000000000	000000000000000	000000000000000	000000000000000
140000000	014209085560242	021703239214496	000175122413890	003521161979970
141000000	000095177980150	000000000000000	000000000000000	000000000000000
141000100	000000000000000	000000000000000	000000000000000	000000000000000
141000101	000000000000000	000000000000000	000000000000000	000000000000000
141000102	000000000000000	000000000000000	000000000000000	000000000000000
141000103	000000000000000	000000000000000	000000000000000	000000000000000
141000200	000000000000000	000000000000000	000000000000000	000000000000000
141000201	000000000000000	000000000000000	000000000000000	000000000000000
141000202	000000000000000	000000000000000	000000000000000	000000000000000
141000203	000000000000000	000000000000000	000000000000000	000000000000000
141000300	000095177980150	000000000000000	000000000000000	000000000000000
141000301	000095177980150	000000000000000	000000000000000	000000000000000
141000302	000000000000000	000000000000000	000000000000000	000000000000000
141000400	000000000000000	000000000000000	000000000000000	000000000000000
141000401	000000000000000	000000000000000	000000000000000	000000000000000
141000402	000000000000000	000000000000000	000000000000000	000000000000000
141000900	000000000000000	000000000000000	000000000000000	000000000000000
141000901	000000000000000	000000000000000	000000000000000	000000000000000
141000902	000000000000000	000000000000000	000000000000000	000000000000000
141000903	000000000000000	000000000000000	000000000000000	000000000000000
141500000	000311127481250	000149750467908	000000000000000	000000000000000
141500100	000311146555805	000149752429898	000000000000000	000000000000000
141500101	000000000000000	000000000000000	000000000000000	000000000000000
141500102	000311146555805	000149752429898	000000000000000	000000000000000
141500109	000000000000000	000000000000000	000000000000000	000000000000000
141500200	000000000000000	000000000000000	000000000000000	000000000000000
141500201	000000000000000	000000000000000	000000000000000	000000000000000
141500202	000000000000000	000000000000000	000000000000000	000000000000000
141500209	000000000000000	000000000000000	000000000000000	000000000000000
141500300	000000000000000	000000000000000	000000000000000	000000000000000
141500301	000000000000000	000000000000000	000000000000000	000000000000000
141500302	000000000000000	000000000000000	000000000000000	000000000000000
141500303	000000000000000	000000000000000	000000000000000	000000000000000
141500304	000000000000000	000000000000000	000000000000000	000000000000000
141500309	000000000000000	000000000000000	000000000000000	000000000000000
141500900	-00000019074555	-00000001961990	000000000000000	000000000000000
141500901	-00000019074555	-00000001961990	000000000000000	000000000000000
141500902	000000000000000	000000000000000	000000000000000	000000000000000
141500903	000000000000000	000000000000000	000000000000000	000000000000000
143000000	000000000000000	000000000000000	000000000000000	000347467363311
143100100	000000000000000	000000000000000	000000000000000	000000000000000
143100101	000000000000000	000000000000000	000000000000000	000000000000000
143100102	000000000000000	000000000000000	000000000000000	000000000000000
143100103	000000000000000	000000000000000	000000000000000	000000000000000
143100104	000000000000000	000000000000000	000000000000000	000000000000000
143100105	000000000000000	000000000000000	000000000000000	000000000000000
143100106	000000000000000	000000000000000	000000000000000	000000000000000
143100107	000000000000000	000000000000000	000000000000000	000000000000000
143100190	000000000000000	000000000000000	000000000000000	000000000000000
143150100	000000000000000	000000000000000	000000000000000	000000000000000
143150101	000000000000000	000000000000000	000000000000000	000000000000000
143150102	000000000000000	000000000000000	000000000000000	000000000000000
143150103	000000000000000	000000000000000	000000000000000	000000000000000
143200100	000000000000000	000000000000000	000000000000000	000348134850432
143200101	000000000000000	000000000000000	000000000000000	000000000000000
143200102	000000000000000	000000000000000	000000000000000	000216293565983
143200103	000000000000000	000000000000000	000000000000000	000000000000000
143200104	000000000000000	000000000000000	000000000000000	000131841284449
143200105	000000000000000	000000000000000	000000000000000	000000000000000
143200106	000000000000000	000000000000000	000000000000000	000000000000000
143200107	000000000000000	000000000000000	000000000000000	000000000000000
143200108	000000000000000	000000000000000	000000000000000	000000000000000
143200190	000000000000000	000000000000000	000000000000000	000000000000000
143250100	000000000000000	000000000000000	000000000000000	-00000667487121
143250101	000000000000000	000000000000000	000000000000000	-00000667487121
143250102	000000000000000	000000000000000	000000000000000	000000000000000
143250103	000000000000000	000000000000000	000000000000000	000000000000000
143300100	000000000000000	000000000000000	000000000000000	000000000000000
143300101	000000000000000	000000000000000	000000000000000	000000000000000
143300102	000000000000000	000000000000000	000000000000000	000000000000000
143300103	000000000000000	000000000000000	000000000000000	000000000000000
143400100	000000000000000	000000000000000	000000000000000	000000000000000
143400101	000000000000000	000000000000000	000000000000000	000000000000000
143400102	000000000000000	000000000000000	000000000000000	000000000000000
143400103	000000000000000	000000000000000	000000000000000	000000000000000
144000000	013802780098842	021553488746588	000175122413890	003173694616659
145000000	009041090302962	007857003131922	000175985795064	003189324673681
145400100	007333756408166	006867987994087	000000000000000	001333738997639
145400101	007227565023879	003731570618354	000000000000000	001218479130419
145400102	000000000000000	000000000000000	000000000000000	000115259867220
145400103	000000000000000	000000000000000	000000000000000	000000000000000
145400104	000000000149687	000000057333153	000000000000000	000000000000000
145400105	000000001978371	000000339933385	000000000000000	000000000000000
145400106	000106189256229	003136020109195	000000000000000	000000000000000
145400200	000062780841598	000008156815422	000000110506296	001628747878817
145400201	000000000000000	000000000000000	000000000000000	000000000000000
145400202	000062695430765	000008156815422	000000000000000	001031350084108
145400203	000000085410833	000000000000000	000000000000000	000000000000000
145400204	000000000000000	000000000000000	000000110506296	000597397794709
145400205	000000000000000	000000000000000	000000000000000	000000000000000
145400290	000000000000000	000000000000000	000000000000000	000000000000000
145400300	000182877522793	000000000000000	000000000000000	000003007409803
145400400	000124958805151	000000000000000	000000000000000	000011428134055
145400401	000057932076085	000000000000000	000000000000000	000011428134055
145400402	000067026729066	000000000000000	000000000000000	000000000000000
145400500	000380770115779	000010596269391	000000000000000	000210669333528
145400501	000209280355592	000000000000000	000000000000000	000013475201068
145400502	000171489760187	000010596269391	000000000000000	000197194132460
145400600	000951106773676	000909240285644	000175875288768	000000000000000
145400601	000183160323748	000794793171918	000060960890001	000000000000000
145400602	000767946449928	000114447113726	000114914398767	000000000000000
145400700	000000008015448	000050225406974	000000000000000	000000000000000
145400701	000000000000000	000000000000000	000000000000000	000000000000000
145400702	000000000000000	000000000000000	000000000000000	000000000000000
145400703	000000008015448	000050225406974	000000000000000	000000000000000
145400900	000004831820351	000010796360404	000000000000000	000001732919839
145400901	000000000000000	000000000000000	000000000000000	000000000000000
145400902	000001741189931	000005971822264	000000000000000	000000000000000
145400990	000003090630420	000004824538140	000000000000000	000001732919839
146000000	000048015900247	013667800028695	000000000000000	000000000000000
146000100	000000000000000	000001056001140	000000000000000	000000000000000
146000200	000000000263197	000009666094203	000000000000000	000000000000000
146000300	000000000000000	000000000000000	000000000000000	000000000000000
146000400	000045248091560	013496380095566	000000000000000	000000000000000
146000401	000000000000000	000010144453376	000000000000000	000000000000000
146000402	000045248091560	013486235642190	000000000000000	000000000000000
146000500	000000000000000	000000000000000	000000000000000	000000000000000
146000900	000002767545490	000160697837786	000000000000000	000000000000000
146000901	000001048498740	000155046559666	000000000000000	000000000000000
146000902	000000002082523	000005651092584	000000000000000	000000000000000
146000903	000000000000000	000000000000000	000000000000000	000000000000000
146000909	000001716964227	000000000185536	000000000000000	000000000000000
148000000	005441098364287	000028685585971	000000000000000	000075462117542
148000100	003244218542032	000028685585971	000000000000000	000000000000000
148000200	000282359296916	000000000000000	000000000000000	000000083063287
148000300	001912050590470	000000000000000	000000000000000	000075379054255
148000301	001116572116959	000000000000000	000000000000000	000075379054255
148000302	000795478473511	000000000000000	000000000000000	000000000000000
148000400	000000830306401	000000000000000	000000000000000	000000000000000
148000900	000001639628468	000000000000000	000000000000000	000000000000000
148000901	000000000000000	000000000000000	000000000000000	000000000000000
148000902	000001639628468	000000000000000	000000000000000	000000000000000
149000000	-00727424468654	000000000000000	-00000863381174	-00091092174564
149500100	-00288731546285	000000000000000	-00000863381174	-00088392176193
149500101	-00090708099439	000000000000000	-00000653534718	-00066035368543
149500102	-00003028350475	000000000000000	-00000011155138	-00003302797554
149500103	-00068702310515	000000000000000	-00000192309919	-00015751203719
149500104	-00035954411067	000000000000000	-00000006381399	-00001559611240
149500105	-00088773547403	000000000000000	000000000000000	-00001743195137
149500109	-00001564827386	000000000000000	000000000000000	000000000000000
149600100	-00039671765921	000000000000000	000000000000000	000000000000000
149600101	-00014968367866	000000000000000	000000000000000	000000000000000
149600102	-00024703398055	000000000000000	000000000000000	000000000000000
149700100	-00399021156448	000000000000000	000000000000000	-00002699998371
149700101	-00243921098701	000000000000000	000000000000000	-00002676036399
149700102	-00155100057747	000000000000000	000000000000000	-00000023961972
150000000	000081162092444	000000000000000	000000000000000	000000109968405
150000100	000000000000000	000000000000000	000000000000000	000000000000000
150000200	000000000000000	000000000000000	000000000000000	000000000000000
150000201	000000000000000	000000000000000	000000000000000	000000000000000
150000202	000000000000000	000000000000000	000000000000000	000000000000000
150000300	000061104204226	000000000000000	000000000000000	000000000000000
150000400	000000000000000	000000000000000	000000000000000	000000000000000
150000500	000008813099430	000000000000000	000000000000000	000000000000000
150000600	000000000000000	000000000000000	000000000000000	000000000000000
150000700	000008935244815	000000000000000	000000000000000	000000000000000
150000800	000002309543973	000000000000000	000000000000000	000000109968405
160000000	000166748497956	000000000000000	000000000000000	000000000000000
160000100	000000000000000	000000000000000	000000000000000	000000000000000
160000200	000000000000000	000000000000000	000000000000000	000000000000000
160000201	000000000000000	000000000000000	000000000000000	000000000000000
160000202	000000000000000	000000000000000	000000000000000	000000000000000
160000203	000000000000000	000000000000000	000000000000000	000000000000000
160000204	000000000000000	000000000000000	000000000000000	000000000000000
160000205	000000000000000	000000000000000	000000000000000	000000000000000
160000206	000000000000000	000000000000000	000000000000000	000000000000000
160000207	000000000000000	000000000000000	000000000000000	000000000000000
160000208	000000000000000	000000000000000	000000000000000	000000000000000
160000209	000000000000000	000000000000000	000000000000000	000000000000000
160000219	000000000000000	000000000000000	000000000000000	000000000000000
160000300	000166748497956	000000000000000	000000000000000	000000000000000
160000301	000369294481164	000000000000000	000000000000000	000000000000000
160000302	000045332925737	000000000000000	000000000000000	000000000000000
160000303	000000000000000	000000000000000	000000000000000	000000000000000
160000309	000001215211882	000000000000000	000000000000000	000000000000000
160000319	-00249094120827	000000000000000	000000000000000	000000000000000
170000000	000180263333365	000000000000000	000000000000000	000000000000000
170000100	000150405091258	000000000000000	000000000000000	000000000000000
170000101	000282090372781	000000000000000	000000000000000	000000000000000
170000102	000046745046310	000000000000000	000000000000000	000000000000000
170000119	-00178430327833	000000000000000	000000000000000	000000000000000
170000200	000029858242107	000000000000000	000000000000000	000000000000000
170000201	000258768977000	000000000000000	000000000000000	000000000000000
170000209	000061764851119	000000000000000	000000000000000	000000000000000
170000219	-00290675586012	000000000000000	000000000000000	000000000000000
175000000	000088705258060	000000165776538	000000000000000	000000000000000
175000100	000081996457809	000000165776538	000000000000000	000000000000000
175000101	000156901654987	000000165776538	000000000000000	000000000000000
175000102	000000000000000	000000000000000	000000000000000	000000000000000
175000119	-00074905197178	000000000000000	000000000000000	000000000000000
175000200	000006708800251	000000000000000	000000000000000	000000000000000
175000201	000028954840101	000000000000000	000000000000000	000000000000000
175000219	-00022246039850	000000000000000	000000000000000	000000000000000
175000300	000000000000000	000000000000000	000000000000000	000000000000000
175000301	000000000000000	000000000000000	000000000000000	000000000000000
175000309	000000000000000	000000000000000	000000000000000	000000000000000
175000319	000000000000000	000000000000000	000000000000000	000000000000000
175000400	000000000000000	000000000000000	000000000000000	000000000000000
175000401	000000000000000	000000000000000	000000000000000	000000000000000
175000409	000000000000000	000000000000000	000000000000000	000000000000000
175000419	000000000000000	000000000000000	000000000000000	000000000000000
180000000	000005430120334	000000000000000	000000000000000	000000000000000
185000000	000556430169527	000000000000000	000000000000000	000000000000000
190000000	001298795878801	000020423665817	000002705055307	000504194533294
190000100	000115096703907	000020349444137	000002638883932	000000000000000
190000101	000115096703907	000020349444137	000002638883932	000000000000000
190000102	000000000000000	000000000000000	000000000000000	000000000000000
190000103	000000000000000	000000000000000	000000000000000	000000000000000
190000200	000017838287012	000000000000000	000000000000000	000400523779366
190000201	000017838287012	000000000000000	000000000000000	000001146452992
190000202	000000000000000	000000000000000	000000000000000	000000000000000
190000203	000000000000000	000000000000000	000000000000000	000032836104669
190000204	000000000000000	000000000000000	000000000000000	000366541221705
190000300	000517463482517	000000000000000	000000000000000	000003966466550
190000301	000383018807037	000000000000000	000000000000000	000003966466550
190000302	000134444675480	000000000000000	000000000000000	000000000000000
190000303	000000000000000	000000000000000	000000000000000	000000000000000
190000400	000000000000000	000000000000000	000000000000000	000000000000000
190000401	000000000000000	000000000000000	000000000000000	000000000000000
190000402	000000000000000	000000000000000	000000000000000	000000000000000
190000500	000537033860653	000000006402705	000000000000000	000090573477225
190000501	000008397962276	000000000000000	000000000000000	000000000000000
190000502	000000000000000	000000000000000	000000000000000	000000000000000
190000503	000405932729251	000000000000000	000000000000000	000000000000000
190000504	000000000000000	000000000000000	000000000000000	000000000000000
190000505	000004787848938	000000000000000	000000000000000	000000000000000
190000509	000117915320188	000000006402705	000000000000000	000090573477225
190000600	000000000000000	000000000000000	000000000000000	000000000000000
190000700	000011197827285	000000000000000	000000000000000	000000000000000
190000701	000017628656634	000000000000000	000000000000000	000000000000000
190000702	-00006430829349	000000000000000	000000000000000	000000000000000
190000800	000000217640240	000000000000000	000000000000000	000000000000000
190000900	000059220926885	000000000000000	000000000000000	000000000000000
190001000	000000000000000	000000000000000	000000000000000	000000000000000
190001100	000000000000000	000000000000000	000000000000000	000000000000000
190001200	000021282743470	000000000000000	000000027712645	000000000000000
190001300	000000000000000	000000000000000	000000000000000	000000000000000
190001400	000007192725958	000000038357646	000000000000000	000008304091893
190001500	000003589451074	000000029366084	000000038458730	000000038703187
190002900	000012761840026	000000000095245	000000000000000	000000788015073
192500100	-00004099610226	000000000000000	000000000000000	000000000000000
192500101	-00000991800586	000000000000000	000000000000000	000000000000000
192500102	-00000075778950	000000000000000	000000000000000	000000000000000
192500103	-00003032030690	000000000000000	000000000000000	000000000000000
195000000	000030151913516	000000000000000	000000000000000	000000000000000
195000100	000029030142214	000000000000000	000000000000000	000000000000000
195000101	000002343353356	000000000000000	000000000000000	000000000000000
195000102	000026742514968	000000000000000	000000000000000	000000000000000
195000103	-00000055726110	000000000000000	000000000000000	000000000000000
195000200	000001121771302	000000000000000	000000000000000	000000000000000
195000201	000000000000000	000000000000000	000000000000000	000000000000000
195000202	000000000000000	000000000000000	000000000000000	000000000000000
195000203	000000000000000	000000000000000	000000000000000	000000000000000
195000204	000001121771302	000000000000000	000000000000000	000000000000000
195000219	000000000000000	000000000000000	000000000000000	000000000000000
195000300	000000000000000	000000000000000	000000000000000	000000000000000
200000000	029520693139946	011300709567117	000001971597249	008359686166870
207000000	000142751535701	000000000000000	000000000000000	000320573330960
207000100	000000000000000	000000000000000	000000000000000	000000000000000
207000101	000000000000000	000000000000000	000000000000000	000000000000000
207000102	000000000000000	000000000000000	000000000000000	000000000000000
207000200	000092501324400	000000000000000	000000000000000	000000000000000
207000300	000050250211301	000000000000000	000000000000000	000320573330960
207000301	000013483154397	000000000000000	000000000000000	000000000000000
207000309	000022939993556	000000000000000	000000000000000	000315691449036
207000311	000013827063348	000000000000000	000000000000000	000004881881924
207000319	000000000000000	000000000000000	000000000000000	000000000000000
210000000	001898632229065	000000000000000	000000000000000	000237844298967
211000100	001896965101948	000000000000000	000000000000000	000237563359927
211000101	000235571584210	000000000000000	000000000000000	000008837966813
211000102	001658478812973	000000000000000	000000000000000	000228725393114
211000103	000002069761854	000000000000000	000000000000000	000000000000000
211000104	000000844942911	000000000000000	000000000000000	000000000000000
211000105	000000000000000	000000000000000	000000000000000	000000000000000
211000190	000000000000000	000000000000000	000000000000000	000000000000000
213000100	000001667127117	000000000000000	000000000000000	000000280939040
213000101	000000000000000	000000000000000	000000000000000	000000000000000
213000102	000000000000000	000000000000000	000000000000000	000000000000000
213000103	000000000000000	000000000000000	000000000000000	000000000000000
213000109	000001667127117	000000000000000	000000000000000	000000280939040
218000000	000000000000000	000000000000000	000000000000000	000000000000000
218000001	000000000000000	000000000000000	000000000000000	000000000000000
218000002	000000000000000	000000000000000	000000000000000	000000000000000
218000003	000000000000000	000000000000000	000000000000000	000000000000000
218000009	000000000000000	000000000000000	000000000000000	000000000000000
230000000	000176723575673	000000000000000	000000000000000	000000000000000
230000100	000176723575673	000000000000000	000000000000000	000000000000000
230000101	000000000000000	000000000000000	000000000000000	000000000000000
230000102	000176723575673	000000000000000	000000000000000	000000000000000
230000103	000000000000000	000000000000000	000000000000000	000000000000000
230000104	000000000000000	000000000000000	000000000000000	000000000000000
230000105	000000000000000	000000000000000	000000000000000	000000000000000
230000190	000000000000000	000000000000000	000000000000000	000000000000000
240000000	024730727584881	009873264075397	000000352946593	007488552581657
241000000	012335049992450	000070515483606	000000000000000	001849155046634
241000100	009706771689015	000000000000000	000000000000000	001764074502161
241000101	000006442524170	000000000000000	000000000000000	000000896137078
241000102	000096548387241	000000000000000	000000000000000	000000000000000
241000103	006019417780296	000000000000000	000000000000000	001413701742430
241000104	003584362997308	000000000000000	000000000000000	000349476622653
241000200	000684810704663	000000000000000	000000000000000	000000000000000
241000201	000000000000000	000000000000000	000000000000000	000000000000000
241000202	000684810704663	000000000000000	000000000000000	000000000000000
241000300	000455104200019	000000000000000	000000000000000	000000000000000
241000301	000455104200019	000000000000000	000000000000000	000000000000000
241000400	000000000000000	000000000000000	000000000000000	000000000000000
241000401	000000000000000	000000000000000	000000000000000	000000000000000
241000402	000000000000000	000000000000000	000000000000000	000000000000000
241000500	001488363398753	000070515483606	000000000000000	000085080544473
241000501	000000000000000	000000000000000	000000000000000	000000000000000
241000502	000000000000000	000000000000000	000000000000000	000000000000000
241000503	000000000000000	000000000000000	000000000000000	000000000000000
241000504	000000000000000	000000000000000	000000000000000	000000000000000
241000505	000074501596090	000068709118102	000000000000000	000000000000000
241000506	000112538188092	000000000000000	000000000000000	000000000000000
241000507	000000000000000	000000000000000	000000000000000	000000000857688
241000508	000015101563447	000000000000000	000000000000000	000000713746878
241000509	000322981037797	000000000000000	000000000000000	000016654514337
241000510	000041007571735	000000000000000	000000000000000	000006786694929
241000511	000082292681567	000000000000000	000000000000000	000005711341512
241000512	000000000000000	000000000000000	000000000000000	000000000000000
241000513	000000000000000	000000000000000	000000000000000	000000000000000
241000590	000839940760025	000001806365504	000000000000000	000055213389129
242000000	012005388944229	001739793600532	000000000000000	001648759392714
242000100	011941796750876	001402517401953	000000000000000	001633456392805
242000200	000061984369397	000333273408455	000000000000000	000000000000000
242000201	000008178508046	000157754231019	000000000000000	000000000000000
242000202	000053805861351	000175519177436	000000000000000	000000000000000
242000300	000001607823956	000004002790124	000000000000000	000015302999909
242000301	000001607823956	000004002790124	000000000000000	000015302999909
242000302	000000000000000	000000000000000	000000000000000	000000000000000
242000390	000000000000000	000000000000000	000000000000000	000000000000000
243000000	000102901567279	000000000000000	000000000000000	000002681376872
243000100	000000000000000	000000000000000	000000000000000	000000000000000
243000101	000000000000000	000000000000000	000000000000000	000000000000000
243000102	000000000000000	000000000000000	000000000000000	000000000000000
243000103	000000000000000	000000000000000	000000000000000	000000000000000
243000200	000000000000000	000000000000000	000000000000000	000000000000000
243000201	000000000000000	000000000000000	000000000000000	000000000000000
243000202	000000000000000	000000000000000	000000000000000	000000000000000
243000203	000000000000000	000000000000000	000000000000000	000000000000000
243000300	000102901567279	000000000000000	000000000000000	000002681376872
243000301	000102901567279	000000000000000	000000000000000	000002681376872
243000302	000000000000000	000000000000000	000000000000000	000000000000000
243000400	000000000000000	000000000000000	000000000000000	000000000000000
243000401	000000000000000	000000000000000	000000000000000	000000000000000
243000402	000000000000000	000000000000000	000000000000000	000000000000000
244000000	000000000004000	000000000000000	000000352946593	001381853720124
244250000	000000000004000	000000000000000	000000000000000	000000000000000
244250100	000000000000000	000000000000000	000000000000000	000000000000000
244250101	000000000000000	000000000000000	000000000000000	000000000000000
244250102	000000000000000	000000000000000	000000000000000	000000000000000
244250103	000000000000000	000000000000000	000000000000000	000000000000000
244250200	000000000004000	000000000000000	000000000000000	000000000000000
244250201	000000000000000	000000000000000	000000000000000	000000000000000
244250202	000000000000000	000000000000000	000000000000000	000000000000000
244250203	000000000004000	000000000000000	000000000000000	000000000000000
244250204	000000000000000	000000000000000	000000000000000	000000000000000
244250209	000000000000000	000000000000000	000000000000000	000000000000000
244500000	000000000000000	000000000000000	000000352946593	001381853720124
244500100	000000000000000	000000000000000	000000352946593	001228291311195
244500101	000000000000000	000000000000000	000000352946593	001148835205244
244500102	000000000000000	000000000000000	000000000000000	000079456105951
244500103	000000000000000	000000000000000	000000000000000	000000000000000
244500200	000000000000000	000000000000000	000000000000000	000153562408929
244500201	000000000000000	000000000000000	000000000000000	000000000000000
244500202	000000000000000	000000000000000	000000000000000	000147834575217
244500203	000000000000000	000000000000000	000000000000000	000005727833712
244500204	000000000000000	000000000000000	000000000000000	000000000000000
244500209	000000000000000	000000000000000	000000000000000	000000000000000
244700000	000000000000000	000000000000000	000000000000000	000000000000000
244700100	000000000000000	000000000000000	000000000000000	000000000000000
244700200	000000000000000	000000000000000	000000000000000	000000000000000
244900000	000000000000000	000000000000000	000000000000000	000000000000000
244900100	000000000000000	000000000000000	000000000000000	000000000000000
244900200	000000000000000	000000000000000	000000000000000	000000000000000
245000000	000107149713865	008062954991259	000000000000000	002475825152903
245000100	000000000000000	000000595264379	000000000000000	000000000000000
245000101	000000000000000	000000595264310	000000000000000	000000000000000
245000102	000000000000000	000000000000069	000000000000000	000000000000000
245000200	000107149713865	008062359726880	000000000000000	002475825152903
245000201	000107149713865	008062359726880	000000000000000	002475825152903
245000203	000000000000000	000000000000000	000000000000000	000000000000000
246000000	000180237363058	000000000000000	000000000000000	000130277892410
246000100	000000000000000	000000000000000	000000000000000	000000000000000
246000101	000000000000000	000000000000000	000000000000000	000000000000000
246000102	000000000000000	000000000000000	000000000000000	000000000000000
246000200	000180237363058	000000000000000	000000000000000	000130277892410
246000201	000000000424655	000000000000000	000000000000000	000000000000000
246000202	000000000065400	000000000000000	000000000000000	000000000000000
246000203	000000000000000	000000000000000	000000000000000	000000000000000
246000204	000180236868701	000000000000000	000000000000000	000000000000000
246000205	000000000000000	000000000000000	000000000000000	000000000000000
246000206	000000000000000	000000000000000	000000000000000	000000000000000
246000207	000000000004302	000000000000000	000000000000000	000000000000000
246000208	000000000000000	000000000000000	000000000000000	000130277892410
246000290	000000000000000	000000000000000	000000000000000	000000000000000
246000300	000000000000000	000000000000000	000000000000000	000000000000000
246000301	000000000000000	000000000000000	000000000000000	000000000000000
246000302	000000000000000	000000000000000	000000000000000	000000000000000
246000303	000000000000000	000000000000000	000000000000000	000000000000000
246000304	000000000000000	000000000000000	000000000000000	000000000000000
246000305	000000000000000	000000000000000	000000000000000	000000000000000
246000390	000000000000000	000000000000000	000000000000000	000000000000000
250000000	000083860847627	000000000000000	000000000000000	000000000000000
255000000	000000000000000	001080761156471	000000000000000	000000000000000
255000100	000000000000000	001080761156471	000000000000000	000000000000000
255000101	000000000000000	000000000000000	000000000000000	000000000000000
255000102	000000000000000	001080761156471	000000000000000	000000000000000
255000200	000000000000000	000000000000000	000000000000000	000000000000000
255000300	000000000000000	000000000000000	000000000000000	000000000000000
260000000	000164564805569	000000000000000	000000000000000	000000000000000
260000100	000121164676541	000000000000000	000000000000000	000000000000000
260000101	000112839858666	000000000000000	000000000000000	000000000000000
260000102	000000000000000	000000000000000	000000000000000	000000000000000
260000103	000000000000000	000000000000000	000000000000000	000000000000000
260000104	000008324817875	000000000000000	000000000000000	000000000000000
260000105	000000000000000	000000000000000	000000000000000	000000000000000
260000106	000000000000000	000000000000000	000000000000000	000000000000000
260000107	000000000000000	000000000000000	000000000000000	000000000000000
260000109	000000000000000	000000000000000	000000000000000	000000000000000
260000200	000000000000000	000000000000000	000000000000000	000000000000000
260000300	000000000000000	000000000000000	000000000000000	000000000000000
260000400	000001942575982	000000000000000	000000000000000	000000000000000
260000500	000041068140746	000000000000000	000000000000000	000000000000000
260000600	000000389412300	000000000000000	000000000000000	000000000000000
260000900	000000000000000	000000000000000	000000000000000	000000000000000
265000000	000364436465759	000000000000000	000000000000000	000000000000000
265000100	000364436465759	000000000000000	000000000000000	000000000000000
265000101	000364436465759	000000000000000	000000000000000	000000000000000
265000102	000000000000000	000000000000000	000000000000000	000000000000000
265000200	000000000000000	000000000000000	000000000000000	000000000000000
265000300	000000000000000	000000000000000	000000000000000	000000000000000
270000000	000713483185084	000000000000000	000000002408496	000022912163394
271000000	000070467465776	000000000000000	000000002408496	000022912163394
271000100	000000000000000	000000000000000	000000000000000	000004730105039
271000200	000000191048395	000000000000000	000000000000000	000001106629339
271000400	000043059531916	000000000000000	000000000000000	000003102635033
271000500	000000000000000	000000000000000	000000000000000	000000000000000
271000501	000000000000000	000000000000000	000000000000000	000000000000000
271000502	000000000000000	000000000000000	000000000000000	000000000000000
271000503	000000000000000	000000000000000	000000000000000	000000000000000
271000504	000000000000000	000000000000000	000000000000000	000000000000000
271000505	000000000000000	000000000000000	000000000000000	000000000000000
271000600	000000537340122	000000000000000	000000000000000	000000000000000
271000601	000000000000000	000000000000000	000000000000000	000000000000000
271000602	000000537340122	000000000000000	000000000000000	000000000000000
271000700	000026679545343	000000000000000	000000002408496	000013972793983
271000701	000003730291342	000000000000000	000000002408496	000000053352829
271000702	000000867299353	000000000000000	000000000000000	000001148687664
271000703	000005568384663	000000000000000	000000000000000	000000000000000
271000704	000016513569985	000000000000000	000000000000000	000012770753490
271000705	000000000000000	000000000000000	000000000000000	000000000000000
271000800	000000000000000	000000000000000	000000000000000	000000000000000
271000900	000000000000000	000000000000000	000000000000000	000000000000000
272000000	000011798842170	000000000000000	000000000000000	000000000000000
273000000	000000000000000	000000000000000	000000000000000	000000000000000
274000000	000631216877138	000000000000000	000000000000000	000000000000000
274000100	000631216877138	000000000000000	000000000000000	000000000000000
274000200	000000000000000	000000000000000	000000000000000	000000000000000
274000300	000000000000000	000000000000000	000000000000000	000000000000000
275000000	000000000000000	000000000000000	000000000000000	000000000000000
275000100	000000000000000	000000000000000	000000000000000	000000000000000
275000200	000000000000000	000000000000000	000000000000000	000000000000000
275000300	000000000000000	000000000000000	000000000000000	000000000000000
275000400	000000000000000	000000000000000	000000000000000	000000000000000
275000500	000000000000000	000000000000000	000000000000000	000000000000000
275000600	000000000000000	000000000000000	000000000000000	000000000000000
279000000	000000000000000	000000000000000	000000000000000	000000000000000
279000100	000000000000000	000000000000000	000000000000000	000000000000000
279000200	000000000000000	000000000000000	000000000000000	000000000000000
279000300	000000000000000	000000000000000	000000000000000	000000000000000
280000000	000030189844272	000000000000000	000000000000000	000000000000000
285000000	000001367056923	000000000000000	000000000000000	000000000000000
290000000	001213956009392	000346684335249	000001616242160	000289803791892
290000100	000000000036000	000000000000000	000000000000000	000169958298102
290000101	000000000000000	000000000000000	000000000000000	000000000000000
290000102	000000000000000	000000000000000	000000000000000	000000000000000
290000103	000000000036000	000000000000000	000000000000000	000026607833377
290000104	000000000000000	000000000000000	000000000000000	000143350464725
290000200	000518792660708	000000000000000	000000000000000	000004114113336
290000201	000384326902202	000000000000000	000000000000000	000004114113336
290000202	000134465758506	000000000000000	000000000000000	000000000000000
290000203	000000000000000	000000000000000	000000000000000	000000000000000
290000300	000559507062125	000013875954015	000001577729691	000111714985435
290000301	000000000000000	000000000000000	000000000000000	000000000000000
290000302	000009979573873	000000000000000	000000000000000	000000000000000
290000303	000003282488746	000000000000000	000000000000000	000000000000000
290000304	000000133783099	000000000000000	000000000000000	000000000000000
290000305	000032768736217	000000000000000	000000000000000	000000000000000
290000306	000000000000000	000000000000000	000000000000000	000000000000000
290000307	000005334187420	000000000000000	000000000000000	000000000000000
290000308	000097563062848	000000067438702	000000000000000	000001600324528
290000309	000037610715653	000000000000000	000000000000000	000000000000000
290000390	000372834514269	000013808515313	000001577729691	000110114660907
290000400	000000000000000	000000000000000	000000000000000	000000000000000
290000500	000018261626499	000000000000000	000000000000000	000000000000000
290000501	000018261626499	000000000000000	000000000000000	000000000000000
290000502	000000000000000	000000000000000	000000000000000	000000000000000
290000700	000000000000000	000000000000000	000000000000000	000000000000000
290000800	000033708921409	000000000000000	000000000000000	000002558353545
290000801	000000000000000	000000000000000	000000000000000	000000000000000
290000802	000001290505808	000000000000000	000000000000000	000000000000000
290000803	000000667981302	000000000000000	000000000000000	000000000000000
290000809	000031750434299	000000000000000	000000000000000	000002558353545
290000900	000005242621890	000000000000000	000000000000000	000000043614136
290001000	000000199368386	000000356489503	000000000000000	000000000000000
290001100	000001344299676	000000073682223	000000038458730	000000096689120
290001200	000076899412699	000332378209508	000000000053739	000001317738218
295000000	000000000000000	000000000000000	000000000000000	000000000000000
300000000	004949589885686	000518617815879	000005411553187	000085333337404
310000000	002420538367471	000000000000000	000000000000000	000000000000000
311000000	002418833181067	000000000000000	000000000000000	000000000000000
311000100	001493173801395	000000000000000	000000000000000	000000000000000
311000200	000913889577566	000000000000000	000000000000000	000000000000000
311000300	000000000000000	000000000000000	000000000000000	000000000000000
311000400	000000000000000	000000000000000	000000000000000	000000000000000
311000500	000000000000000	000000000000000	000000000000000	000000000000000
311000600	000011769802106	000000000000000	000000000000000	000000000000000
312000000	000001705186404	000000000000000	000000000000000	000000000000000
313000000	000000000000000	000000000000000	000000000000000	000000000000000
320000000	000711658268558	000000000000000	000000000000000	000000000000000
320000100	000040166117229	000000000000000	000000000000000	000000000000000
320000200	000671492151329	000000000000000	000000000000000	000000000000000
320000300	000000000000000	000000000000000	000000000000000	000000000000000
320000400	000000000000000	000000000000000	000000000000000	000000000000000
330000000	-00000538995017	000000000000000	000000000000000	000000000000000
331000000	000006964643519	000000000000000	000000000000000	000000000000000
331000100	-00000261883120	000000000000000	000000000000000	000000000000000
331000200	000007226526639	000000000000000	000000000000000	000000000000000
331000201	000007226526639	000000000000000	000000000000000	000000000000000
331000202	000000000000000	000000000000000	000000000000000	000000000000000
331000203	000000000000000	000000000000000	000000000000000	000000000000000
331000209	000000000000000	000000000000000	000000000000000	000000000000000
331000300	000000000000000	000000000000000	000000000000000	000000000000000
331000400	000000000000000	000000000000000	000000000000000	000000000000000
331000500	000000000000000	000000000000000	000000000000000	000000000000000
331000900	000000000000000	000000000000000	000000000000000	000000000000000
332000000	-00007503638536	000000000000000	000000000000000	000000000000000
332000100	000012252150548	000000000000000	000000000000000	000000000000000
332000200	000000000000000	000000000000000	000000000000000	000000000000000
332000300	000000000000000	000000000000000	000000000000000	000000000000000
332000400	-00019732635530	000000000000000	000000000000000	000000000000000
332000500	000000000000000	000000000000000	000000000000000	000000000000000
332000600	-00000023153554	000000000000000	000000000000000	000000000000000
332000700	000000000000000	000000000000000	000000000000000	000000000000000
332000900	000000000000000	000000000000000	000000000000000	000000000000000
340000000	002090790423110	000000000000000	000000000000000	000000000000000
340000100	002090790423110	000000000000000	000000000000000	000000000000000
340000200	000000000000000	000000000000000	000000000000000	000000000000000
350000000	000091577004860	000518617815879	000005411553187	000085333337404
360000000	-00364436465759	000000000000000	000000000000000	000000000000000
360000100	-00364436465759	000000000000000	000000000000000	000000000000000
360000101	-00364436465759	000000000000000	000000000000000	000000000000000
360000102	000000000000000	000000000000000	000000000000000	000000000000000
360000200	000000000000000	000000000000000	000000000000000	000000000000000
360000300	000000000000000	000000000000000	000000000000000	000000000000000
365000000	000000000000000	000000000000000	000000000000000	000000000000000
380000000	004949588603223	000518617815879	000005411553187	000085333337404
390000000	000000001282463	000000000000000	000000000000000	000000000000000
500000000	014530204567496	021553488746588	000175985795064	003612921641655
505000000	014530204567496	021553488746588	000175985795064	003612921641655
510000000	034470283025632	011819327382996	000007383150436	008445019504274
