049	BANCO SECURITY
100000000	003974000212056	004624231361078	000006093169200	001068162909083
105000000	000242578276195	000000000000000	000000000000000	000206582661747
105000100	000005988014101	000000000000000	000000000000000	000013025946794
105000101	000005988014101	000000000000000	000000000000000	000013025946794
105000102	000000000000000	000000000000000	000000000000000	000000000000000
105000103	000000000000000	000000000000000	000000000000000	000000000000000
105000200	000224970320442	000000000000000	000000000000000	000052236524177
105000201	000224970320442	000000000000000	000000000000000	000013522292454
105000202	000000000000000	000000000000000	000000000000000	000038714231723
105000209	000000000000000	000000000000000	000000000000000	000000000000000
105000300	000000000000000	000000000000000	000000000000000	000000000000000
105000301	000000000000000	000000000000000	000000000000000	000000000000000
105000302	000000000000000	000000000000000	000000000000000	000000000000000
105000309	000000000000000	000000000000000	000000000000000	000000000000000
105000400	000011614643630	000000000000000	000000000000000	000000000000000
105000500	000000005298022	000000000000000	000000000000000	000141320190776
107000000	000072511720855	000000000000000	000000000000000	000073119512916
107000100	000007786152702	000000000000000	000000000000000	000001325049129
107000101	000000000000000	000000000000000	000000000000000	000000000000000
107000102	000000000000000	000000000000000	000000000000000	000000000000000
107000103	000007786152702	000000000000000	000000000000000	000001325049129
107000200	000000000000000	000000000000000	000000000000000	000000000000000
107000201	000000000000000	000000000000000	000000000000000	000000000000000
107000202	000000000000000	000000000000000	000000000000000	000000000000000
107000300	000000000000000	000000000000000	000000000000000	000000000000000
107000400	000064725568153	000000000000000	000000000000000	000071794463787
107000401	000029519304473	000000000000000	000000000000000	000000000000000
107000409	000000000000000	000000000000000	000000000000000	000014057558334
107000411	000035206263680	000000000000000	000000000000000	000004787359339
107000419	000000000000000	000000000000000	000000000000000	000052949546114
110000000	000219564011556	000001941837073	000000000000000	000000000000000
111000100	000164433934318	000000000000000	000000000000000	000000000000000
111000101	000053929369370	000000000000000	000000000000000	000000000000000
111000102	000110504564948	000000000000000	000000000000000	000000000000000
111000103	000000000000000	000000000000000	000000000000000	000000000000000
111000104	000000000000000	000000000000000	000000000000000	000000000000000
111000105	000000000000000	000000000000000	000000000000000	000000000000000
111000109	000000000000000	000000000000000	000000000000000	000000000000000
112000000	000050064465872	000001941837073	000000000000000	000000000000000
112000100	000004869773110	000000000000002	000000000000000	000000000000000
112000101	000004869773110	000000000000002	000000000000000	000000000000000
112000102	000000000000000	000000000000000	000000000000000	000000000000000
112000109	000000000000000	000000000000000	000000000000000	000000000000000
112000200	000045194692762	000001941837071	000000000000000	000000000000000
112000201	000038838601530	000001941837071	000000000000000	000000000000000
112000202	000000225221843	000000000000000	000000000000000	000000000000000
112000209	000006130869389	000000000000000	000000000000000	000000000000000
112000300	000000000000000	000000000000000	000000000000000	000000000000000
112000301	000000000000000	000000000000000	000000000000000	000000000000000
112000302	000000000000000	000000000000000	000000000000000	000000000000000
112000303	000000000000000	000000000000000	000000000000000	000000000000000
112000304	000000000000000	000000000000000	000000000000000	000000000000000
112000309	000000000000000	000000000000000	000000000000000	000000000000000
113000000	000005065611366	000000000000000	000000000000000	000000000000000
113000100	000005065611366	000000000000000	000000000000000	000000000000000
113000101	000004714611366	000000000000000	000000000000000	000000000000000
113000102	000000351000000	000000000000000	000000000000000	000000000000000
113000200	000000000000000	000000000000000	000000000000000	000000000000000
113000201	000000000000000	000000000000000	000000000000000	000000000000000
113000202	000000000000000	000000000000000	000000000000000	000000000000000
113000300	000000000000000	000000000000000	000000000000000	000000000000000
113000301	000000000000000	000000000000000	000000000000000	000000000000000
113000302	000000000000000	000000000000000	000000000000000	000000000000000
113000303	000000000000000	000000000000000	000000000000000	000000000000000
113000304	000000000000000	000000000000000	000000000000000	000000000000000
113000400	000000000000000	000000000000000	000000000000000	000000000000000
115000000	000000000000000	000000000000000	000000000000000	000000000000000
115250000	000000000000000	000000000000000	000000000000000	000000000000000
115250100	000000000000000	000000000000000	000000000000000	000000000000000
115250101	000000000000000	000000000000000	000000000000000	000000000000000
115250102	000000000000000	000000000000000	000000000000000	000000000000000
115250109	000000000000000	000000000000000	000000000000000	000000000000000
115250200	000000000000000	000000000000000	000000000000000	000000000000000
115250201	000000000000000	000000000000000	000000000000000	000000000000000
115250202	000000000000000	000000000000000	000000000000000	000000000000000
115250209	000000000000000	000000000000000	000000000000000	000000000000000
115250300	000000000000000	000000000000000	000000000000000	000000000000000
115250301	000000000000000	000000000000000	000000000000000	000000000000000
115250302	000000000000000	000000000000000	000000000000000	000000000000000
115250303	000000000000000	000000000000000	000000000000000	000000000000000
115250304	000000000000000	000000000000000	000000000000000	000000000000000
115250309	000000000000000	000000000000000	000000000000000	000000000000000
115500000	000000000000000	000000000000000	000000000000000	000000000000000
115500100	000000000000000	000000000000000	000000000000000	000000000000000
115500101	000000000000000	000000000000000	000000000000000	000000000000000
115500102	000000000000000	000000000000000	000000000000000	000000000000000
115500300	000000000000000	000000000000000	000000000000000	000000000000000
115500301	000000000000000	000000000000000	000000000000000	000000000000000
115500302	000000000000000	000000000000000	000000000000000	000000000000000
115500303	000000000000000	000000000000000	000000000000000	000000000000000
115500304	000000000000000	000000000000000	000000000000000	000000000000000
115500400	000000000000000	000000000000000	000000000000000	000000000000000
118000000	000000000000000	000000000000000	000000000000000	000000000000000
118250000	000000000000000	000000000000000	000000000000000	000000000000000
118250100	000000000000000	000000000000000	000000000000000	000000000000000
118250101	000000000000000	000000000000000	000000000000000	000000000000000
118250102	000000000000000	000000000000000	000000000000000	000000000000000
118250109	000000000000000	000000000000000	000000000000000	000000000000000
118250200	000000000000000	000000000000000	000000000000000	000000000000000
118250201	000000000000000	000000000000000	000000000000000	000000000000000
118250202	000000000000000	000000000000000	000000000000000	000000000000000
118250209	000000000000000	000000000000000	000000000000000	000000000000000
118250300	000000000000000	000000000000000	000000000000000	000000000000000
118250301	000000000000000	000000000000000	000000000000000	000000000000000
118250302	000000000000000	000000000000000	000000000000000	000000000000000
118250303	000000000000000	000000000000000	000000000000000	000000000000000
118250304	000000000000000	000000000000000	000000000000000	000000000000000
118250309	000000000000000	000000000000000	000000000000000	000000000000000
118500000	000000000000000	000000000000000	000000000000000	000000000000000
118500300	000000000000000	000000000000000	000000000000000	000000000000000
118500301	000000000000000	000000000000000	000000000000000	000000000000000
118500302	000000000000000	000000000000000	000000000000000	000000000000000
118500303	000000000000000	000000000000000	000000000000000	000000000000000
118500304	000000000000000	000000000000000	000000000000000	000000000000000
118500400	000000000000000	000000000000000	000000000000000	000000000000000
120000000	000957987609069	000232186029178	000000000000000	000129501065562
122000000	000952707004825	000232186029178	000000000000000	000129501065562
122000100	000889553706796	000000000000000	000000000000000	000000000000000
122000101	000825518155060	000000000000000	000000000000000	000000000000000
122000102	000064035551736	000000000000000	000000000000000	000000000000000
122000109	000000000000000	000000000000000	000000000000000	000000000000000
122000200	000063153298029	000232186029178	000000000000000	000000000000000
122000201	000025655442817	000113361046705	000000000000000	000000000000000
122000202	000037497855212	000118824982473	000000000000000	000000000000000
122000209	000000000000000	000000000000000	000000000000000	000000000000000
122000300	000000000000000	000000000000000	000000000000000	000129501065562
122000301	000000000000000	000000000000000	000000000000000	000000000000000
122000302	000000000000000	000000000000000	000000000000000	000000000000000
122000303	000000000000000	000000000000000	000000000000000	000095700609278
122000304	000000000000000	000000000000000	000000000000000	000000000000000
122000309	000000000000000	000000000000000	000000000000000	000033800456284
123000000	000005280604244	000000000000000	000000000000000	000000000000000
123000300	000000000000000	000000000000000	000000000000000	000000000000000
123000301	000000000000000	000000000000000	000000000000000	000000000000000
123000302	000000000000000	000000000000000	000000000000000	000000000000000
123000303	000000000000000	000000000000000	000000000000000	000000000000000
123000304	000000000000000	000000000000000	000000000000000	000000000000000
123000400	000005280604244	000000000000000	000000000000000	000000000000000
130000000	000047712914791	000000000000000	000000000000000	000000000000000
130000100	000047712914791	000000000000000	000000000000000	000000000000000
130000101	000000000000000	000000000000000	000000000000000	000000000000000
130000102	000047712914791	000000000000000	000000000000000	000000000000000
130000103	000000000000000	000000000000000	000000000000000	000000000000000
130000104	000000000000000	000000000000000	000000000000000	000000000000000
130000105	000000000000000	000000000000000	000000000000000	000000000000000
130000190	000000000000000	000000000000000	000000000000000	000000000000000
140000000	002116970140371	004374755631128	000006093169200	000643622292020
141000000	000000000000000	000000000000000	000000000000000	000000000000000
141000100	000000000000000	000000000000000	000000000000000	000000000000000
141000101	000000000000000	000000000000000	000000000000000	000000000000000
141000102	000000000000000	000000000000000	000000000000000	000000000000000
141000103	000000000000000	000000000000000	000000000000000	000000000000000
141000200	000000000000000	000000000000000	000000000000000	000000000000000
141000201	000000000000000	000000000000000	000000000000000	000000000000000
141000202	000000000000000	000000000000000	000000000000000	000000000000000
141000203	000000000000000	000000000000000	000000000000000	000000000000000
141000300	000000000000000	000000000000000	000000000000000	000000000000000
141000301	000000000000000	000000000000000	000000000000000	000000000000000
141000302	000000000000000	000000000000000	000000000000000	000000000000000
141000400	000000000000000	000000000000000	000000000000000	000000000000000
141000401	000000000000000	000000000000000	000000000000000	000000000000000
141000402	000000000000000	000000000000000	000000000000000	000000000000000
141000900	000000000000000	000000000000000	000000000000000	000000000000000
141000901	000000000000000	000000000000000	000000000000000	000000000000000
141000902	000000000000000	000000000000000	000000000000000	000000000000000
141000903	000000000000000	000000000000000	000000000000000	000000000000000
141500000	000025734431139	000000000000000	000000000000000	000009616223958
141500100	000000000000000	000000000000000	000000000000000	000000000000000
141500101	000000000000000	000000000000000	000000000000000	000000000000000
141500102	000000000000000	000000000000000	000000000000000	000000000000000
141500109	000000000000000	000000000000000	000000000000000	000000000000000
141500200	000025755386137	000000000000000	000000000000000	000000000000000
141500201	000025755386137	000000000000000	000000000000000	000000000000000
141500202	000000000000000	000000000000000	000000000000000	000000000000000
141500209	000000000000000	000000000000000	000000000000000	000000000000000
141500300	000000000000000	000000000000000	000000000000000	000009623625878
141500301	000000000000000	000000000000000	000000000000000	000000000000000
141500302	000000000000000	000000000000000	000000000000000	000000000000000
141500303	000000000000000	000000000000000	000000000000000	000000000000000
141500304	000000000000000	000000000000000	000000000000000	000000000000000
141500309	000000000000000	000000000000000	000000000000000	000009623625878
141500900	-00000020954998	000000000000000	000000000000000	-00000007401920
141500901	-00000020954998	000000000000000	000000000000000	-00000007401920
141500902	000000000000000	000000000000000	000000000000000	000000000000000
141500903	000000000000000	000000000000000	000000000000000	000000000000000
143000000	000000000000000	000000000000000	000000000000000	000000000000000
143100100	000000000000000	000000000000000	000000000000000	000000000000000
143100101	000000000000000	000000000000000	000000000000000	000000000000000
143100102	000000000000000	000000000000000	000000000000000	000000000000000
143100103	000000000000000	000000000000000	000000000000000	000000000000000
143100104	000000000000000	000000000000000	000000000000000	000000000000000
143100105	000000000000000	000000000000000	000000000000000	000000000000000
143100106	000000000000000	000000000000000	000000000000000	000000000000000
143100107	000000000000000	000000000000000	000000000000000	000000000000000
143100190	000000000000000	000000000000000	000000000000000	000000000000000
143150100	000000000000000	000000000000000	000000000000000	000000000000000
143150101	000000000000000	000000000000000	000000000000000	000000000000000
143150102	000000000000000	000000000000000	000000000000000	000000000000000
143150103	000000000000000	000000000000000	000000000000000	000000000000000
143200100	000000000000000	000000000000000	000000000000000	000000000000000
143200101	000000000000000	000000000000000	000000000000000	000000000000000
143200102	000000000000000	000000000000000	000000000000000	000000000000000
143200103	000000000000000	000000000000000	000000000000000	000000000000000
143200104	000000000000000	000000000000000	000000000000000	000000000000000
143200105	000000000000000	000000000000000	000000000000000	000000000000000
143200106	000000000000000	000000000000000	000000000000000	000000000000000
143200107	000000000000000	000000000000000	000000000000000	000000000000000
143200108	000000000000000	000000000000000	000000000000000	000000000000000
143200190	000000000000000	000000000000000	000000000000000	000000000000000
143250100	000000000000000	000000000000000	000000000000000	000000000000000
143250101	000000000000000	000000000000000	000000000000000	000000000000000
143250102	000000000000000	000000000000000	000000000000000	000000000000000
143250103	000000000000000	000000000000000	000000000000000	000000000000000
143300100	000000000000000	000000000000000	000000000000000	000000000000000
143300101	000000000000000	000000000000000	000000000000000	000000000000000
143300102	000000000000000	000000000000000	000000000000000	000000000000000
143300103	000000000000000	000000000000000	000000000000000	000000000000000
143400100	000000000000000	000000000000000	000000000000000	000000000000000
143400101	000000000000000	000000000000000	000000000000000	000000000000000
143400102	000000000000000	000000000000000	000000000000000	000000000000000
143400103	000000000000000	000000000000000	000000000000000	000000000000000
144000000	002091235709232	004374755631128	000006093169200	000634006068062
145000000	001796296703985	003157800787467	000006093169200	000663771919964
145400100	001661385344014	002778551786589	000000000000000	000444395098164
145400101	001661385344014	002741749993959	000000000000000	000438817846945
145400102	000000000000000	000000000000000	000000000000000	000005577251219
145400103	000000000000000	000000000000000	000000000000000	000000000000000
145400104	000000000000000	000000194916457	000000000000000	000000000000000
145400105	000000000000000	000036606876173	000000000000000	000000000000000
145400106	000000000000000	000000000000000	000000000000000	000000000000000
145400200	000019271847969	000000000000000	000000000000000	000218187938134
145400201	000000000000000	000000000000000	000000000000000	000000000000000
145400202	000019271847969	000000000000000	000000000000000	000135305165316
145400203	000000000000000	000000000000000	000000000000000	000000231243267
145400204	000000000000000	000000000000000	000000000000000	000082651529551
145400205	000000000000000	000000000000000	000000000000000	000000000000000
145400290	000000000000000	000000000000000	000000000000000	000000000000000
145400300	000033094632504	000000000000000	000000000000000	000000001988940
145400400	000005684878924	000000000000000	000000000000000	000001114334809
145400401	000001911227859	000000000000000	000000000000000	000001114334809
145400402	000003773651065	000000000000000	000000000000000	000000000000000
145400500	000000000000000	000000000000000	000000000000000	000000000000000
145400501	000000000000000	000000000000000	000000000000000	000000000000000
145400502	000000000000000	000000000000000	000000000000000	000000000000000
145400600	000076233445772	000377786682688	000006050617040	000000000000000
145400601	000021597453315	000315292943039	000003041964218	000000000000000
145400602	000054635992457	000062493739649	000003008652822	000000000000000
145400700	000000000000000	000001194527460	000000000000000	000000000000000
145400701	000000000000000	000000000000000	000000000000000	000000000000000
145400702	000000000000000	000000000000000	000000000000000	000000000000000
145400703	000000000000000	000001194527460	000000000000000	000000000000000
145400900	000000626554802	000000267790730	000000042552160	000000072559917
145400901	000000000000000	000000000000000	000000000000000	000000000000000
145400902	000000337642891	000000000000000	000000000000000	000000072559917
145400990	000000288911911	000000267790730	000000042552160	000000000000000
146000000	000000003473291	001212596491112	000000000000000	000000000000000
146000100	000000000000000	000000200545636	000000000000000	000000000000000
146000200	000000000000000	000261216171648	000000000000000	000000000000000
146000300	000000000000000	000000000000000	000000000000000	000000000000000
146000400	000000003473291	000949759534355	000000000000000	000000000000000
146000401	000000003473291	000949759534355	000000000000000	000000000000000
146000402	000000000000000	000000000000000	000000000000000	000000000000000
146000500	000000000000000	000001420239473	000000000000000	000000000000000
146000900	000000000000000	000000000000000	000000000000000	000000000000000
146000901	000000000000000	000000000000000	000000000000000	000000000000000
146000902	000000000000000	000000000000000	000000000000000	000000000000000
146000903	000000000000000	000000000000000	000000000000000	000000000000000
146000909	000000000000000	000000000000000	000000000000000	000000000000000
148000000	000475839358069	000004358352549	000000000000000	000007554184278
148000100	000306360285293	000004358352549	000000000000000	000000000000000
148000200	000059575019763	000000000000000	000000000000000	000000000000000
148000300	000109904053013	000000000000000	000000000000000	000007554184278
148000301	000065188800813	000000000000000	000000000000000	000007554184278
148000302	000044715252200	000000000000000	000000000000000	000000000000000
148000400	000000000000000	000000000000000	000000000000000	000000000000000
148000900	000000000000000	000000000000000	000000000000000	000000000000000
148000901	000000000000000	000000000000000	000000000000000	000000000000000
148000902	000000000000000	000000000000000	000000000000000	000000000000000
149000000	-00180903826113	000000000000000	000000000000000	-00037320036180
149500100	-00151830610181	000000000000000	000000000000000	-00037291860561
149500101	-00024485158249	000000000000000	000000000000000	-00013995503977
149500102	-00012378402802	000000000000000	000000000000000	-00009169668197
149500103	-00100659960527	000000000000000	000000000000000	-00013941729201
149500104	-00004043110837	000000000000000	000000000000000	-00000064134315
149500105	-00010076564037	000000000000000	000000000000000	-00000120824871
149500109	-00000187413729	000000000000000	000000000000000	000000000000000
149600100	-00002097934007	000000000000000	000000000000000	000000000000000
149600101	-00001021245455	000000000000000	000000000000000	000000000000000
149600102	-00001076688552	000000000000000	000000000000000	000000000000000
149700100	-00026975281925	000000000000000	000000000000000	-00000028175619
149700101	-00016237052566	000000000000000	000000000000000	-00000028139110
149700102	-00010738229359	000000000000000	000000000000000	-00000000036509
150000000	000002601292588	000000000000000	000000000000000	000000000000000
150000100	000000000000000	000000000000000	000000000000000	000000000000000
150000200	000000000000000	000000000000000	000000000000000	000000000000000
150000201	000000000000000	000000000000000	000000000000000	000000000000000
150000202	000000000000000	000000000000000	000000000000000	000000000000000
150000300	000000000000000	000000000000000	000000000000000	000000000000000
150000400	000000000000000	000000000000000	000000000000000	000000000000000
150000500	000000000000000	000000000000000	000000000000000	000000000000000
150000600	000000000000000	000000000000000	000000000000000	000000000000000
150000700	000002601292588	000000000000000	000000000000000	000000000000000
150000800	000000000000000	000000000000000	000000000000000	000000000000000
160000000	000053534759778	000000000000000	000000000000000	000000000000000
160000100	000009209008930	000000000000000	000000000000000	000000000000000
160000200	000028163712780	000000000000000	000000000000000	000000000000000
160000201	000000000000000	000000000000000	000000000000000	000000000000000
160000202	000000000000000	000000000000000	000000000000000	000000000000000
160000203	000000000000000	000000000000000	000000000000000	000000000000000
160000204	000000000000000	000000000000000	000000000000000	000000000000000
160000205	000000000000000	000000000000000	000000000000000	000000000000000
160000206	000000000000000	000000000000000	000000000000000	000000000000000
160000207	000028163712780	000000000000000	000000000000000	000000000000000
160000208	000000000000000	000000000000000	000000000000000	000000000000000
160000209	000000000000000	000000000000000	000000000000000	000000000000000
160000219	000000000000000	000000000000000	000000000000000	000000000000000
160000300	000016162038068	000000000000000	000000000000000	000000000000000
160000301	000016162038068	000000000000000	000000000000000	000000000000000
160000302	000000000000000	000000000000000	000000000000000	000000000000000
160000303	000000000000000	000000000000000	000000000000000	000000000000000
160000309	000000000000000	000000000000000	000000000000000	000000000000000
160000319	000000000000000	000000000000000	000000000000000	000000000000000
170000000	000016787290974	000000000000000	000000000000000	000000000000000
170000100	000013933478689	000000000000000	000000000000000	000000000000000
170000101	000018809737345	000000000000000	000000000000000	000000000000000
170000102	000000000000000	000000000000000	000000000000000	000000000000000
170000119	-00004876258656	000000000000000	000000000000000	000000000000000
170000200	000002853812285	000000000000000	000000000000000	000000000000000
170000201	000016665834527	000000000000000	000000000000000	000000000000000
170000209	000014496027387	000000000000000	000000000000000	000000000000000
170000219	-00028308049629	000000000000000	000000000000000	000000000000000
175000000	000000000000000	000015347863699	000000000000000	000000000000000
175000100	000000000000000	000015347863699	000000000000000	000000000000000
175000101	000000000000000	000020229528414	000000000000000	000000000000000
175000102	000000000000000	000000000000000	000000000000000	000000000000000
175000119	000000000000000	-00004881664715	000000000000000	000000000000000
175000200	000000000000000	000000000000000	000000000000000	000000000000000
175000201	000000000000000	000000000000000	000000000000000	000000000000000
175000219	000000000000000	000000000000000	000000000000000	000000000000000
175000300	000000000000000	000000000000000	000000000000000	000000000000000
175000301	000000000000000	000000000000000	000000000000000	000000000000000
175000309	000000000000000	000000000000000	000000000000000	000000000000000
175000319	000000000000000	000000000000000	000000000000000	000000000000000
175000400	000000000000000	000000000000000	000000000000000	000000000000000
175000401	000000000000000	000000000000000	000000000000000	000000000000000
175000409	000000000000000	000000000000000	000000000000000	000000000000000
175000419	000000000000000	000000000000000	000000000000000	000000000000000
180000000	000001257797655	000000000000000	000000000000000	000000000000000
185000000	000091884712021	000000000000000	000000000000000	000000000000000
190000000	000106050161907	000000000000000	000000000000000	000015337376838
190000100	000007071856291	000000000000000	000000000000000	000000000000000
190000101	000007071856291	000000000000000	000000000000000	000000000000000
190000102	000000000000000	000000000000000	000000000000000	000000000000000
190000103	000000000000000	000000000000000	000000000000000	000000000000000
190000200	000033065055899	000000000000000	000000000000000	000014978667636
190000201	000030130138812	000000000000000	000000000000000	000000000000000
190000202	000000000000000	000000000000000	000000000000000	000000000000000
190000203	000002695000000	000000000000000	000000000000000	000014978667636
190000204	000000239917087	000000000000000	000000000000000	000000000000000
190000300	000023310509076	000000000000000	000000000000000	000000000000000
190000301	000009661776912	000000000000000	000000000000000	000000000000000
190000302	000013648732164	000000000000000	000000000000000	000000000000000
190000303	000000000000000	000000000000000	000000000000000	000000000000000
190000400	000000000000000	000000000000000	000000000000000	000000000000000
190000401	000000000000000	000000000000000	000000000000000	000000000000000
190000402	000000000000000	000000000000000	000000000000000	000000000000000
190000500	000028877656321	000000000000000	000000000000000	000000000000000
190000501	000000000000000	000000000000000	000000000000000	000000000000000
190000502	000000000000000	000000000000000	000000000000000	000000000000000
190000503	000000000000000	000000000000000	000000000000000	000000000000000
190000504	000000000000000	000000000000000	000000000000000	000000000000000
190000505	000000000000000	000000000000000	000000000000000	000000000000000
190000509	000028877656321	000000000000000	000000000000000	000000000000000
190000600	000000000000000	000000000000000	000000000000000	000000000000000
190000700	000000000000000	000000000000000	000000000000000	000000000000000
190000701	000000000000000	000000000000000	000000000000000	000000000000000
190000702	000000000000000	000000000000000	000000000000000	000000000000000
190000800	000004294125725	000000000000000	000000000000000	000000000000000
190000900	000001618776324	000000000000000	000000000000000	000000002745726
190001000	000000000000000	000000000000000	000000000000000	000000000000000
190001100	000000000000000	000000000000000	000000000000000	000000000000000
190001200	000000080752699	000000000000000	000000000000000	000000000000000
190001300	000000000000000	000000000000000	000000000000000	000000000000000
190001400	000000109352903	000000000000000	000000000000000	000000000000000
190001500	000002450880455	000000000000000	000000000000000	000000354697125
190002900	000005171196214	000000000000000	000000000000000	000000001266351
192500100	000000000000000	000000000000000	000000000000000	000000000000000
192500101	000000000000000	000000000000000	000000000000000	000000000000000
192500102	000000000000000	000000000000000	000000000000000	000000000000000
192500103	000000000000000	000000000000000	000000000000000	000000000000000
195000000	000044559524296	000000000000000	000000000000000	000000000000000
195000100	000030536819842	000000000000000	000000000000000	000000000000000
195000101	000027851479600	000000000000000	000000000000000	000000000000000
195000102	000006335711691	000000000000000	000000000000000	000000000000000
195000103	-00003650371449	000000000000000	000000000000000	000000000000000
195000200	000014022704454	000000000000000	000000000000000	000000000000000
195000201	000000000000000	000000000000000	000000000000000	000000000000000
195000202	000000000000000	000000000000000	000000000000000	000000000000000
195000203	000000000000000	000000000000000	000000000000000	000000000000000
195000204	000014022704454	000000000000000	000000000000000	000000000000000
195000219	000000000000000	000000000000000	000000000000000	000000000000000
195000300	000000000000000	000000000000000	000000000000000	000000000000000
200000000	004086436138820	003540021099236	000016458939053	001136577007588
207000000	000198897564901	000000000000000	000000000000000	000064665347355
207000100	000000000000000	000000000000000	000000000000000	000000000000000
207000101	000000000000000	000000000000000	000000000000000	000000000000000
207000102	000000000000000	000000000000000	000000000000000	000000000000000
207000200	000000000000000	000000000000000	000000000000000	000000000000000
207000300	000198897564901	000000000000000	000000000000000	000064665347355
207000301	000033012071500	000000000000000	000000000000000	000018995016220
207000309	000000000000000	000000000000000	000000000000000	000000000000000
207000311	000034470845927	000000000000000	000000000000000	000001121845538
207000319	000131414647474	000000000000000	000000000000000	000044548485597
210000000	000153342870724	000000000000000	000000000000000	000000000000000
211000100	000153342870724	000000000000000	000000000000000	000000000000000
211000101	000051352554284	000000000000000	000000000000000	000000000000000
211000102	000101965121335	000000000000000	000000000000000	000000000000000
211000103	000000025195105	000000000000000	000000000000000	000000000000000
211000104	000000000000000	000000000000000	000000000000000	000000000000000
211000105	000000000000000	000000000000000	000000000000000	000000000000000
211000190	000000000000000	000000000000000	000000000000000	000000000000000
213000100	000000000000000	000000000000000	000000000000000	000000000000000
213000101	000000000000000	000000000000000	000000000000000	000000000000000
213000102	000000000000000	000000000000000	000000000000000	000000000000000
213000103	000000000000000	000000000000000	000000000000000	000000000000000
213000109	000000000000000	000000000000000	000000000000000	000000000000000
218000000	000000000000000	000000000000000	000000000000000	000000000000000
218000001	000000000000000	000000000000000	000000000000000	000000000000000
218000002	000000000000000	000000000000000	000000000000000	000000000000000
218000003	000000000000000	000000000000000	000000000000000	000000000000000
218000009	000000000000000	000000000000000	000000000000000	000000000000000
230000000	000044902219551	000000000000000	000000000000000	000000000000000
230000100	000044902219551	000000000000000	000000000000000	000000000000000
230000101	000000000000000	000000000000000	000000000000000	000000000000000
230000102	000044902219551	000000000000000	000000000000000	000000000000000
230000103	000000000000000	000000000000000	000000000000000	000000000000000
230000104	000000000000000	000000000000000	000000000000000	000000000000000
230000105	000000000000000	000000000000000	000000000000000	000000000000000
230000190	000000000000000	000000000000000	000000000000000	000000000000000
240000000	003510301550859	003110087237984	000016458939053	001044491236959
241000000	000687553218440	000036057027144	000000000000000	000196643995998
241000100	000571633961766	000000000000000	000000000000000	000180850503176
241000101	000000000000000	000000000000000	000000000000000	000000000000000
241000102	000000000000000	000000000000000	000000000000000	000000000000000
241000103	000372341946784	000000000000000	000000000000000	000169631359180
241000104	000199292014982	000000000000000	000000000000000	000011219143996
241000200	000008380627388	000000000000000	000000000000000	000000000000000
241000201	000000000000000	000000000000000	000000000000000	000000000000000
241000202	000008380627388	000000000000000	000000000000000	000000000000000
241000300	000040901095207	000000000000000	000000000000000	000000000000000
241000301	000040901095207	000000000000000	000000000000000	000000000000000
241000400	000000000000000	000000000000000	000000000000000	000000000000000
241000401	000000000000000	000000000000000	000000000000000	000000000000000
241000402	000000000000000	000000000000000	000000000000000	000000000000000
241000500	000066637534079	000036057027144	000000000000000	000015793492822
241000501	000000000000000	000000000000000	000000000000000	000000000000000
241000502	000000000000000	000000000000000	000000000000000	000000000000000
241000503	000000000000000	000000000000000	000000000000000	000000000000000
241000504	000000000000000	000000000000000	000000000000000	000000000000000
241000505	000004127320177	000007025713225	000000000000000	000001104913787
241000506	000011870112801	000000000000000	000000000000000	000000000000000
241000507	000000000000000	000000000000000	000000000000000	000003047349372
241000508	000001231375372	000000000000000	000000000000000	000000043731223
241000509	000005940974862	000000000000000	000000000000000	000000000000000
241000510	000003515707010	000000000000000	000000000000000	000000345591516
241000511	000002571991306	000000000000000	000000000000000	000000217578647
241000512	000000000000000	000000000000000	000000000000000	000000000000000
241000513	000000000000000	000000000000000	000000000000000	000000000000000
241000590	000037380052551	000029031313919	000000000000000	000011034328277
242000000	002467407832231	000244110780406	000000000000000	000616008968407
242000100	002467407832231	000244110780406	000000000000000	000616008968407
242000200	000000000000000	000000000000000	000000000000000	000000000000000
242000201	000000000000000	000000000000000	000000000000000	000000000000000
242000202	000000000000000	000000000000000	000000000000000	000000000000000
242000300	000000000000000	000000000000000	000000000000000	000000000000000
242000301	000000000000000	000000000000000	000000000000000	000000000000000
242000302	000000000000000	000000000000000	000000000000000	000000000000000
242000390	000000000000000	000000000000000	000000000000000	000000000000000
243000000	000042127774182	000000373556829	000000000000000	000000000000000
243000100	000042127774182	000000373556829	000000000000000	000000000000000
243000101	000042127774182	000000373556829	000000000000000	000000000000000
243000102	000000000000000	000000000000000	000000000000000	000000000000000
243000103	000000000000000	000000000000000	000000000000000	000000000000000
243000200	000000000000000	000000000000000	000000000000000	000000000000000
243000201	000000000000000	000000000000000	000000000000000	000000000000000
243000202	000000000000000	000000000000000	000000000000000	000000000000000
243000203	000000000000000	000000000000000	000000000000000	000000000000000
243000300	000000000000000	000000000000000	000000000000000	000000000000000
243000301	000000000000000	000000000000000	000000000000000	000000000000000
243000302	000000000000000	000000000000000	000000000000000	000000000000000
243000400	000000000000000	000000000000000	000000000000000	000000000000000
243000401	000000000000000	000000000000000	000000000000000	000000000000000
243000402	000000000000000	000000000000000	000000000000000	000000000000000
244000000	000006186741024	000000000000000	000000000000000	000231823286226
244250000	000006186741024	000000000000000	000000000000000	000000000000000
244250100	000000000000000	000000000000000	000000000000000	000000000000000
244250101	000000000000000	000000000000000	000000000000000	000000000000000
244250102	000000000000000	000000000000000	000000000000000	000000000000000
244250103	000000000000000	000000000000000	000000000000000	000000000000000
244250200	000006186741024	000000000000000	000000000000000	000000000000000
244250201	000000000000000	000000000000000	000000000000000	000000000000000
244250202	000000000000000	000000000000000	000000000000000	000000000000000
244250203	000006186741024	000000000000000	000000000000000	000000000000000
244250204	000000000000000	000000000000000	000000000000000	000000000000000
244250209	000000000000000	000000000000000	000000000000000	000000000000000
244500000	000000000000000	000000000000000	000000000000000	000231823286226
244500100	000000000000000	000000000000000	000000000000000	000103775450691
244500101	000000000000000	000000000000000	000000000000000	000075489853284
244500102	000000000000000	000000000000000	000000000000000	000028285597407
244500103	000000000000000	000000000000000	000000000000000	000000000000000
244500200	000000000000000	000000000000000	000000000000000	000128047835535
244500201	000000000000000	000000000000000	000000000000000	000000000000000
244500202	000000000000000	000000000000000	000000000000000	000127815614333
244500203	000000000000000	000000000000000	000000000000000	000000232221202
244500204	000000000000000	000000000000000	000000000000000	000000000000000
244500209	000000000000000	000000000000000	000000000000000	000000000000000
244700000	000000000000000	000000000000000	000000000000000	000000000000000
244700100	000000000000000	000000000000000	000000000000000	000000000000000
244700200	000000000000000	000000000000000	000000000000000	000000000000000
244900000	000000000000000	000000000000000	000000000000000	000000000000000
244900100	000000000000000	000000000000000	000000000000000	000000000000000
244900200	000000000000000	000000000000000	000000000000000	000000000000000
245000000	000293632990808	002827182740557	000000000000000	000000000000000
245000100	000000000000000	000000417336460	000000000000000	000000000000000
245000101	000000000000000	000000200747917	000000000000000	000000000000000
245000102	000000000000000	000000216588543	000000000000000	000000000000000
245000200	000293632990808	002826765404097	000000000000000	000000000000000
245000201	000293632990808	002826765404097	000000000000000	000000000000000
245000203	000000000000000	000000000000000	000000000000000	000000000000000
246000000	000013392994174	000002363133048	000016458939053	000000014986328
246000100	000000000000000	000002363133048	000016458939053	000000000000000
246000101	000000000000000	000002363133048	000016458939053	000000000000000
246000102	000000000000000	000000000000000	000000000000000	000000000000000
246000200	000013392994174	000000000000000	000000000000000	000000014986328
246000201	000000000000000	000000000000000	000000000000000	000000000000000
246000202	000000000000000	000000000000000	000000000000000	000000000000000
246000203	000000000000000	000000000000000	000000000000000	000000000000000
246000204	000013392994174	000000000000000	000000000000000	000000014986328
246000205	000000000000000	000000000000000	000000000000000	000000000000000
246000206	000000000000000	000000000000000	000000000000000	000000000000000
246000207	000000000000000	000000000000000	000000000000000	000000000000000
246000208	000000000000000	000000000000000	000000000000000	000000000000000
246000290	000000000000000	000000000000000	000000000000000	000000000000000
246000300	000000000000000	000000000000000	000000000000000	000000000000000
246000301	000000000000000	000000000000000	000000000000000	000000000000000
246000302	000000000000000	000000000000000	000000000000000	000000000000000
246000303	000000000000000	000000000000000	000000000000000	000000000000000
246000304	000000000000000	000000000000000	000000000000000	000000000000000
246000305	000000000000000	000000000000000	000000000000000	000000000000000
246000390	000000000000000	000000000000000	000000000000000	000000000000000
250000000	000000000000000	000016063408370	000000000000000	000000000000000
255000000	000000000000000	000413841339807	000000000000000	000000000000000
255000100	000000000000000	000413841339807	000000000000000	000000000000000
255000101	000000000000000	000000000000000	000000000000000	000000000000000
255000102	000000000000000	000413841339807	000000000000000	000000000000000
255000200	000000000000000	000000000000000	000000000000000	000000000000000
255000300	000000000000000	000000000000000	000000000000000	000000000000000
260000000	000031414643730	000000000000000	000000000000000	000000000000000
260000100	000022019411288	000000000000000	000000000000000	000000000000000
260000101	000005484774781	000000000000000	000000000000000	000000000000000
260000102	000000000000000	000000000000000	000000000000000	000000000000000
260000103	000000000000000	000000000000000	000000000000000	000000000000000
260000104	000000000000000	000000000000000	000000000000000	000000000000000
260000105	000000000000000	000000000000000	000000000000000	000000000000000
260000106	000000000000000	000000000000000	000000000000000	000000000000000
260000107	000000000000000	000000000000000	000000000000000	000000000000000
260000109	000016534636507	000000000000000	000000000000000	000000000000000
260000200	000000000000000	000000000000000	000000000000000	000000000000000
260000300	000000000000000	000000000000000	000000000000000	000000000000000
260000400	000000078132399	000000000000000	000000000000000	000000000000000
260000500	000009216950982	000000000000000	000000000000000	000000000000000
260000600	000000000000000	000000000000000	000000000000000	000000000000000
260000900	000000100149061	000000000000000	000000000000000	000000000000000
265000000	000027762367079	000000000000000	000000000000000	000000000000000
265000100	000027762367079	000000000000000	000000000000000	000000000000000
265000101	000027762367079	000000000000000	000000000000000	000000000000000
265000102	000000000000000	000000000000000	000000000000000	000000000000000
265000200	000000000000000	000000000000000	000000000000000	000000000000000
265000300	000000000000000	000000000000000	000000000000000	000000000000000
270000000	000031776006260	000000000000000	000000000000000	000001537338325
271000000	000005956380742	000000000000000	000000000000000	000001537338325
271000100	000000000000000	000000000000000	000000000000000	000000243921446
271000200	000000000000000	000000000000000	000000000000000	000000080833398
271000400	000003006072744	000000000000000	000000000000000	000000138575435
271000500	000001911587645	000000000000000	000000000000000	000000366795643
271000501	000001579505981	000000000000000	000000000000000	000000000000000
271000502	000000332081664	000000000000000	000000000000000	000000366795643
271000503	000000000000000	000000000000000	000000000000000	000000000000000
271000504	000000000000000	000000000000000	000000000000000	000000000000000
271000505	000000000000000	000000000000000	000000000000000	000000000000000
271000600	000000330857124	000000000000000	000000000000000	000000000000000
271000601	000000000000000	000000000000000	000000000000000	000000000000000
271000602	000000330857124	000000000000000	000000000000000	000000000000000
271000700	000000707863229	000000000000000	000000000000000	000000707212403
271000701	000000000000000	000000000000000	000000000000000	000000000000000
271000702	000000000000000	000000000000000	000000000000000	000000000000000
271000703	000000259409761	000000000000000	000000000000000	000000000000000
271000704	000000448453468	000000000000000	000000000000000	000000707212403
271000705	000000000000000	000000000000000	000000000000000	000000000000000
271000800	000000000000000	000000000000000	000000000000000	000000000000000
271000900	000000000000000	000000000000000	000000000000000	000000000000000
272000000	000000819625518	000000000000000	000000000000000	000000000000000
273000000	000000000000000	000000000000000	000000000000000	000000000000000
274000000	000025000000000	000000000000000	000000000000000	000000000000000
274000100	000012000000000	000000000000000	000000000000000	000000000000000
274000200	000002000000000	000000000000000	000000000000000	000000000000000
274000300	000011000000000	000000000000000	000000000000000	000000000000000
275000000	000000000000000	000000000000000	000000000000000	000000000000000
275000100	000000000000000	000000000000000	000000000000000	000000000000000
275000200	000000000000000	000000000000000	000000000000000	000000000000000
275000300	000000000000000	000000000000000	000000000000000	000000000000000
275000400	000000000000000	000000000000000	000000000000000	000000000000000
275000500	000000000000000	000000000000000	000000000000000	000000000000000
275000600	000000000000000	000000000000000	000000000000000	000000000000000
279000000	000000000000000	000000000000000	000000000000000	000000000000000
279000100	000000000000000	000000000000000	000000000000000	000000000000000
279000200	000000000000000	000000000000000	000000000000000	000000000000000
279000300	000000000000000	000000000000000	000000000000000	000000000000000
280000000	000013337067195	000000000000000	000000000000000	000000000000000
285000000	000000000000000	000000000000000	000000000000000	000000000000000
290000000	000074701848521	000000029113075	000000000000000	000025883084949
290000100	000002909081010	000000000000000	000000000000000	000024735944000
290000101	000002909081010	000000000000000	000000000000000	000000000000000
290000102	000000000000000	000000000000000	000000000000000	000000000000000
290000103	000000000000000	000000000000000	000000000000000	000024735944000
290000104	000000000000000	000000000000000	000000000000000	000000000000000
290000200	000009652069890	000000000000000	000000000000000	000000000000000
290000201	000004763129154	000000000000000	000000000000000	000000000000000
290000202	000004888940736	000000000000000	000000000000000	000000000000000
290000203	000000000000000	000000000000000	000000000000000	000000000000000
290000300	000043019790650	000000000000000	000000000000000	000000000000000
290000301	000000001225219	000000000000000	000000000000000	000000000000000
290000302	000001515506702	000000000000000	000000000000000	000000000000000
290000303	000000000000000	000000000000000	000000000000000	000000000000000
290000304	000000000000000	000000000000000	000000000000000	000000000000000
290000305	000001467801965	000000000000000	000000000000000	000000000000000
290000306	000000000000000	000000000000000	000000000000000	000000000000000
290000307	000000759910109	000000000000000	000000000000000	000000000000000
290000308	000021722673470	000000000000000	000000000000000	000000000000000
290000309	000003383405280	000000000000000	000000000000000	000000000000000
290000390	000014169267905	000000000000000	000000000000000	000000000000000
290000400	000000000000000	000000000000000	000000000000000	000000000000000
290000500	000000000000000	000000029113075	000000000000000	000000000000000
290000501	000000000000000	000000029113075	000000000000000	000000000000000
290000502	000000000000000	000000000000000	000000000000000	000000000000000
290000700	000006902794572	000000000000000	000000000000000	000000000000000
290000800	000002919145389	000000000000000	000000000000000	000000563146810
290000801	000000000000000	000000000000000	000000000000000	000000000000000
290000802	000000000000000	000000000000000	000000000000000	000000000000000
290000803	000002640000000	000000000000000	000000000000000	000000000000000
290000809	000000279145389	000000000000000	000000000000000	000000563146810
290000900	000003464509733	000000000000000	000000000000000	000000000000000
290001000	000000000000000	000000000000000	000000000000000	000000000000000
290001100	000000852814944	000000000000000	000000000000000	000000583618096
290001200	000004981642333	000000000000000	000000000000000	000000000376043
295000000	000000000000000	000000000000000	000000000000000	000000000000000
300000000	000892994466720	000000000000000	000000000000000	000000000000000
310000000	000325040961836	000000000000000	000000000000000	000000000000000
311000000	000325040961836	000000000000000	000000000000000	000000000000000
311000100	000325040961836	000000000000000	000000000000000	000000000000000
311000200	000000000000000	000000000000000	000000000000000	000000000000000
311000300	000000000000000	000000000000000	000000000000000	000000000000000
311000400	000000000000000	000000000000000	000000000000000	000000000000000
311000500	000000000000000	000000000000000	000000000000000	000000000000000
311000600	000000000000000	000000000000000	000000000000000	000000000000000
312000000	000000000000000	000000000000000	000000000000000	000000000000000
313000000	000000000000000	000000000000000	000000000000000	000000000000000
320000000	000020225070196	000000000000000	000000000000000	000000000000000
320000100	000020225070196	000000000000000	000000000000000	000000000000000
320000200	000000000000000	000000000000000	000000000000000	000000000000000
320000300	000000000000000	000000000000000	000000000000000	000000000000000
320000400	000000000000000	000000000000000	000000000000000	000000000000000
330000000	000005511815605	000000000000000	000000000000000	000000000000000
331000000	000000266935337	000000000000000	000000000000000	000000000000000
331000100	000000000000000	000000000000000	000000000000000	000000000000000
331000200	000000266935337	000000000000000	000000000000000	000000000000000
331000201	000000266935337	000000000000000	000000000000000	000000000000000
331000202	000000000000000	000000000000000	000000000000000	000000000000000
331000203	000000000000000	000000000000000	000000000000000	000000000000000
331000209	000000000000000	000000000000000	000000000000000	000000000000000
331000300	000000000000000	000000000000000	000000000000000	000000000000000
331000400	000000000000000	000000000000000	000000000000000	000000000000000
331000500	000000000000000	000000000000000	000000000000000	000000000000000
331000900	000000000000000	000000000000000	000000000000000	000000000000000
332000000	000005244880268	000000000000000	000000000000000	000000000000000
332000100	000011177525448	000000000000000	000000000000000	000000000000000
332000200	000000000000000	000000000000000	000000000000000	000000000000000
332000300	000000000000000	000000000000000	000000000000000	000000000000000
332000400	-00005932645180	000000000000000	000000000000000	000000000000000
332000500	000000000000000	000000000000000	000000000000000	000000000000000
332000600	000000000000000	000000000000000	000000000000000	000000000000000
332000700	000000000000000	000000000000000	000000000000000	000000000000000
332000900	000000000000000	000000000000000	000000000000000	000000000000000
340000000	000477380734612	000000000000000	000000000000000	000000000000000
340000100	000477380734612	000000000000000	000000000000000	000000000000000
340000200	000000000000000	000000000000000	000000000000000	000000000000000
350000000	000092541223597	000000000000000	000000000000000	000000000000000
360000000	-00027762367079	000000000000000	000000000000000	000000000000000
360000100	-00027762367079	000000000000000	000000000000000	000000000000000
360000101	-00027762367079	000000000000000	000000000000000	000000000000000
360000102	000000000000000	000000000000000	000000000000000	000000000000000
360000200	000000000000000	000000000000000	000000000000000	000000000000000
360000300	000000000000000	000000000000000	000000000000000	000000000000000
365000000	000000000000000	000000000000000	000000000000000	000000000000000
380000000	000892937438767	000000000000000	000000000000000	000000000000000
390000000	000000057027953	000000000000000	000000000000000	000000000000000
500000000	002272139535345	004374755631128	000006093169200	000671326104242
505000000	002272139535345	004374755631128	000006093169200	000671326104242
510000000	004979430605540	003540021099236	000016458939053	001136577007588
