028	BANCO BICE                                                              
1000000	 0000001413851,00	 0000001147952,00	 0000000091058,00	 0000000306914,00
1100000	 0000000186272,00	 0000000000000,00	 0000000000000,00	 0000000079885,00
1100100	 0000000008643,00	 0000000000000,00	 0000000000000,00	 0000000002471,00
1100200	 0000000176139,00	 0000000000000,00	 0000000000000,00	 0000000006715,00
1100300	 0000000001490,00	 0000000000000,00	 0000000000000,00	 0000000000000,00
1100400	 0000000000000,00	 0000000000000,00	 0000000000000,00	 0000000070699,00
1130000	 0000000041076,00	 0000000000000,00	 0000000000000,00	 0000000016033,00
1130100	 0000000019403,00	 0000000000000,00	 0000000000000,00	 0000000002120,00
1130200	 0000000021673,00	 0000000000000,00	 0000000000000,00	 0000000013913,00
1150000	 0000000094032,00	 0000000296263,00	 0000000000000,00	 0000000003973,00
1150100	 0000000036470,00	 0000000173442,00	 0000000000000,00	 0000000000000,00
1150200	 0000000039838,00	 0000000122821,00	 0000000000000,00	 0000000000552,00
1150300	 0000000000000,00	 0000000000000,00	 0000000000000,00	 0000000003421,00
1150400	 0000000017724,00	 0000000000000,00	 0000000000000,00	 0000000000000,00
1160000	 0000000000000,00	 0000000000000,00	 0000000000000,00	 0000000000000,00
1160100	 0000000000000,00	 0000000000000,00	 0000000000000,00	 0000000000000,00
1160200	 0000000000000,00	 0000000000000,00	 0000000000000,00	 0000000000000,00
1250000	 0000000037381,00	 0000000000000,00	 0000000000000,00	 0000000000490,00
1250100	 0000000037381,00	 0000000000000,00	 0000000000000,00	 0000000000490,00
1250200	 0000000000000,00	 0000000000000,00	 0000000000000,00	 0000000000000,00
1270000	 0000000000000,00	 0000000000000,00	 0000000000000,00	 0000000000001,00
1270100	 0000000000000,00	 0000000000000,00	 0000000000000,00	 0000000000000,00
1270112	 0000000000000,00	 0000000000000,00	 0000000000000,00	 0000000000000,00
1270113	 0000000000000,00	 0000000000000,00	 0000000000000,00	 0000000000000,00
1270116	 0000000000000,00	 0000000000000,00	 0000000000000,00	 0000000000000,00
1270117	 0000000000000,00	 0000000000000,00	 0000000000000,00	 0000000000000,00
1270118	 0000000000000,00	 0000000000000,00	 0000000000000,00	 0000000000000,00
1270190	 0000000000000,00	 0000000000000,00	 0000000000000,00	 0000000000000,00
1270200	 0000000000000,00	 0000000000000,00	 0000000000000,00	 0000000000000,00
1270202	 0000000000000,00	 0000000000000,00	 0000000000000,00	 0000000000000,00
1270203	 0000000000000,00	 0000000000000,00	 0000000000000,00	 0000000000000,00
1270206	 0000000000000,00	 0000000000000,00	 0000000000000,00	 0000000000000,00
1270207	 0000000000000,00	 0000000000000,00	 0000000000000,00	 0000000000000,00
1270208	 0000000000000,00	 0000000000000,00	 0000000000000,00	 0000000000000,00
1270290	 0000000000000,00	 0000000000000,00	 0000000000000,00	 0000000000000,00
1270300	 0000000000000,00	 0000000000000,00	 0000000000000,00	 0000000000001,00
1300000	 0000000884682,00	 0000000846471,00	 0000000091058,00	 0000000205385,00
1302000	 0000000862769,00	 0000000608428,00	 0000000091058,00	 0000000204719,00
1302100	 0000000812333,00	 0000000492024,00	 0000000074630,00	 0000000085623,00
1302101	 0000000812333,00	 0000000446885,00	 0000000074630,00	 0000000073161,00
1302102	 0000000000000,00	 0000000000000,00	 0000000000000,00	 0000000012462,00
1302170	 0000000000000,00	 0000000014287,00	 0000000000000,00	 0000000000000,00
1302180	 0000000000000,00	 0000000030852,00	 0000000000000,00	 0000000000000,00
1302200	 0000000017761,00	 0000000000000,00	 0000000000020,00	 0000000118812,00
1302201	 0000000000000,00	 0000000000000,00	 0000000000000,00	 0000000000000,00
1302202	 0000000017761,00	 0000000000000,00	 0000000000000,00	 0000000065822,00
1302241	 0000000000000,00	 0000000000000,00	 0000000000020,00	 0000000009050,00
1302242	 0000000000000,00	 0000000000000,00	 0000000000000,00	 0000000043501,00
1302281	 0000000000000,00	 0000000000000,00	 0000000000000,00	 0000000000054,00
1302282	 0000000000000,00	 0000000000000,00	 0000000000000,00	 0000000000385,00
1302300	 0000000018308,00	 0000000000000,00	 0000000000000,00	 0000000000109,00
1302500	 0000000000000,00	 0000000000133,00	 0000000000000,00	 0000000000000,00
1302800	 0000000013068,00	 0000000116270,00	 0000000016362,00	 0000000000000,00
1302900	 0000000001299,00	 0000000000001,00	 0000000000046,00	 0000000000175,00
1304000	 0000000000024,00	 0000000231683,00	 0000000000000,00	 0000000000000,00
1304100	 0000000000000,00	 0000000007385,00	 0000000000000,00	 0000000000000,00
1304101	 0000000000000,00	 0000000007385,00	 0000000000000,00	 0000000000000,00
1304102	 0000000000000,00	 0000000000000,00	 0000000000000,00	 0000000000000,00
1304200	 0000000000000,00	 0000000085226,00	 0000000000000,00	 0000000000000,00
1304500	 0000000000000,00	 0000000139053,00	 0000000000000,00	 0000000000000,00
1304600	 0000000000000,00	 0000000000000,00	 0000000000000,00	 0000000000000,00
1304800	 0000000000000,00	 0000000000000,00	 0000000000000,00	 0000000000000,00
1304900	 0000000000024,00	 0000000000019,00	 0000000000000,00	 0000000000000,00
1305000	 0000000054791,00	 0000000006360,00	 0000000000000,00	 0000000000666,00
1305100	 0000000031479,00	 0000000006360,00	 0000000000000,00	 0000000000000,00
1305300	 0000000010746,00	 0000000000000,00	 0000000000000,00	 0000000000000,00
1305400	 0000000012566,00	 0000000000000,00	 0000000000000,00	 0000000000666,00
1305800	 0000000000000,00	 0000000000000,00	 0000000000000,00	 0000000000000,00
1305900	 0000000000000,00	 0000000000000,00	 0000000000000,00	 0000000000000,00
1309000	-0000000032902,00	 0000000000000,00	 0000000000000,00	 0000000000000,00
1309100	-0000000031989,00	 0000000000000,00	 0000000000000,00	 0000000000000,00
1309200	-0000000000415,00	 0000000000000,00	 0000000000000,00	 0000000000000,00
1309300	-0000000000498,00	 0000000000000,00	 0000000000000,00	 0000000000000,00
1350000	 0000000000000,00	 0000000005217,00	 0000000000000,00	 0000000000000,00
1350100	 0000000000000,00	 0000000000000,00	 0000000000000,00	 0000000000000,00
1350200	 0000000000000,00	 0000000005217,00	 0000000000000,00	 0000000000000,00
1350300	 0000000000000,00	 0000000000000,00	 0000000000000,00	 0000000000000,00
1360000	 0000000000000,00	 0000000000000,00	 0000000000000,00	 0000000000000,00
1360100	 0000000000000,00	 0000000000000,00	 0000000000000,00	 0000000000000,00
1360200	 0000000000000,00	 0000000000000,00	 0000000000000,00	 0000000000000,00
1360300	 0000000000000,00	 0000000000000,00	 0000000000000,00	 0000000000000,00
1400000	 0000000000777,00	 0000000000000,00	 0000000000000,00	 0000000000006,00
1400100	 0000000000000,00	 0000000000000,00	 0000000000000,00	 0000000000000,00
1400101	 0000000000000,00	 0000000000000,00	 0000000000000,00	 0000000000000,00
1400102	 0000000000000,00	 0000000000000,00	 0000000000000,00	 0000000000000,00
1400103	 0000000000000,00	 0000000000000,00	 0000000000000,00	 0000000000000,00
1400200	 0000000000777,00	 0000000000000,00	 0000000000000,00	 0000000000006,00
1500000	 0000000001276,00	 0000000000000,00	 0000000000000,00	 0000000000000,00
1500100	 0000000000628,00	 0000000000000,00	 0000000000000,00	 0000000000000,00
1500200	 0000000000648,00	 0000000000000,00	 0000000000000,00	 0000000000000,00
1600000	 0000000017177,00	 0000000000000,00	 0000000000000,00	 0000000000000,00
1600100	 0000000014182,00	 0000000000000,00	 0000000000000,00	 0000000000000,00
1600200	 0000000002995,00	 0000000000000,00	 0000000000000,00	 0000000000000,00
1700000	 0000000000000,00	 0000000000000,00	 0000000000000,00	 0000000000000,00
1750000	 0000000050895,00	 0000000000000,00	 0000000000000,00	 0000000000000,00
1800000	 0000000100283,00	 0000000000001,00	 0000000000000,00	 0000000001141,00
1800100	 0000000041418,00	 0000000000000,00	 0000000000000,00	 0000000000695,00
1800200	 0000000000107,00	 0000000000000,00	 0000000000000,00	 0000000000000,00
1800900	 0000000058758,00	 0000000000001,00	 0000000000000,00	 0000000000446,00
2000000	 0000001576464,00	 0000000657634,00	 0000000078143,00	 0000000414040,00
2100000	 0000000388395,00	 0000000009489,00	 0000000000035,00	 0000000127158,00
2100100	 0000000292980,00	 0000000000000,00	 0000000000000,00	 0000000121712,00
2100109	 0000000214363,00	 0000000000000,00	 0000000000000,00	 0000000112517,00
2100110	 0000000078561,00	 0000000000000,00	 0000000000000,00	 0000000009195,00
2100200	 0000000031904,00	 0000000000000,00	 0000000000000,00	 0000000000000,00
2100300	 0000000063511,00	 0000000009489,00	 0000000000035,00	 0000000005446,00
2130000	 0000000017148,00	 0000000000000,00	 0000000000000,00	 0000000017383,00
2160000	 0000000060010,00	 0000000000000,00	 0000000000000,00	 0000000001170,00
2160100	 0000000000000,00	 0000000000000,00	 0000000000000,00	 0000000000000,00
2160200	 0000000060010,00	 0000000000000,00	 0000000000000,00	 0000000001170,00
2200000	 0000000930231,00	 0000000244644,00	 0000000000000,00	 0000000104814,00
2200100	 0000000930231,00	 0000000238803,00	 0000000000000,00	 0000000104814,00
2200200	 0000000000000,00	 0000000005841,00	 0000000000000,00	 0000000000000,00
2200900	 0000000000000,00	 0000000000000,00	 0000000000000,00	 0000000000000,00
2250000	 0000000043831,00	 0000000000000,00	 0000000000000,00	 0000000002425,00
2250100	 0000000043831,00	 0000000000000,00	 0000000000000,00	 0000000002425,00
2250200	 0000000000000,00	 0000000000000,00	 0000000000000,00	 0000000000000,00
2300000	 0000000000525,00	 0000000000018,00	 0000000000000,00	 0000000137685,00
2301000	 0000000000525,00	 0000000000000,00	 0000000000000,00	 0000000000674,00
2301001	 0000000000000,00	 0000000000000,00	 0000000000000,00	 0000000000000,00
2302000	 0000000000000,00	 0000000000000,00	 0000000000000,00	 0000000137011,00
2302100	 0000000000000,00	 0000000000000,00	 0000000000000,00	 0000000111347,00
2302200	 0000000000000,00	 0000000000000,00	 0000000000000,00	 0000000025664,00
2303000	 0000000000000,00	 0000000000018,00	 0000000000000,00	 0000000000000,00
2303100	 0000000000000,00	 0000000000000,00	 0000000000000,00	 0000000000000,00
2303900	 0000000000000,00	 0000000000018,00	 0000000000000,00	 0000000000000,00
2400000	 0000000000000,00	 0000000375538,00	 0000000000000,00	 0000000000000,00
2401000	 0000000000000,00	 0000000022258,00	 0000000000000,00	 0000000000000,00
2402000	 0000000000000,00	 0000000353280,00	 0000000000000,00	 0000000000000,00
2402100	 0000000000000,00	 0000000285300,00	 0000000000000,00	 0000000000000,00
2402200	 0000000000000,00	 0000000067980,00	 0000000000000,00	 0000000000000,00
2500000	 0000000001722,00	 0000000027945,00	 0000000078108,00	 0000000023297,00
2500100	 0000000000000,00	 0000000027945,00	 0000000078108,00	 0000000000000,00
2500200	 0000000001722,00	 0000000000000,00	 0000000000000,00	 0000000000212,00
2500300	 0000000000000,00	 0000000000000,00	 0000000000000,00	 0000000023085,00
2600000	 0000000000307,00	 0000000000000,00	 0000000000000,00	 0000000000000,00
2650000	 0000000039746,00	 0000000000000,00	 0000000000000,00	 0000000000000,00
2700000	 0000000024560,00	 0000000000000,00	 0000000000000,00	 0000000000000,00
2700100	 0000000002834,00	 0000000000000,00	 0000000000000,00	 0000000000000,00
2700200	 0000000008045,00	 0000000000000,00	 0000000000000,00	 0000000000000,00
2700300	 0000000003099,00	 0000000000000,00	 0000000000000,00	 0000000000000,00
2700400	 0000000010582,00	 0000000000000,00	 0000000000000,00	 0000000000000,00
2700401	 0000000000001,00	 0000000000000,00	 0000000000000,00	 0000000000000,00
2700402	 0000000000000,00	 0000000000000,00	 0000000000000,00	 0000000000000,00
2700411	 0000000009201,00	 0000000000000,00	 0000000000000,00	 0000000000000,00
2700412	 0000000001089,00	 0000000000000,00	 0000000000000,00	 0000000000000,00
2700413	 0000000000291,00	 0000000000000,00	 0000000000000,00	 0000000000000,00
2700421	 0000000000000,00	 0000000000000,00	 0000000000000,00	 0000000000000,00
2700422	 0000000000000,00	 0000000000000,00	 0000000000000,00	 0000000000000,00
2700423	 0000000000000,00	 0000000000000,00	 0000000000000,00	 0000000000000,00
2700490	 0000000000000,00	 0000000000000,00	 0000000000000,00	 0000000000000,00
2800000	 0000000069989,00	 0000000000000,00	 0000000000000,00	 0000000000108,00
3000000	 0000000233494,00	 0000000000000,00	 0000000000000,00	 0000000000000,00
3101000	 0000000032142,00	 0000000000000,00	 0000000000000,00	 0000000000000,00
3102000	 0000000006041,00	 0000000000000,00	 0000000000000,00	 0000000000000,00
3103000	-0000000000021,00	 0000000000000,00	 0000000000000,00	 0000000000000,00
3104000	 0000000195314,00	 0000000000000,00	 0000000000000,00	 0000000000000,00
3104100	 0000000187273,00	 0000000000000,00	 0000000000000,00	 0000000000000,00
3104200	 0000000016083,00	 0000000000000,00	 0000000000000,00	 0000000000000,00
3104300	-0000000008042,00	 0000000000000,00	 0000000000000,00	 0000000000000,00
3200000	 0000000000018,00	 0000000000000,00	 0000000000000,00	 0000000000000,00
5001000	 0000000233476,00	 0000000000000,00	 0000000000000,00	 0000000000000,00
5002000	 0000001809958,00	 0000000657634,00	 0000000078143,00	 0000000414040,00
5100000	 0000000917584,00	 0000000846471,00	 0000000091058,00	 0000000205385,00
