028	BANCO BICE                                                              
1000000	 0000001421335,00	 0000001055417,00	 0000000095364,00	 0000000268455,00
1100000	 0000000175722,00	 0000000000000,00	 0000000000000,00	 0000000066202,00
1100100	 0000000008000,00	 0000000000000,00	 0000000000000,00	 0000000002164,00
1100200	 0000000167108,00	 0000000000000,00	 0000000000000,00	 0000000000468,00
1100300	 0000000000614,00	 0000000000000,00	 0000000000000,00	 0000000000000,00
1100400	 0000000000000,00	 0000000000000,00	 0000000000000,00	 0000000063570,00
1130000	 0000000025425,00	 0000000000000,00	 0000000000000,00	 0000000005771,00
1130100	 0000000015038,00	 0000000000000,00	 0000000000000,00	 0000000001804,00
1130200	 0000000010387,00	 0000000000000,00	 0000000000000,00	 0000000003967,00
1150000	 0000000192938,00	 0000000229861,00	 0000000000000,00	 0000000003311,00
1150100	 0000000138098,00	 0000000138980,00	 0000000000000,00	 0000000000000,00
1150200	 0000000042476,00	 0000000090881,00	 0000000000000,00	 0000000000000,00
1150300	 0000000000000,00	 0000000000000,00	 0000000000000,00	 0000000003311,00
1150400	 0000000012364,00	 0000000000000,00	 0000000000000,00	 0000000000000,00
1160000	 0000000000000,00	 0000000000000,00	 0000000000000,00	 0000000000000,00
1160100	 0000000000000,00	 0000000000000,00	 0000000000000,00	 0000000000000,00
1160200	 0000000000000,00	 0000000000000,00	 0000000000000,00	 0000000000000,00
1250000	 0000000030530,00	 0000000000000,00	 0000000000000,00	 0000000000492,00
1250100	 0000000030530,00	 0000000000000,00	 0000000000000,00	 0000000000492,00
1250200	 0000000000000,00	 0000000000000,00	 0000000000000,00	 0000000000000,00
1270000	 0000000000000,00	 0000000000000,00	 0000000000000,00	 0000000000000,00
1270100	 0000000000000,00	 0000000000000,00	 0000000000000,00	 0000000000000,00
1270112	 0000000000000,00	 0000000000000,00	 0000000000000,00	 0000000000000,00
1270113	 0000000000000,00	 0000000000000,00	 0000000000000,00	 0000000000000,00
1270116	 0000000000000,00	 0000000000000,00	 0000000000000,00	 0000000000000,00
1270117	 0000000000000,00	 0000000000000,00	 0000000000000,00	 0000000000000,00
1270118	 0000000000000,00	 0000000000000,00	 0000000000000,00	 0000000000000,00
1270190	 0000000000000,00	 0000000000000,00	 0000000000000,00	 0000000000000,00
1270200	 0000000000000,00	 0000000000000,00	 0000000000000,00	 0000000000000,00
1270202	 0000000000000,00	 0000000000000,00	 0000000000000,00	 0000000000000,00
1270203	 0000000000000,00	 0000000000000,00	 0000000000000,00	 0000000000000,00
1270206	 0000000000000,00	 0000000000000,00	 0000000000000,00	 0000000000000,00
1270207	 0000000000000,00	 0000000000000,00	 0000000000000,00	 0000000000000,00
1270208	 0000000000000,00	 0000000000000,00	 0000000000000,00	 0000000000000,00
1270290	 0000000000000,00	 0000000000000,00	 0000000000000,00	 0000000000000,00
1270300	 0000000000000,00	 0000000000000,00	 0000000000000,00	 0000000000000,00
1300000	 0000000834733,00	 0000000824693,00	 0000000095364,00	 0000000192113,00
1302000	 0000000816515,00	 0000000589994,00	 0000000095364,00	 0000000191411,00
1302100	 0000000772819,00	 0000000478732,00	 0000000078986,00	 0000000081480,00
1302101	 0000000772819,00	 0000000432405,00	 0000000078986,00	 0000000074215,00
1302102	 0000000000000,00	 0000000000000,00	 0000000000000,00	 0000000007265,00
1302170	 0000000000000,00	 0000000014689,00	 0000000000000,00	 0000000000000,00
1302180	 0000000000000,00	 0000000031638,00	 0000000000000,00	 0000000000000,00
1302200	 0000000015148,00	 0000000000000,00	 0000000000012,00	 0000000109267,00
1302201	 0000000000000,00	 0000000000000,00	 0000000000000,00	 0000000000000,00
1302202	 0000000015148,00	 0000000000000,00	 0000000000000,00	 0000000064094,00
1302241	 0000000000000,00	 0000000000000,00	 0000000000012,00	 0000000009381,00
1302242	 0000000000000,00	 0000000000000,00	 0000000000000,00	 0000000035564,00
1302281	 0000000000000,00	 0000000000000,00	 0000000000000,00	 0000000000087,00
1302282	 0000000000000,00	 0000000000000,00	 0000000000000,00	 0000000000141,00
1302300	 0000000015910,00	 0000000000000,00	 0000000000000,00	 0000000000182,00
1302500	 0000000000000,00	 0000000000130,00	 0000000000000,00	 0000000000346,00
1302800	 0000000011495,00	 0000000111132,00	 0000000016308,00	 0000000000000,00
1302900	 0000000001143,00	 0000000000000,00	 0000000000058,00	 0000000000136,00
1304000	 0000000000000,00	 0000000228449,00	 0000000000000,00	 0000000000000,00
1304100	 0000000000000,00	 0000000007965,00	 0000000000000,00	 0000000000000,00
1304101	 0000000000000,00	 0000000007965,00	 0000000000000,00	 0000000000000,00
1304102	 0000000000000,00	 0000000000000,00	 0000000000000,00	 0000000000000,00
1304200	 0000000000000,00	 0000000087561,00	 0000000000000,00	 0000000000000,00
1304500	 0000000000000,00	 0000000132904,00	 0000000000000,00	 0000000000000,00
1304600	 0000000000000,00	 0000000000000,00	 0000000000000,00	 0000000000000,00
1304800	 0000000000000,00	 0000000000000,00	 0000000000000,00	 0000000000000,00
1304900	 0000000000000,00	 0000000000019,00	 0000000000000,00	 0000000000000,00
1305000	 0000000052182,00	 0000000006250,00	 0000000000000,00	 0000000000702,00
1305100	 0000000029596,00	 0000000006250,00	 0000000000000,00	 0000000000000,00
1305300	 0000000010396,00	 0000000000000,00	 0000000000000,00	 0000000000000,00
1305400	 0000000012190,00	 0000000000000,00	 0000000000000,00	 0000000000702,00
1305800	 0000000000000,00	 0000000000000,00	 0000000000000,00	 0000000000000,00
1305900	 0000000000000,00	 0000000000000,00	 0000000000000,00	 0000000000000,00
1309000	-0000000033964,00	 0000000000000,00	 0000000000000,00	 0000000000000,00
1309100	-0000000033080,00	 0000000000000,00	 0000000000000,00	 0000000000000,00
1309200	-0000000000316,00	 0000000000000,00	 0000000000000,00	 0000000000000,00
1309300	-0000000000568,00	 0000000000000,00	 0000000000000,00	 0000000000000,00
1350000	 0000000000000,00	 0000000000862,00	 0000000000000,00	 0000000000000,00
1350100	 0000000000000,00	 0000000000000,00	 0000000000000,00	 0000000000000,00
1350200	 0000000000000,00	 0000000000862,00	 0000000000000,00	 0000000000000,00
1350300	 0000000000000,00	 0000000000000,00	 0000000000000,00	 0000000000000,00
1360000	 0000000000000,00	 0000000000000,00	 0000000000000,00	 0000000000000,00
1360100	 0000000000000,00	 0000000000000,00	 0000000000000,00	 0000000000000,00
1360200	 0000000000000,00	 0000000000000,00	 0000000000000,00	 0000000000000,00
1360300	 0000000000000,00	 0000000000000,00	 0000000000000,00	 0000000000000,00
1400000	 0000000000777,00	 0000000000000,00	 0000000000000,00	 0000000000006,00
1400100	 0000000000000,00	 0000000000000,00	 0000000000000,00	 0000000000000,00
1400101	 0000000000000,00	 0000000000000,00	 0000000000000,00	 0000000000000,00
1400102	 0000000000000,00	 0000000000000,00	 0000000000000,00	 0000000000000,00
1400103	 0000000000000,00	 0000000000000,00	 0000000000000,00	 0000000000000,00
1400200	 0000000000777,00	 0000000000000,00	 0000000000000,00	 0000000000006,00
1500000	 0000000001814,00	 0000000000000,00	 0000000000000,00	 0000000000000,00
1500100	 0000000000687,00	 0000000000000,00	 0000000000000,00	 0000000000000,00
1500200	 0000000001127,00	 0000000000000,00	 0000000000000,00	 0000000000000,00
1600000	 0000000017331,00	 0000000000000,00	 0000000000000,00	 0000000000000,00
1600100	 0000000014252,00	 0000000000000,00	 0000000000000,00	 0000000000000,00
1600200	 0000000003079,00	 0000000000000,00	 0000000000000,00	 0000000000000,00
1700000	 0000000000000,00	 0000000000000,00	 0000000000000,00	 0000000000000,00
1750000	 0000000049340,00	 0000000000000,00	 0000000000000,00	 0000000000000,00
1800000	 0000000092725,00	 0000000000001,00	 0000000000000,00	 0000000000560,00
1800100	 0000000044565,00	 0000000000000,00	 0000000000000,00	 0000000000121,00
1800200	 0000000000149,00	 0000000000000,00	 0000000000000,00	 0000000000000,00
1800900	 0000000048011,00	 0000000000001,00	 0000000000000,00	 0000000000439,00
2000000	 0000001580228,00	 0000000635020,00	 0000000082972,00	 0000000315221,00
2100000	 0000000369840,00	 0000000015583,00	 0000000000028,00	 0000000077624,00
2100100	 0000000338781,00	 0000000000000,00	 0000000000000,00	 0000000070546,00
2100109	 0000000261106,00	 0000000000000,00	 0000000000000,00	 0000000062840,00
2100110	 0000000077648,00	 0000000000000,00	 0000000000000,00	 0000000007706,00
2100200	 0000000016942,00	 0000000000000,00	 0000000000000,00	 0000000000000,00
2100300	 0000000014117,00	 0000000015583,00	 0000000000028,00	 0000000007078,00
2130000	 0000000005195,00	 0000000000000,00	 0000000000000,00	 0000000008547,00
2160000	 0000000027269,00	 0000000000000,00	 0000000000000,00	 0000000000145,00
2160100	 0000000000000,00	 0000000000000,00	 0000000000000,00	 0000000000000,00
2160200	 0000000027269,00	 0000000000000,00	 0000000000000,00	 0000000000145,00
2200000	 0000001018156,00	 0000000214896,00	 0000000000000,00	 0000000094490,00
2200100	 0000001018156,00	 0000000209524,00	 0000000000000,00	 0000000094490,00
2200200	 0000000000000,00	 0000000005372,00	 0000000000000,00	 0000000000000,00
2200900	 0000000000000,00	 0000000000000,00	 0000000000000,00	 0000000000000,00
2250000	 0000000035643,00	 0000000000000,00	 0000000000000,00	 0000000002388,00
2250100	 0000000035643,00	 0000000000000,00	 0000000000000,00	 0000000002388,00
2250200	 0000000000000,00	 0000000000000,00	 0000000000000,00	 0000000000000,00
2300000	 0000000000000,00	 0000000000019,00	 0000000000000,00	 0000000107589,00
2301000	 0000000000000,00	 0000000000000,00	 0000000000000,00	 0000000000184,00
2301001	 0000000000000,00	 0000000000000,00	 0000000000000,00	 0000000000000,00
2302000	 0000000000000,00	 0000000000000,00	 0000000000000,00	 0000000107405,00
2302100	 0000000000000,00	 0000000000000,00	 0000000000000,00	 0000000092308,00
2302200	 0000000000000,00	 0000000000000,00	 0000000000000,00	 0000000015097,00
2303000	 0000000000000,00	 0000000000019,00	 0000000000000,00	 0000000000000,00
2303100	 0000000000000,00	 0000000000000,00	 0000000000000,00	 0000000000000,00
2303900	 0000000000000,00	 0000000000019,00	 0000000000000,00	 0000000000000,00
2400000	 0000000000000,00	 0000000376701,00	 0000000000000,00	 0000000000000,00
2401000	 0000000000000,00	 0000000023683,00	 0000000000000,00	 0000000000000,00
2402000	 0000000000000,00	 0000000353018,00	 0000000000000,00	 0000000000000,00
2402100	 0000000000000,00	 0000000283743,00	 0000000000000,00	 0000000000000,00
2402200	 0000000000000,00	 0000000069275,00	 0000000000000,00	 0000000000000,00
2500000	 0000000002012,00	 0000000027821,00	 0000000082944,00	 0000000024366,00
2500100	 0000000000000,00	 0000000027821,00	 0000000082944,00	 0000000000000,00
2500200	 0000000002012,00	 0000000000000,00	 0000000000000,00	 0000000000013,00
2500300	 0000000000000,00	 0000000000000,00	 0000000000000,00	 0000000024353,00
2600000	 0000000003204,00	 0000000000000,00	 0000000000000,00	 0000000000000,00
2650000	 0000000038025,00	 0000000000000,00	 0000000000000,00	 0000000000000,00
2700000	 0000000036877,00	 0000000000000,00	 0000000000000,00	 0000000000000,00
2700100	 0000000001790,00	 0000000000000,00	 0000000000000,00	 0000000000000,00
2700200	 0000000021934,00	 0000000000000,00	 0000000000000,00	 0000000000000,00
2700300	 0000000003258,00	 0000000000000,00	 0000000000000,00	 0000000000000,00
2700400	 0000000009895,00	 0000000000000,00	 0000000000000,00	 0000000000000,00
2700401	 0000000000001,00	 0000000000000,00	 0000000000000,00	 0000000000000,00
2700402	 0000000000000,00	 0000000000000,00	 0000000000000,00	 0000000000000,00
2700411	 0000000008715,00	 0000000000000,00	 0000000000000,00	 0000000000000,00
2700412	 0000000000937,00	 0000000000000,00	 0000000000000,00	 0000000000000,00
2700413	 0000000000242,00	 0000000000000,00	 0000000000000,00	 0000000000000,00
2700421	 0000000000000,00	 0000000000000,00	 0000000000000,00	 0000000000000,00
2700422	 0000000000000,00	 0000000000000,00	 0000000000000,00	 0000000000000,00
2700423	 0000000000000,00	 0000000000000,00	 0000000000000,00	 0000000000000,00
2700490	 0000000000000,00	 0000000000000,00	 0000000000000,00	 0000000000000,00
2800000	 0000000044007,00	 0000000000000,00	 0000000000000,00	 0000000000072,00
3000000	 0000000227130,00	 0000000000000,00	 0000000000000,00	 0000000000000,00
3101000	 0000000032142,00	 0000000000000,00	 0000000000000,00	 0000000000000,00
3102000	 0000000006041,00	 0000000000000,00	 0000000000000,00	 0000000000000,00
3103000	 0000000000008,00	 0000000000000,00	 0000000000000,00	 0000000000000,00
3104000	 0000000188922,00	 0000000000000,00	 0000000000000,00	 0000000000000,00
3104100	 0000000207555,00	 0000000000000,00	 0000000000000,00	 0000000000000,00
3104200	 0000000003298,00	 0000000000000,00	 0000000000000,00	 0000000000000,00
3104300	-0000000021931,00	 0000000000000,00	 0000000000000,00	 0000000000000,00
3200000	 0000000000017,00	 0000000000000,00	 0000000000000,00	 0000000000000,00
5001000	 0000000227113,00	 0000000000000,00	 0000000000000,00	 0000000000000,00
5002000	 0000001807358,00	 0000000635020,00	 0000000082972,00	 0000000315221,00
5100000	 0000000868697,00	 0000000824693,00	 0000000095364,00	 0000000192113,00
