037	BANCO SANTANDER-CHILE                                                   
1000000	 0000011636870,00	 0000008390253,00	 0000000040697,00	 0000002346512,00
1100000	 0000000847754,00	 0000000000000,00	 0000000000000,00	 0000001039240,00
1100100	 0000000343756,00	 0000000000000,00	 0000000000000,00	 0000000041469,00
1100200	 0000000503886,00	 0000000000000,00	 0000000000000,00	 0000000039999,00
1100300	 0000000000112,00	 0000000000000,00	 0000000000000,00	 0000000000169,00
1100400	 0000000000000,00	 0000000000000,00	 0000000000000,00	 0000000957603,00
1130000	 0000000243209,00	 0000000000000,00	 0000000000000,00	 0000000125735,00
1130100	 0000000152239,00	 0000000000000,00	 0000000000000,00	 0000000017734,00
1130200	 0000000090970,00	 0000000000000,00	 0000000000000,00	 0000000108001,00
1150000	 0000000229225,00	 0000000299463,00	 0000000000000,00	 0000000000000,00
1150100	 0000000001641,00	 0000000232626,00	 0000000000000,00	 0000000000000,00
1150200	 0000000042537,00	 0000000066837,00	 0000000000000,00	 0000000000000,00
1150300	 0000000000000,00	 0000000000000,00	 0000000000000,00	 0000000000000,00
1150400	 0000000185047,00	 0000000000000,00	 0000000000000,00	 0000000000000,00
1160000	 0000000060000,00	 0000000002066,00	 0000000000000,00	 0000000000000,00
1160100	 0000000000008,00	 0000000000000,00	 0000000000000,00	 0000000000000,00
1160200	 0000000059992,00	 0000000002066,00	 0000000000000,00	 0000000000000,00
1250000	 0000001439085,00	 0000000000000,00	 0000000000000,00	 0000000000000,00
1250100	 0000001417228,00	 0000000000000,00	 0000000000000,00	 0000000000000,00
1250200	 0000000021857,00	 0000000000000,00	 0000000000000,00	 0000000000000,00
1270000	-0000000000077,00	 0000000000000,00	 0000000000000,00	 0000000040392,00
1270100	 0000000000011,00	 0000000000000,00	 0000000000000,00	 0000000000000,00
1270112	 0000000000000,00	 0000000000000,00	 0000000000000,00	 0000000000000,00
1270113	 0000000000011,00	 0000000000000,00	 0000000000000,00	 0000000000000,00
1270116	 0000000000000,00	 0000000000000,00	 0000000000000,00	 0000000000000,00
1270117	 0000000000000,00	 0000000000000,00	 0000000000000,00	 0000000000000,00
1270118	 0000000000000,00	 0000000000000,00	 0000000000000,00	 0000000000000,00
1270190	 0000000000000,00	 0000000000000,00	 0000000000000,00	 0000000000000,00
1270200	-0000000000088,00	 0000000000000,00	 0000000000000,00	 0000000040392,00
1270202	 0000000000000,00	 0000000000000,00	 0000000000000,00	 0000000000000,00
1270203	 0000000000000,00	 0000000000000,00	 0000000000000,00	 0000000040392,00
1270206	 0000000000000,00	 0000000000000,00	 0000000000000,00	 0000000000000,00
1270207	 0000000000000,00	 0000000000000,00	 0000000000000,00	 0000000000000,00
1270208	 0000000000000,00	 0000000000000,00	 0000000000000,00	 0000000000000,00
1270290	-0000000000088,00	 0000000000000,00	 0000000000000,00	 0000000000000,00
1270300	 0000000000000,00	 0000000000000,00	 0000000000000,00	 0000000000000,00
1300000	 0000006538941,00	 0000007776618,00	 0000000039911,00	 0000001033657,00
1302000	 0000004405383,00	 0000003014035,00	 0000000039911,00	 0000001021416,00
1302100	 0000003385222,00	 0000002338379,00	 0000000005882,00	 0000000229071,00
1302101	 0000003384922,00	 0000002288352,00	 0000000005882,00	 0000000229071,00
1302102	 0000000000000,00	 0000000000000,00	 0000000000000,00	 0000000000000,00
1302170	 0000000000000,00	 0000000042491,00	 0000000000000,00	 0000000000000,00
1302180	 0000000000300,00	 0000000007536,00	 0000000000000,00	 0000000000000,00
1302200	 0000000135983,00	 0000000006147,00	 0000000000030,00	 0000000775327,00
1302201	 0000000000000,00	 0000000000000,00	 0000000000000,00	 0000000001139,00
1302202	 0000000060349,00	 0000000005360,00	 0000000000000,00	 0000000386429,00
1302241	 0000000000527,00	 0000000000000,00	 0000000000030,00	 0000000192239,00
1302242	 0000000075107,00	 0000000000787,00	 0000000000000,00	 0000000185974,00
1302281	 0000000000000,00	 0000000000000,00	 0000000000000,00	 0000000009546,00
1302282	 0000000000000,00	 0000000000000,00	 0000000000000,00	 0000000000000,00
1302300	 0000000153579,00	 0000000000000,00	 0000000000000,00	 0000000000457,00
1302500	 0000000226563,00	 0000000002274,00	 0000000000262,00	 0000000015249,00
1302800	 0000000444944,00	 0000000656496,00	 0000000033586,00	 0000000000000,00
1302900	 0000000059092,00	 0000000010739,00	 0000000000151,00	 0000000001312,00
1304000	 0000000015292,00	 0000004665978,00	 0000000000000,00	 0000000000000,00
1304100	 0000000000000,00	 0000000134713,00	 0000000000000,00	 0000000000000,00
1304101	 0000000000000,00	 0000000134713,00	 0000000000000,00	 0000000000000,00
1304102	 0000000000000,00	 0000000000000,00	 0000000000000,00	 0000000000000,00
1304200	 0000000009389,00	 0000000074639,00	 0000000000000,00	 0000000000000,00
1304500	 0000000005876,00	 0000004450465,00	 0000000000000,00	 0000000000000,00
1304600	 0000000000000,00	 0000000000619,00	 0000000000000,00	 0000000000000,00
1304800	 0000000000000,00	 0000000000000,00	 0000000000000,00	 0000000000000,00
1304900	 0000000000027,00	 0000000005542,00	 0000000000000,00	 0000000000000,00
1305000	 0000002612224,00	 0000000096605,00	 0000000000000,00	 0000000012241,00
1305100	 0000001620308,00	 0000000095527,00	 0000000000000,00	 0000000000000,00
1305300	 0000000189760,00	 0000000000000,00	 0000000000000,00	 0000000000003,00
1305400	 0000000789939,00	 0000000000000,00	 0000000000000,00	 0000000012238,00
1305800	 0000000002651,00	 0000000001078,00	 0000000000000,00	 0000000000000,00
1305900	 0000000009566,00	 0000000000000,00	 0000000000000,00	 0000000000000,00
1309000	-0000000493958,00	 0000000000000,00	 0000000000000,00	 0000000000000,00
1309100	-0000000245795,00	 0000000000000,00	 0000000000000,00	 0000000000000,00
1309200	-0000000017983,00	 0000000000000,00	 0000000000000,00	 0000000000000,00
1309300	-0000000230180,00	 0000000000000,00	 0000000000000,00	 0000000000000,00
1350000	 0000001439846,00	 0000000272607,00	 0000000000000,00	 0000000010931,00
1350100	 0000001265264,00	 0000000137783,00	 0000000000000,00	 0000000000000,00
1350200	 0000000174582,00	 0000000134824,00	 0000000000000,00	 0000000000000,00
1350300	 0000000000000,00	 0000000000000,00	 0000000000000,00	 0000000010931,00
1360000	 0000000000000,00	 0000000000000,00	 0000000000000,00	 0000000000000,00
1360100	 0000000000000,00	 0000000000000,00	 0000000000000,00	 0000000000000,00
1360200	 0000000000000,00	 0000000000000,00	 0000000000000,00	 0000000000000,00
1360300	 0000000000000,00	 0000000000000,00	 0000000000000,00	 0000000000000,00
1400000	 0000000007275,00	 0000000000000,00	 0000000000000,00	 0000000000000,00
1400100	 0000000006670,00	 0000000000000,00	 0000000000000,00	 0000000000000,00
1400101	 0000000000000,00	 0000000000000,00	 0000000000000,00	 0000000000000,00
1400102	 0000000000000,00	 0000000000000,00	 0000000000000,00	 0000000000000,00
1400103	 0000000006670,00	 0000000000000,00	 0000000000000,00	 0000000000000,00
1400200	 0000000000605,00	 0000000000000,00	 0000000000000,00	 0000000000000,00
1500000	 0000000077699,00	 0000000000000,00	 0000000000000,00	 0000000000000,00
1500100	 0000000000000,00	 0000000000000,00	 0000000000000,00	 0000000000000,00
1500200	 0000000077699,00	 0000000000000,00	 0000000000000,00	 0000000000000,00
1600000	 0000000153659,00	 0000000000000,00	 0000000000000,00	 0000000000000,00
1600100	 0000000127309,00	 0000000000000,00	 0000000000000,00	 0000000000000,00
1600200	 0000000026350,00	 0000000000000,00	 0000000000000,00	 0000000000000,00
1700000	 0000000007046,00	 0000000000000,00	 0000000000000,00	 0000000000000,00
1750000	 0000000154106,00	 0000000000000,00	 0000000000000,00	 0000000000000,00
1800000	 0000000439102,00	 0000000039499,00	 0000000000786,00	 0000000096557,00
1800100	 0000000011475,00	 0000000037395,00	 0000000000785,00	 0000000000084,00
1800200	 0000000019392,00	 0000000000000,00	 0000000000000,00	 0000000000000,00
1800900	 0000000408235,00	 0000000002104,00	 0000000000001,00	 0000000096473,00
2000000	 0000010255612,00	 0000004958138,00	 0000000011997,00	 0000005320486,00
2100000	 0000003572056,00	 0000000242033,00	 0000000000010,00	 0000000477543,00
2100100	 0000002955746,00	 0000000000000,00	 0000000000000,00	 0000000422098,00
2100109	 0000001910415,00	 0000000000000,00	 0000000000000,00	 0000000388704,00
2100110	 0000001041801,00	 0000000000000,00	 0000000000000,00	 0000000031930,00
2100200	 0000000333757,00	 0000000000000,00	 0000000000000,00	 0000000000000,00
2100300	 0000000282553,00	 0000000242033,00	 0000000000010,00	 0000000055445,00
2130000	 0000000016888,00	 0000000000000,00	 0000000000000,00	 0000000174306,00
2160000	 0000000123196,00	 0000000025076,00	 0000000000000,00	 0000000030318,00
2160100	 0000000000000,00	 0000000000000,00	 0000000000000,00	 0000000000000,00
2160200	 0000000123196,00	 0000000025076,00	 0000000000000,00	 0000000030318,00
2200000	 0000004358645,00	 0000002207984,00	 0000000000000,00	 0000001256343,00
2200100	 0000004357059,00	 0000002105745,00	 0000000000000,00	 0000001256302,00
2200200	 0000000001206,00	 0000000101553,00	 0000000000000,00	 0000000000000,00
2200900	 0000000000380,00	 0000000000686,00	 0000000000000,00	 0000000000041,00
2250000	 0000001345623,00	 0000000000000,00	 0000000000000,00	 0000000000000,00
2250100	 0000001229571,00	 0000000000000,00	 0000000000000,00	 0000000000000,00
2250200	 0000000116052,00	 0000000000000,00	 0000000000000,00	 0000000000000,00
2300000	 0000000000743,00	 0000000001241,00	 0000000000000,00	 0000001643408,00
2301000	 0000000000007,00	 0000000000000,00	 0000000000000,00	 0000000000000,00
2301001	 0000000000000,00	 0000000000000,00	 0000000000000,00	 0000000000000,00
2302000	 0000000000736,00	 0000000000000,00	 0000000000000,00	 0000001643408,00
2302100	 0000000000736,00	 0000000000000,00	 0000000000000,00	 0000001453485,00
2302200	 0000000000000,00	 0000000000000,00	 0000000000000,00	 0000000189923,00
2303000	 0000000000000,00	 0000000001241,00	 0000000000000,00	 0000000000000,00
2303100	 0000000000000,00	 0000000000000,00	 0000000000000,00	 0000000000000,00
2303900	 0000000000000,00	 0000000001241,00	 0000000000000,00	 0000000000000,00
2400000	 0000000263258,00	 0000002430548,00	 0000000000000,00	 0000001637859,00
2401000	 0000000000000,00	 0000000091135,00	 0000000000000,00	 0000000000000,00
2402000	 0000000263258,00	 0000002339413,00	 0000000000000,00	 0000001637859,00
2402100	 0000000249542,00	 0000001914095,00	 0000000000000,00	 0000001387566,00
2402200	 0000000013716,00	 0000000425318,00	 0000000000000,00	 0000000250293,00
2500000	 0000000145883,00	 0000000014468,00	 0000000006606,00	 0000000002428,00
2500100	 0000000081466,00	 0000000014468,00	 0000000006606,00	 0000000000000,00
2500200	 0000000064327,00	 0000000000000,00	 0000000000000,00	 0000000000000,00
2500300	 0000000000090,00	 0000000000000,00	 0000000000000,00	 0000000002428,00
2600000	 0000000021410,00	 0000000000000,00	 0000000000000,00	 0000000000000,00
2650000	 0000000009230,00	 0000000000000,00	 0000000000000,00	 0000000000000,00
2700000	 0000000241355,00	 0000000000000,00	 0000000000000,00	 0000000000000,00
2700100	 0000000033881,00	 0000000000000,00	 0000000000000,00	 0000000000000,00
2700200	 0000000151985,00	 0000000000000,00	 0000000000000,00	 0000000000000,00
2700300	 0000000040179,00	 0000000000000,00	 0000000000000,00	 0000000000000,00
2700400	 0000000015310,00	 0000000000000,00	 0000000000000,00	 0000000000000,00
2700401	 0000000000001,00	 0000000000000,00	 0000000000000,00	 0000000000000,00
2700402	 0000000000000,00	 0000000000000,00	 0000000000000,00	 0000000000000,00
2700411	 0000000000000,00	 0000000000000,00	 0000000000000,00	 0000000000000,00
2700412	 0000000000000,00	 0000000000000,00	 0000000000000,00	 0000000000000,00
2700413	 0000000000000,00	 0000000000000,00	 0000000000000,00	 0000000000000,00
2700421	 0000000000000,00	 0000000000000,00	 0000000000000,00	 0000000000000,00
2700422	 0000000000000,00	 0000000000000,00	 0000000000000,00	 0000000000000,00
2700423	 0000000000000,00	 0000000000000,00	 0000000000000,00	 0000000000000,00
2700490	 0000000015309,00	 0000000000000,00	 0000000000000,00	 0000000000000,00
2800000	 0000000157325,00	 0000000036788,00	 0000000005381,00	 0000000098281,00
3000000	 0000001847806,00	 0000000020955,00	 0000000000892,00	-0000000001554,00
3101000	 0000000891303,00	 0000000000000,00	 0000000000000,00	 0000000000000,00
3102000	 0000000051538,00	 0000000000000,00	 0000000000000,00	 0000000000000,00
3103000	-0000000022794,00	 0000000000000,00	 0000000000000,00	 0000000000000,00
3104000	 0000000894466,00	 0000000020955,00	 0000000000892,00	-0000000001554,00
3104100	 0000001037284,00	 0000000000000,00	 0000000000000,00	 0000000000000,00
3104200	 0000000009167,00	 0000000020955,00	 0000000000892,00	-0000000001554,00
3104300	-0000000151985,00	 0000000000000,00	 0000000000000,00	 0000000000000,00
3200000	 0000000033293,00	 0000000000000,00	 0000000000000,00	 0000000000000,00
5001000	 0000001814513,00	 0000000020955,00	 0000000000892,00	-0000000001554,00
5002000	 0000012103418,00	 0000004979093,00	 0000000012889,00	 0000005318932,00
5100000	 0000007032899,00	 0000007776618,00	 0000000039911,00	 0000001033657,00
