028	BANCO BICE                                                              
1000000	 0000001369948,00	 0000001143926,00	 0000000096216,00	 0000000360713,00
1100000	 0000000091904,00	 0000000000000,00	 0000000000000,00	 0000000072476,00
1100100	 0000000009521,00	 0000000000000,00	 0000000000000,00	 0000000002468,00
1100200	 0000000082222,00	 0000000000000,00	 0000000000000,00	 0000000009876,00
1100300	 0000000000161,00	 0000000000000,00	 0000000000000,00	 0000000000001,00
1100400	 0000000000000,00	 0000000000000,00	 0000000000000,00	 0000000060131,00
1130000	 0000000058618,00	 0000000000000,00	 0000000000000,00	 0000000043896,00
1130100	 0000000023605,00	 0000000000000,00	 0000000000000,00	 0000000004354,00
1130200	 0000000035013,00	 0000000000000,00	 0000000000000,00	 0000000039542,00
1150000	 0000000094104,00	 0000000260883,00	 0000000000000,00	 0000000003403,00
1150100	 0000000036795,00	 0000000153737,00	 0000000000000,00	 0000000000000,00
1150200	 0000000038778,00	 0000000107146,00	 0000000000000,00	 0000000000000,00
1150300	 0000000000000,00	 0000000000000,00	 0000000000000,00	 0000000003403,00
1150400	 0000000018531,00	 0000000000000,00	 0000000000000,00	 0000000000000,00
1160000	 0000000000700,00	 0000000000000,00	 0000000000000,00	 0000000000000,00
1160100	 0000000000000,00	 0000000000000,00	 0000000000000,00	 0000000000000,00
1160200	 0000000000700,00	 0000000000000,00	 0000000000000,00	 0000000000000,00
1250000	 0000000032918,00	 0000000000000,00	 0000000000000,00	 0000000000486,00
1250100	 0000000032918,00	 0000000000000,00	 0000000000000,00	 0000000000486,00
1250200	 0000000000000,00	 0000000000000,00	 0000000000000,00	 0000000000000,00
1270000	 0000000019986,00	 0000000000000,00	 0000000000000,00	 0000000000002,00
1270100	 0000000019986,00	 0000000000000,00	 0000000000000,00	 0000000000000,00
1270112	 0000000000000,00	 0000000000000,00	 0000000000000,00	 0000000000000,00
1270113	 0000000020003,00	 0000000000000,00	 0000000000000,00	 0000000000000,00
1270116	 0000000000000,00	 0000000000000,00	 0000000000000,00	 0000000000000,00
1270117	 0000000000000,00	 0000000000000,00	 0000000000000,00	 0000000000000,00
1270118	 0000000000000,00	 0000000000000,00	 0000000000000,00	 0000000000000,00
1270190	-0000000000017,00	 0000000000000,00	 0000000000000,00	 0000000000000,00
1270200	 0000000000000,00	 0000000000000,00	 0000000000000,00	 0000000000000,00
1270202	 0000000000000,00	 0000000000000,00	 0000000000000,00	 0000000000000,00
1270203	 0000000000000,00	 0000000000000,00	 0000000000000,00	 0000000000000,00
1270206	 0000000000000,00	 0000000000000,00	 0000000000000,00	 0000000000000,00
1270207	 0000000000000,00	 0000000000000,00	 0000000000000,00	 0000000000000,00
1270208	 0000000000000,00	 0000000000000,00	 0000000000000,00	 0000000000000,00
1270290	 0000000000000,00	 0000000000000,00	 0000000000000,00	 0000000000000,00
1270300	 0000000000000,00	 0000000000000,00	 0000000000000,00	 0000000000002,00
1300000	 0000000894521,00	 0000000877878,00	 0000000096216,00	 0000000239116,00
1302000	 0000000871598,00	 0000000632659,00	 0000000096216,00	 0000000238054,00
1302100	 0000000826387,00	 0000000512461,00	 0000000076847,00	 0000000102199,00
1302101	 0000000826387,00	 0000000467846,00	 0000000076847,00	 0000000089555,00
1302102	 0000000000000,00	 0000000000000,00	 0000000000000,00	 0000000012644,00
1302170	 0000000000000,00	 0000000014015,00	 0000000000000,00	 0000000000000,00
1302180	 0000000000000,00	 0000000030600,00	 0000000000000,00	 0000000000000,00
1302200	 0000000012371,00	 0000000000000,00	 0000000000019,00	 0000000135508,00
1302201	 0000000000000,00	 0000000000000,00	 0000000000000,00	 0000000000000,00
1302202	 0000000012371,00	 0000000000000,00	 0000000000000,00	 0000000074831,00
1302241	 0000000000000,00	 0000000000000,00	 0000000000019,00	 0000000008538,00
1302242	 0000000000000,00	 0000000000000,00	 0000000000000,00	 0000000050975,00
1302281	 0000000000000,00	 0000000000000,00	 0000000000000,00	 0000000000081,00
1302282	 0000000000000,00	 0000000000000,00	 0000000000000,00	 0000000001083,00
1302300	 0000000016901,00	 0000000000000,00	 0000000000000,00	 0000000000134,00
1302500	 0000000000000,00	 0000000000136,00	 0000000000000,00	 0000000000000,00
1302800	 0000000014952,00	 0000000120057,00	 0000000019305,00	 0000000000000,00
1302900	 0000000000987,00	 0000000000005,00	 0000000000045,00	 0000000000213,00
1304000	 0000000000024,00	 0000000237936,00	 0000000000000,00	 0000000000000,00
1304100	 0000000000000,00	 0000000007189,00	 0000000000000,00	 0000000000000,00
1304101	 0000000000000,00	 0000000007189,00	 0000000000000,00	 0000000000000,00
1304102	 0000000000000,00	 0000000000000,00	 0000000000000,00	 0000000000000,00
1304200	 0000000000000,00	 0000000085529,00	 0000000000000,00	 0000000000000,00
1304500	 0000000000000,00	 0000000145199,00	 0000000000000,00	 0000000000000,00
1304600	 0000000000000,00	 0000000000000,00	 0000000000000,00	 0000000000000,00
1304800	 0000000000000,00	 0000000000000,00	 0000000000000,00	 0000000000000,00
1304900	 0000000000024,00	 0000000000019,00	 0000000000000,00	 0000000000000,00
1305000	 0000000056121,00	 0000000007283,00	 0000000000000,00	 0000000001062,00
1305100	 0000000034246,00	 0000000007283,00	 0000000000000,00	 0000000000000,00
1305300	 0000000010229,00	 0000000000000,00	 0000000000000,00	 0000000000000,00
1305400	 0000000011646,00	 0000000000000,00	 0000000000000,00	 0000000001062,00
1305800	 0000000000000,00	 0000000000000,00	 0000000000000,00	 0000000000000,00
1305900	 0000000000000,00	 0000000000000,00	 0000000000000,00	 0000000000000,00
1309000	-0000000033222,00	 0000000000000,00	 0000000000000,00	 0000000000000,00
1309100	-0000000032240,00	 0000000000000,00	 0000000000000,00	 0000000000000,00
1309200	-0000000000489,00	 0000000000000,00	 0000000000000,00	 0000000000000,00
1309300	-0000000000493,00	 0000000000000,00	 0000000000000,00	 0000000000000,00
1350000	 0000000000000,00	 0000000005164,00	 0000000000000,00	 0000000000000,00
1350100	 0000000000000,00	 0000000000000,00	 0000000000000,00	 0000000000000,00
1350200	 0000000000000,00	 0000000005164,00	 0000000000000,00	 0000000000000,00
1350300	 0000000000000,00	 0000000000000,00	 0000000000000,00	 0000000000000,00
1360000	 0000000000000,00	 0000000000000,00	 0000000000000,00	 0000000000000,00
1360100	 0000000000000,00	 0000000000000,00	 0000000000000,00	 0000000000000,00
1360200	 0000000000000,00	 0000000000000,00	 0000000000000,00	 0000000000000,00
1360300	 0000000000000,00	 0000000000000,00	 0000000000000,00	 0000000000000,00
1400000	 0000000000777,00	 0000000000000,00	 0000000000000,00	 0000000000006,00
1400100	 0000000000000,00	 0000000000000,00	 0000000000000,00	 0000000000000,00
1400101	 0000000000000,00	 0000000000000,00	 0000000000000,00	 0000000000000,00
1400102	 0000000000000,00	 0000000000000,00	 0000000000000,00	 0000000000000,00
1400103	 0000000000000,00	 0000000000000,00	 0000000000000,00	 0000000000000,00
1400200	 0000000000777,00	 0000000000000,00	 0000000000000,00	 0000000000006,00
1500000	 0000000000963,00	 0000000000000,00	 0000000000000,00	 0000000000000,00
1500100	 0000000000589,00	 0000000000000,00	 0000000000000,00	 0000000000000,00
1500200	 0000000000374,00	 0000000000000,00	 0000000000000,00	 0000000000000,00
1600000	 0000000017599,00	 0000000000000,00	 0000000000000,00	 0000000000000,00
1600100	 0000000014500,00	 0000000000000,00	 0000000000000,00	 0000000000000,00
1600200	 0000000003099,00	 0000000000000,00	 0000000000000,00	 0000000000000,00
1700000	 0000000000327,00	 0000000000000,00	 0000000000000,00	 0000000000000,00
1750000	 0000000050741,00	 0000000000000,00	 0000000000000,00	 0000000000000,00
1800000	 0000000106790,00	 0000000000001,00	 0000000000000,00	 0000000001328,00
1800100	 0000000043147,00	 0000000000000,00	 0000000000000,00	 0000000000812,00
1800200	 0000000001904,00	 0000000000000,00	 0000000000000,00	 0000000000000,00
1800900	 0000000061739,00	 0000000000001,00	 0000000000000,00	 0000000000516,00
2000000	 0000001489688,00	 0000000709518,00	 0000000080870,00	 0000000453510,00
2100000	 0000000397063,00	 0000000010325,00	 0000000000035,00	 0000000173735,00
2100100	 0000000332368,00	 0000000000000,00	 0000000000000,00	 0000000166144,00
2100109	 0000000256109,00	 0000000000000,00	 0000000000000,00	 0000000158109,00
2100110	 0000000076217,00	 0000000000000,00	 0000000000000,00	 0000000008035,00
2100200	 0000000034314,00	 0000000000000,00	 0000000000000,00	 0000000000000,00
2100300	 0000000030381,00	 0000000010325,00	 0000000000035,00	 0000000007591,00
2130000	 0000000040693,00	 0000000000000,00	 0000000000000,00	 0000000021020,00
2160000	 0000000051989,00	 0000000000000,00	 0000000000000,00	 0000000000747,00
2160100	 0000000000000,00	 0000000000000,00	 0000000000000,00	 0000000000000,00
2160200	 0000000051989,00	 0000000000000,00	 0000000000000,00	 0000000000747,00
2200000	 0000000835345,00	 0000000291354,00	 0000000000000,00	 0000000073971,00
2200100	 0000000835345,00	 0000000285210,00	 0000000000000,00	 0000000073971,00
2200200	 0000000000000,00	 0000000006144,00	 0000000000000,00	 0000000000000,00
2200900	 0000000000000,00	 0000000000000,00	 0000000000000,00	 0000000000000,00
2250000	 0000000035179,00	 0000000000000,00	 0000000000000,00	 0000000002521,00
2250100	 0000000035179,00	 0000000000000,00	 0000000000000,00	 0000000002521,00
2250200	 0000000000000,00	 0000000000000,00	 0000000000000,00	 0000000000000,00
2300000	 0000000000000,00	 0000000000018,00	 0000000000000,00	 0000000157383,00
2301000	 0000000000000,00	 0000000000000,00	 0000000000000,00	 0000000000957,00
2301001	 0000000000000,00	 0000000000000,00	 0000000000000,00	 0000000000000,00
2302000	 0000000000000,00	 0000000000000,00	 0000000000000,00	 0000000156426,00
2302100	 0000000000000,00	 0000000000000,00	 0000000000000,00	 0000000127113,00
2302200	 0000000000000,00	 0000000000000,00	 0000000000000,00	 0000000029313,00
2303000	 0000000000000,00	 0000000000018,00	 0000000000000,00	 0000000000000,00
2303100	 0000000000000,00	 0000000000000,00	 0000000000000,00	 0000000000000,00
2303900	 0000000000000,00	 0000000000018,00	 0000000000000,00	 0000000000000,00
2400000	 0000000000000,00	 0000000379894,00	 0000000000000,00	 0000000000000,00
2401000	 0000000000000,00	 0000000022193,00	 0000000000000,00	 0000000000000,00
2402000	 0000000000000,00	 0000000357701,00	 0000000000000,00	 0000000000000,00
2402100	 0000000000000,00	 0000000288493,00	 0000000000000,00	 0000000000000,00
2402200	 0000000000000,00	 0000000069208,00	 0000000000000,00	 0000000000000,00
2500000	 0000000001386,00	 0000000027927,00	 0000000080835,00	 0000000023848,00
2500100	 0000000000000,00	 0000000027927,00	 0000000080835,00	 0000000000000,00
2500200	 0000000001386,00	 0000000000000,00	 0000000000000,00	 0000000000432,00
2500300	 0000000000000,00	 0000000000000,00	 0000000000000,00	 0000000023416,00
2600000	 0000000000000,00	 0000000000000,00	 0000000000000,00	 0000000000000,00
2650000	 0000000039558,00	 0000000000000,00	 0000000000000,00	 0000000000000,00
2700000	 0000000029933,00	 0000000000000,00	 0000000000000,00	 0000000000000,00
2700100	 0000000003706,00	 0000000000000,00	 0000000000000,00	 0000000000000,00
2700200	 0000000011791,00	 0000000000000,00	 0000000000000,00	 0000000000000,00
2700300	 0000000003182,00	 0000000000000,00	 0000000000000,00	 0000000000000,00
2700400	 0000000011254,00	 0000000000000,00	 0000000000000,00	 0000000000000,00
2700401	 0000000000001,00	 0000000000000,00	 0000000000000,00	 0000000000000,00
2700402	 0000000000000,00	 0000000000000,00	 0000000000000,00	 0000000000000,00
2700411	 0000000009802,00	 0000000000000,00	 0000000000000,00	 0000000000000,00
2700412	 0000000001142,00	 0000000000000,00	 0000000000000,00	 0000000000000,00
2700413	 0000000000309,00	 0000000000000,00	 0000000000000,00	 0000000000000,00
2700421	 0000000000000,00	 0000000000000,00	 0000000000000,00	 0000000000000,00
2700422	 0000000000000,00	 0000000000000,00	 0000000000000,00	 0000000000000,00
2700423	 0000000000000,00	 0000000000000,00	 0000000000000,00	 0000000000000,00
2700490	 0000000000000,00	 0000000000000,00	 0000000000000,00	 0000000000000,00
2800000	 0000000058542,00	 0000000000000,00	 0000000000000,00	 0000000000285,00
3000000	 0000000237217,00	 0000000000000,00	 0000000000000,00	 0000000000000,00
3101000	 0000000032142,00	 0000000000000,00	 0000000000000,00	 0000000000000,00
3102000	 0000000006041,00	 0000000000000,00	 0000000000000,00	 0000000000000,00
3103000	-0000000000048,00	 0000000000000,00	 0000000000000,00	 0000000000000,00
3104000	 0000000199064,00	 0000000000000,00	 0000000000000,00	 0000000000000,00
3104100	 0000000187273,00	 0000000000000,00	 0000000000000,00	 0000000000000,00
3104200	 0000000023581,00	 0000000000000,00	 0000000000000,00	 0000000000000,00
3104300	-0000000011790,00	 0000000000000,00	 0000000000000,00	 0000000000000,00
3200000	 0000000000018,00	 0000000000000,00	 0000000000000,00	 0000000000000,00
5001000	 0000000237199,00	 0000000000000,00	 0000000000000,00	 0000000000000,00
5002000	 0000001726905,00	 0000000709518,00	 0000000080870,00	 0000000453510,00
5100000	 0000000927743,00	 0000000877878,00	 0000000096216,00	 0000000239116,00
