049	BANCO SECURITY                          
4100000	 0000000039020,00	 0000000048258,00	 0000000000796,00	 0000000004801,00
4100100	 0000000000258,00	 0000000000000,00	 0000000000000,00	 0000000000000,00
4100200	 0000000000258,00	 0000000000000,00	 0000000000000,00	 0000000000154,00
4100300	 0000000029737,00	 0000000028609,00	 0000000000796,00	 0000000003454,00
4100399	 0000000000000,00	 0000000000000,00	 0000000000000,00	 0000000000000,00
4100400	 0000000000000,00	 0000000012354,00	 0000000000000,00	 0000000000000,00
4100499	 0000000000000,00	 0000000000000,00	 0000000000000,00	 0000000000000,00
4100500	 0000000005783,00	 0000000000222,00	 0000000000000,00	 0000000000000,00
4100599	 0000000000000,00	 0000000000000,00	 0000000000000,00	 0000000000000,00
4100600	 0000000000920,00	 0000000007012,00	 0000000000000,00	 0000000001139,00
4100800	 0000000001882,00	 0000000000061,00	 0000000000000,00	 0000000000054,00
4100900	 0000000000182,00	 0000000000000,00	 0000000000000,00	 0000000000000,00
4150000	-0000000031368,00	-0000000030538,00	-0000000000014,00	-0000000001727,00
4150100	-0000000000105,00	-0000000000010,00	 0000000000000,00	 0000000000000,00
4150200	-0000000002214,00	 0000000000000,00	 0000000000000,00	 0000000000000,00
4150300	-0000000028028,00	-0000000011685,00	 0000000000000,00	-0000000000796,00
4150400	-0000000000100,00	 0000000000000,00	 0000000000000,00	-0000000000920,00
4150500	 0000000000000,00	-0000000018165,00	 0000000000000,00	 0000000000000,00
4150600	-0000000000480,00	-0000000000678,00	-0000000000014,00	 0000000000000,00
4150800	-0000000000124,00	 0000000000000,00	 0000000000000,00	-0000000000011,00
4150900	-0000000000317,00	 0000000000000,00	 0000000000000,00	 0000000000000,00
4200000	 0000000016036,00	 0000000000697,00	 0000000000085,00	 0000000000340,00
4200100	 0000000000664,00	 0000000000000,00	 0000000000000,00	 0000000000000,00
4200200	 0000000001092,00	 0000000000518,00	 0000000000085,00	 0000000000156,00
4200300	 0000000001777,00	 0000000000000,00	 0000000000000,00	 0000000000000,00
4200400	 0000000000449,00	 0000000000000,00	 0000000000000,00	 0000000000000,00
4200500	 0000000002667,00	 0000000000001,00	 0000000000000,00	 0000000000000,00
4200600	 0000000001521,00	 0000000000000,00	 0000000000000,00	 0000000000000,00
4200700	 0000000006154,00	 0000000000000,00	 0000000000000,00	 0000000000000,00
4200800	 0000000000000,00	 0000000000000,00	 0000000000000,00	 0000000000000,00
4200900	 0000000001712,00	 0000000000178,00	 0000000000000,00	 0000000000184,00
4250000	-0000000002808,00	 0000000000000,00	 0000000000000,00	 0000000000000,00
4250100	 0000000000000,00	 0000000000000,00	 0000000000000,00	 0000000000000,00
4250200	-0000000000206,00	 0000000000000,00	 0000000000000,00	 0000000000000,00
4250300	-0000000002602,00	 0000000000000,00	 0000000000000,00	 0000000000000,00
4300000	 0000000008271,00	 0000000008545,00	 0000000000000,00	-0000000000048,00
4300100	 0000000004576,00	 0000000008036,00	 0000000000000,00	 0000000000000,00
4300200	 0000000003410,00	 0000000000000,00	 0000000000000,00	-0000000000165,00
4300300	-0000000000075,00	 0000000000509,00	 0000000000000,00	 0000000000304,00
4300400	 0000000000000,00	 0000000000000,00	 0000000000000,00	 0000000000000,00
4300500	 0000000000360,00	 0000000000000,00	 0000000000000,00	-0000000000187,00
4350000	-0000000001087,00	 0000000000000,00	 0000000000121,00	 0000000000048,00
4350100	-0000000001087,00	 0000000000000,00	 0000000000000,00	 0000000000048,00
4350200	 0000000000000,00	 0000000000000,00	 0000000000121,00	 0000000000000,00
4350900	 0000000000000,00	 0000000000000,00	 0000000000000,00	 0000000000000,00
4400000	 0000000002426,00	 0000000000020,00	 0000000000000,00	 0000000000074,00
4400100	 0000000000175,00	 0000000000000,00	 0000000000000,00	 0000000000000,00
4400200	 0000000000025,00	 0000000000000,00	 0000000000000,00	 0000000000000,00
4400300	 0000000002226,00	 0000000000020,00	 0000000000000,00	 0000000000074,00
4500000	-0000000008970,00	 0000000000000,00	 0000000000000,00	 0000000000000,00
4500100	-0000000009506,00	 0000000000000,00	 0000000000000,00	 0000000000000,00
4500200	-0000000000294,00	 0000000000000,00	 0000000000000,00	 0000000000000,00
4500700	 0000000000000,00	 0000000000000,00	 0000000000000,00	 0000000000000,00
4500800	-0000000000215,00	 0000000000000,00	 0000000000000,00	 0000000000000,00
4500900	 0000000001045,00	 0000000000000,00	 0000000000000,00	 0000000000000,00
4500901	 0000000000418,00	 0000000000000,00	 0000000000000,00	 0000000000000,00
4500911	 0000000000000,00	 0000000000000,00	 0000000000000,00	 0000000000000,00
4500921	 0000000000627,00	 0000000000000,00	 0000000000000,00	 0000000000000,00
4600000	-0000000012240,00	 0000000000000,00	 0000000000000,00	 0000000000000,00
4610000	-0000000015638,00	 0000000000000,00	 0000000000000,00	 0000000000000,00
4610100	-0000000012370,00	 0000000000000,00	 0000000000000,00	 0000000000000,00
4610200	-0000000001057,00	 0000000000000,00	 0000000000000,00	 0000000000000,00
4610300	-0000000000409,00	 0000000000000,00	 0000000000000,00	 0000000000000,00
4610400	-0000000000956,00	 0000000000000,00	 0000000000000,00	 0000000000000,00
4610500	-0000000000846,00	 0000000000000,00	 0000000000000,00	 0000000000000,00
4620000	-0000000001402,00	 0000000000000,00	 0000000000000,00	 0000000000000,00
4630000	 0000000000000,00	-0000000000379,00	 0000000000000,00	 0000000000000,00
4650000	-0000000002004,00	 0000000000000,00	 0000000000000,00	 0000000000000,00
4650100	-0000000000861,00	 0000000000000,00	 0000000000000,00	 0000000000000,00
4650200	-0000000000612,00	 0000000000000,00	 0000000000000,00	 0000000000000,00
4650201	-0000000000015,00	 0000000000000,00	 0000000000000,00	 0000000000000,00
4650211	 0000000000000,00	 0000000000000,00	 0000000000000,00	 0000000000000,00
4650290	-0000000000597,00	 0000000000000,00	 0000000000000,00	 0000000000000,00
4650900	-0000000000531,00	 0000000000000,00	 0000000000000,00	 0000000000000,00
4700000	 0000000000123,00	 0000000000000,00	 0000000000000,00	 0000000000000,00
4700100	 0000000000123,00	 0000000000000,00	 0000000000000,00	 0000000000000,00
4700101	 0000000000000,00	 0000000000000,00	 0000000000000,00	 0000000000000,00
4700102	 0000000000000,00	 0000000000000,00	 0000000000000,00	 0000000000000,00
4700103	 0000000000000,00	 0000000000000,00	 0000000000000,00	 0000000000000,00
4700110	 0000000000123,00	 0000000000000,00	 0000000000000,00	 0000000000000,00
4700200	 0000000000000,00	 0000000000000,00	 0000000000000,00	 0000000000000,00
4700201	 0000000000000,00	 0000000000000,00	 0000000000000,00	 0000000000000,00
4700202	 0000000000000,00	 0000000000000,00	 0000000000000,00	 0000000000000,00
4700203	 0000000000000,00	 0000000000000,00	 0000000000000,00	 0000000000000,00
4700210	 0000000000000,00	 0000000000000,00	 0000000000000,00	 0000000000000,00
4800000	-0000000002693,00	 0000000000000,00	 0000000000000,00	 0000000000000,00
4800001	-0000000002887,00	 0000000000000,00	 0000000000000,00	 0000000000000,00
4850000	 0000000000000,00	 0000000000000,00	 0000000000000,00	 0000000000000,00
4900000	 0000000000003,00	 0000000000000,00	 0000000000000,00	 0000000000000,00
5003000	 0000000007652,00	 0000000017720,00	 0000000000782,00	 0000000003074,00
5004000	 0000000013228,00	 0000000000697,00	 0000000000085,00	 0000000000340,00
5005000	 0000000030490,00	 0000000026982,00	 0000000000988,00	 0000000003488,00
5006000	 0000000021520,00	 0000000026982,00	 0000000000988,00	 0000000003488,00
5007000	-0000000009764,00	 0000000026603,00	 0000000000988,00	 0000000003488,00
5008000	-0000000009641,00	 0000000026603,00	 0000000000988,00	 0000000003488,00
5009000	-0000000012334,00	 0000000026603,00	 0000000000988,00	 0000000003488,00
5010000	-0000000012334,00	 0000000026603,00	 0000000000988,00	 0000000003488,00
5020000	-0000000012337,00	 0000000026603,00	 0000000000988,00	 0000000003488,00
