014	SCOTIABANK CHILE
100000000	 21799740496242,00	 18249635938130,00	 0118009479461,00	 6040044800670,00
105000000	 0699464243881,00	 0000000000000,00	 0000000000000,00	 0335328411793,00
105000100	 0276169040333,00	 0000000000000,00	 0000000000000,00	 0023156500193,00
105000101	 0146151891557,00	 0000000000000,00	 0000000000000,00	 0023156500193,00
105000102	 0130017148776,00	 0000000000000,00	 0000000000000,00	 0000000000000,00
105000103	 0000000000000,00	 0000000000000,00	 0000000000000,00	 0000000000000,00
105000200	 0418945211618,00	 0000000000000,00	 0000000000000,00	 0088368496024,00
105000201	 0418945211618,00	 0000000000000,00	 0000000000000,00	 0088368496024,00
105000202	 0000000000000,00	 0000000000000,00	 0000000000000,00	 0000000000000,00
105000209	 0000000000000,00	 0000000000000,00	 0000000000000,00	 0000000000000,00
105000300	 0000000000000,00	 0000000000000,00	 0000000000000,00	 0000000000000,00
105000301	 0000000000000,00	 0000000000000,00	 0000000000000,00	 0000000000000,00
105000302	 0000000000000,00	 0000000000000,00	 0000000000000,00	 0000000000000,00
105000309	 0000000000000,00	 0000000000000,00	 0000000000000,00	 0000000000000,00
105000400	 0004349991930,00	 0000000000000,00	 0000000000000,00	 0000000000000,00
105000500	 0000000000000,00	 0000000000000,00	 0000000000000,00	 0223803415576,00
107000000	 0439256018520,00	 0000000000000,00	 0000000000000,00	 0180553671667,00
107000100	 0025126923868,00	 0000000000000,00	 0000000000000,00	 0006223521514,00
107000101	 0000000000000,00	 0000000000000,00	 0000000000000,00	 0000000000000,00
107000102	 0025086382846,00	 0000000000000,00	 0000000000000,00	 0006223521514,00
107000103	 0000040541022,00	 0000000000000,00	 0000000000000,00	 0000000000000,00
107000200	 0000000000000,00	 0000000000000,00	 0000000000000,00	 0000000000000,00
107000201	 0000000000000,00	 0000000000000,00	 0000000000000,00	 0000000000000,00
107000202	 0000000000000,00	 0000000000000,00	 0000000000000,00	 0000000000000,00
107000300	 0041030789857,00	 0000000000000,00	 0000000000000,00	 0000000020708,00
107000400	 0373098304795,00	 0000000000000,00	 0000000000000,00	 0174330129445,00
107000401	 0026472506146,00	 0000000000000,00	 0000000000000,00	 0000000000000,00
107000409	 0294060230369,00	 0000000000000,00	 0000000000000,00	 0138195777412,00
107000411	 0023097155953,00	 0000000000000,00	 0000000000000,00	 0003179488903,00
107000419	 0029468412327,00	 0000000000000,00	 0000000000000,00	 0032954863130,00
110000000	 7003970037847,00	 0272647001299,00	 0000000000000,00	 0008198540519,00
111000100	 6814764520126,00	 0000000000000,00	 0000000000000,00	 0000000000000,00
111000101	 1282883414793,00	 0000000000000,00	 0000000000000,00	 0000000000000,00
111000102	 5531835034669,00	 0000000000000,00	 0000000000000,00	 0000000000000,00
111000103	 0000046070664,00	 0000000000000,00	 0000000000000,00	 0000000000000,00
111000104	 0000000000000,00	 0000000000000,00	 0000000000000,00	 0000000000000,00
111000105	 0000000000000,00	 0000000000000,00	 0000000000000,00	 0000000000000,00
111000109	 0000000000000,00	 0000000000000,00	 0000000000000,00	 0000000000000,00
112000000	 0102494401055,00	 0272647001299,00	 0000000000000,00	 0008198540519,00
112000100	 0087145866297,00	 0149349883318,00	 0000000000000,00	 0000000000000,00
112000101	 0000200790066,00	 0000360398723,00	 0000000000000,00	 0000000000000,00
112000102	 0086945076231,00	 0148989484595,00	 0000000000000,00	 0000000000000,00
112000109	 0000000000000,00	 0000000000000,00	 0000000000000,00	 0000000000000,00
112000200	 0015348534758,00	 0123297117981,00	 0000000000000,00	 0000000000000,00
112000201	 0015348534758,00	 0118756695154,00	 0000000000000,00	 0000000000000,00
112000202	 0000000000000,00	 0004540422827,00	 0000000000000,00	 0000000000000,00
112000209	 0000000000000,00	 0000000000000,00	 0000000000000,00	 0000000000000,00
112000300	 0000000000000,00	 0000000000000,00	 0000000000000,00	 0008198540519,00
112000301	 0000000000000,00	 0000000000000,00	 0000000000000,00	 0000000000000,00
112000302	 0000000000000,00	 0000000000000,00	 0000000000000,00	 0008198540519,00
112000303	 0000000000000,00	 0000000000000,00	 0000000000000,00	 0000000000000,00
112000304	 0000000000000,00	 0000000000000,00	 0000000000000,00	 0000000000000,00
112000309	 0000000000000,00	 0000000000000,00	 0000000000000,00	 0000000000000,00
113000000	 0086711116666,00	 0000000000000,00	 0000000000000,00	 0000000000000,00
113000100	 0083444888722,00	 0000000000000,00	 0000000000000,00	 0000000000000,00
113000101	 0083444888722,00	 0000000000000,00	 0000000000000,00	 0000000000000,00
113000102	 0000000000000,00	 0000000000000,00	 0000000000000,00	 0000000000000,00
113000200	 0003266227944,00	 0000000000000,00	 0000000000000,00	 0000000000000,00
113000201	 0003266227944,00	 0000000000000,00	 0000000000000,00	 0000000000000,00
113000202	 0000000000000,00	 0000000000000,00	 0000000000000,00	 0000000000000,00
113000300	 0000000000000,00	 0000000000000,00	 0000000000000,00	 0000000000000,00
113000301	 0000000000000,00	 0000000000000,00	 0000000000000,00	 0000000000000,00
113000302	 0000000000000,00	 0000000000000,00	 0000000000000,00	 0000000000000,00
113000303	 0000000000000,00	 0000000000000,00	 0000000000000,00	 0000000000000,00
113000304	 0000000000000,00	 0000000000000,00	 0000000000000,00	 0000000000000,00
113000400	 0000000000000,00	 0000000000000,00	 0000000000000,00	 0000000000000,00
115000000	 0000000000000,00	 0000000000000,00	 0000000000000,00	 0000000000000,00
115250000	 0000000000000,00	 0000000000000,00	 0000000000000,00	 0000000000000,00
115250100	 0000000000000,00	 0000000000000,00	 0000000000000,00	 0000000000000,00
115250101	 0000000000000,00	 0000000000000,00	 0000000000000,00	 0000000000000,00
115250102	 0000000000000,00	 0000000000000,00	 0000000000000,00	 0000000000000,00
115250109	 0000000000000,00	 0000000000000,00	 0000000000000,00	 0000000000000,00
115250200	 0000000000000,00	 0000000000000,00	 0000000000000,00	 0000000000000,00
115250201	 0000000000000,00	 0000000000000,00	 0000000000000,00	 0000000000000,00
115250202	 0000000000000,00	 0000000000000,00	 0000000000000,00	 0000000000000,00
115250209	 0000000000000,00	 0000000000000,00	 0000000000000,00	 0000000000000,00
115250300	 0000000000000,00	 0000000000000,00	 0000000000000,00	 0000000000000,00
115250301	 0000000000000,00	 0000000000000,00	 0000000000000,00	 0000000000000,00
115250302	 0000000000000,00	 0000000000000,00	 0000000000000,00	 0000000000000,00
115250303	 0000000000000,00	 0000000000000,00	 0000000000000,00	 0000000000000,00
115250304	 0000000000000,00	 0000000000000,00	 0000000000000,00	 0000000000000,00
115250309	 0000000000000,00	 0000000000000,00	 0000000000000,00	 0000000000000,00
115500000	 0000000000000,00	 0000000000000,00	 0000000000000,00	 0000000000000,00
115500100	 0000000000000,00	 0000000000000,00	 0000000000000,00	 0000000000000,00
115500101	 0000000000000,00	 0000000000000,00	 0000000000000,00	 0000000000000,00
115500102	 0000000000000,00	 0000000000000,00	 0000000000000,00	 0000000000000,00
115500300	 0000000000000,00	 0000000000000,00	 0000000000000,00	 0000000000000,00
115500301	 0000000000000,00	 0000000000000,00	 0000000000000,00	 0000000000000,00
115500302	 0000000000000,00	 0000000000000,00	 0000000000000,00	 0000000000000,00
115500303	 0000000000000,00	 0000000000000,00	 0000000000000,00	 0000000000000,00
115500304	 0000000000000,00	 0000000000000,00	 0000000000000,00	 0000000000000,00
115500400	 0000000000000,00	 0000000000000,00	 0000000000000,00	 0000000000000,00
118000000	 0000000000000,00	 0000000000000,00	 0000000000000,00	 0000000000000,00
118250000	 0000000000000,00	 0000000000000,00	 0000000000000,00	 0000000000000,00
118250100	 0000000000000,00	 0000000000000,00	 0000000000000,00	 0000000000000,00
118250101	 0000000000000,00	 0000000000000,00	 0000000000000,00	 0000000000000,00
118250102	 0000000000000,00	 0000000000000,00	 0000000000000,00	 0000000000000,00
118250109	 0000000000000,00	 0000000000000,00	 0000000000000,00	 0000000000000,00
118250200	 0000000000000,00	 0000000000000,00	 0000000000000,00	 0000000000000,00
118250201	 0000000000000,00	 0000000000000,00	 0000000000000,00	 0000000000000,00
118250202	 0000000000000,00	 0000000000000,00	 0000000000000,00	 0000000000000,00
118250209	 0000000000000,00	 0000000000000,00	 0000000000000,00	 0000000000000,00
118250300	 0000000000000,00	 0000000000000,00	 0000000000000,00	 0000000000000,00
118250301	 0000000000000,00	 0000000000000,00	 0000000000000,00	 0000000000000,00
118250302	 0000000000000,00	 0000000000000,00	 0000000000000,00	 0000000000000,00
118250303	 0000000000000,00	 0000000000000,00	 0000000000000,00	 0000000000000,00
118250304	 0000000000000,00	 0000000000000,00	 0000000000000,00	 0000000000000,00
118250309	 0000000000000,00	 0000000000000,00	 0000000000000,00	 0000000000000,00
118500000	 0000000000000,00	 0000000000000,00	 0000000000000,00	 0000000000000,00
118500300	 0000000000000,00	 0000000000000,00	 0000000000000,00	 0000000000000,00
118500301	 0000000000000,00	 0000000000000,00	 0000000000000,00	 0000000000000,00
118500302	 0000000000000,00	 0000000000000,00	 0000000000000,00	 0000000000000,00
118500303	 0000000000000,00	 0000000000000,00	 0000000000000,00	 0000000000000,00
118500304	 0000000000000,00	 0000000000000,00	 0000000000000,00	 0000000000000,00
118500400	 0000000000000,00	 0000000000000,00	 0000000000000,00	 0000000000000,00
120000000	 2487555197789,00	 0360739575162,00	 0000000000000,00	 0053169450118,00
122000000	 2487555197789,00	 0360739575162,00	 0000000000000,00	 0053169450118,00
122000100	 2487555197789,00	 0360739575162,00	 0000000000000,00	 0053169450118,00
122000101	 1153394306274,00	 0000036039872,00	 0000000000000,00	 0000000000000,00
122000102	 1334160891515,00	 0349000477681,00	 0000000000000,00	 0053169450118,00
122000109	 0000000000000,00	 0011703057609,00	 0000000000000,00	 0000000000000,00
122000200	 0000000000000,00	 0000000000000,00	 0000000000000,00	 0000000000000,00
122000201	 0000000000000,00	 0000000000000,00	 0000000000000,00	 0000000000000,00
122000202	 0000000000000,00	 0000000000000,00	 0000000000000,00	 0000000000000,00
122000209	 0000000000000,00	 0000000000000,00	 0000000000000,00	 0000000000000,00
122000300	 0000000000000,00	 0000000000000,00	 0000000000000,00	 0000000000000,00
122000301	 0000000000000,00	 0000000000000,00	 0000000000000,00	 0000000000000,00
122000302	 0000000000000,00	 0000000000000,00	 0000000000000,00	 0000000000000,00
122000303	 0000000000000,00	 0000000000000,00	 0000000000000,00	 0000000000000,00
122000304	 0000000000000,00	 0000000000000,00	 0000000000000,00	 0000000000000,00
122000309	 0000000000000,00	 0000000000000,00	 0000000000000,00	 0000000000000,00
123000000	 0000000000000,00	 0000000000000,00	 0000000000000,00	 0000000000000,00
123000300	 0000000000000,00	 0000000000000,00	 0000000000000,00	 0000000000000,00
123000301	 0000000000000,00	 0000000000000,00	 0000000000000,00	 0000000000000,00
123000302	 0000000000000,00	 0000000000000,00	 0000000000000,00	 0000000000000,00
123000303	 0000000000000,00	 0000000000000,00	 0000000000000,00	 0000000000000,00
123000304	 0000000000000,00	 0000000000000,00	 0000000000000,00	 0000000000000,00
123000400	 0000000000000,00	 0000000000000,00	 0000000000000,00	 0000000000000,00
130000000	 0384228609824,00	 0000000000000,00	 0000000000000,00	 0000000000000,00
130000100	 0384228609824,00	 0000000000000,00	 0000000000000,00	 0000000000000,00
130000101	 0000485044186,00	 0000000000000,00	 0000000000000,00	 0000000000000,00
130000102	 0383743565638,00	 0000000000000,00	 0000000000000,00	 0000000000000,00
130000103	 0000000000000,00	 0000000000000,00	 0000000000000,00	 0000000000000,00
130000104	 0000000000000,00	 0000000000000,00	 0000000000000,00	 0000000000000,00
130000105	 0000000000000,00	 0000000000000,00	 0000000000000,00	 0000000000000,00
130000190	 0000000000000,00	 0000000000000,00	 0000000000000,00	 0000000000000,00
140000000	 9541843541634,00	 17542048099569,00	 0118009479461,00	 5016137790963,00
141000000	 0102593306321,00	 0000000000000,00	 0000000000000,00	 0000000000000,00
141000100	 0000000000000,00	 0000000000000,00	 0000000000000,00	 0000000000000,00
141000101	 0000000000000,00	 0000000000000,00	 0000000000000,00	 0000000000000,00
141000102	 0000000000000,00	 0000000000000,00	 0000000000000,00	 0000000000000,00
141000103	 0000000000000,00	 0000000000000,00	 0000000000000,00	 0000000000000,00
141000200	 0000000000000,00	 0000000000000,00	 0000000000000,00	 0000000000000,00
141000201	 0000000000000,00	 0000000000000,00	 0000000000000,00	 0000000000000,00
141000202	 0000000000000,00	 0000000000000,00	 0000000000000,00	 0000000000000,00
141000203	 0000000000000,00	 0000000000000,00	 0000000000000,00	 0000000000000,00
141000300	 0102600197459,00	 0000000000000,00	 0000000000000,00	 0000000000000,00
141000301	 0102575037459,00	 0000000000000,00	 0000000000000,00	 0000000000000,00
141000302	 0000025160000,00	 0000000000000,00	 0000000000000,00	 0000000000000,00
141000400	 0000000000000,00	 0000000000000,00	 0000000000000,00	 0000000000000,00
141000401	 0000000000000,00	 0000000000000,00	 0000000000000,00	 0000000000000,00
141000402	 0000000000000,00	 0000000000000,00	 0000000000000,00	 0000000000000,00
141000900	-0000006891138,00	 0000000000000,00	 0000000000000,00	 0000000000000,00
141000901	-0000006891138,00	 0000000000000,00	 0000000000000,00	 0000000000000,00
141000902	 0000000000000,00	 0000000000000,00	 0000000000000,00	 0000000000000,00
141000903	 0000000000000,00	 0000000000000,00	 0000000000000,00	 0000000000000,00
141500000	 0000000000000,00	 0000000000000,00	 0000000000000,00	 0000000000000,00
141500100	 0000000000000,00	 0000000000000,00	 0000000000000,00	 0000000000000,00
141500101	 0000000000000,00	 0000000000000,00	 0000000000000,00	 0000000000000,00
141500102	 0000000000000,00	 0000000000000,00	 0000000000000,00	 0000000000000,00
141500109	 0000000000000,00	 0000000000000,00	 0000000000000,00	 0000000000000,00
141500200	 0000000000000,00	 0000000000000,00	 0000000000000,00	 0000000000000,00
141500201	 0000000000000,00	 0000000000000,00	 0000000000000,00	 0000000000000,00
141500202	 0000000000000,00	 0000000000000,00	 0000000000000,00	 0000000000000,00
141500209	 0000000000000,00	 0000000000000,00	 0000000000000,00	 0000000000000,00
141500300	 0000000000000,00	 0000000000000,00	 0000000000000,00	 0000000000000,00
141500301	 0000000000000,00	 0000000000000,00	 0000000000000,00	 0000000000000,00
141500302	 0000000000000,00	 0000000000000,00	 0000000000000,00	 0000000000000,00
141500303	 0000000000000,00	 0000000000000,00	 0000000000000,00	 0000000000000,00
141500304	 0000000000000,00	 0000000000000,00	 0000000000000,00	 0000000000000,00
141500309	 0000000000000,00	 0000000000000,00	 0000000000000,00	 0000000000000,00
141500900	 0000000000000,00	 0000000000000,00	 0000000000000,00	 0000000000000,00
141500901	 0000000000000,00	 0000000000000,00	 0000000000000,00	 0000000000000,00
141500902	 0000000000000,00	 0000000000000,00	 0000000000000,00	 0000000000000,00
141500903	 0000000000000,00	 0000000000000,00	 0000000000000,00	 0000000000000,00
143000000	 0000000000000,00	 0000000000000,00	 0000000000000,00	 0007131808164,00
143100100	 0000000000000,00	 0000000000000,00	 0000000000000,00	 0000000000000,00
143100101	 0000000000000,00	 0000000000000,00	 0000000000000,00	 0000000000000,00
143100102	 0000000000000,00	 0000000000000,00	 0000000000000,00	 0000000000000,00
143100103	 0000000000000,00	 0000000000000,00	 0000000000000,00	 0000000000000,00
143100104	 0000000000000,00	 0000000000000,00	 0000000000000,00	 0000000000000,00
143100105	 0000000000000,00	 0000000000000,00	 0000000000000,00	 0000000000000,00
143100106	 0000000000000,00	 0000000000000,00	 0000000000000,00	 0000000000000,00
143100107	 0000000000000,00	 0000000000000,00	 0000000000000,00	 0000000000000,00
143100190	 0000000000000,00	 0000000000000,00	 0000000000000,00	 0000000000000,00
143150100	 0000000000000,00	 0000000000000,00	 0000000000000,00	 0000000000000,00
143150101	 0000000000000,00	 0000000000000,00	 0000000000000,00	 0000000000000,00
143150102	 0000000000000,00	 0000000000000,00	 0000000000000,00	 0000000000000,00
143150103	 0000000000000,00	 0000000000000,00	 0000000000000,00	 0000000000000,00
143200100	 0000000000000,00	 0000000000000,00	 0000000000000,00	 0007137078035,00
143200101	 0000000000000,00	 0000000000000,00	 0000000000000,00	 0000000000000,00
143200102	 0000000000000,00	 0000000000000,00	 0000000000000,00	 0000000000000,00
143200103	 0000000000000,00	 0000000000000,00	 0000000000000,00	 0000000000000,00
143200104	 0000000000000,00	 0000000000000,00	 0000000000000,00	 0007137078035,00
143200105	 0000000000000,00	 0000000000000,00	 0000000000000,00	 0000000000000,00
143200106	 0000000000000,00	 0000000000000,00	 0000000000000,00	 0000000000000,00
143200107	 0000000000000,00	 0000000000000,00	 0000000000000,00	 0000000000000,00
143200108	 0000000000000,00	 0000000000000,00	 0000000000000,00	 0000000000000,00
143200190	 0000000000000,00	 0000000000000,00	 0000000000000,00	 0000000000000,00
143250100	 0000000000000,00	 0000000000000,00	 0000000000000,00	-0000005269871,00
143250101	 0000000000000,00	 0000000000000,00	 0000000000000,00	-0000005269871,00
143250102	 0000000000000,00	 0000000000000,00	 0000000000000,00	 0000000000000,00
143250103	 0000000000000,00	 0000000000000,00	 0000000000000,00	 0000000000000,00
143300100	 0000000000000,00	 0000000000000,00	 0000000000000,00	 0000000000000,00
143300101	 0000000000000,00	 0000000000000,00	 0000000000000,00	 0000000000000,00
143300102	 0000000000000,00	 0000000000000,00	 0000000000000,00	 0000000000000,00
143300103	 0000000000000,00	 0000000000000,00	 0000000000000,00	 0000000000000,00
143400100	 0000000000000,00	 0000000000000,00	 0000000000000,00	 0000000000000,00
143400101	 0000000000000,00	 0000000000000,00	 0000000000000,00	 0000000000000,00
143400102	 0000000000000,00	 0000000000000,00	 0000000000000,00	 0000000000000,00
143400103	 0000000000000,00	 0000000000000,00	 0000000000000,00	 0000000000000,00
144000000	 9439250235313,00	 17542048099569,00	 0118009479461,00	 5009005982799,00
145000000	 6163461908555,00	 3789059140809,00	 0118009479461,00	 5078354323943,00
145400100	 5511384448797,00	 2707214880606,00	 0000000000000,00	 3712364928230,00
145400101	 5511384230421,00	 2656584838981,00	 0000000000000,00	 3390389749227,00
145400102	 0000000000000,00	 0000000000000,00	 0000000000000,00	 0321975179003,00
145400103	 0000000000000,00	 0044574118721,00	 0000000000000,00	 0000000000000,00
145400104	 0000000218376,00	 0004675782697,00	 0000000000000,00	 0000000000000,00
145400105	 0000000000000,00	 0000532212655,00	 0000000000000,00	 0000000000000,00
145400106	 0000000000000,00	 0000847927552,00	 0000000000000,00	 0000000000000,00
145400200	 0022095797478,00	 0000000000000,00	 0000016928000,00	 1315940920550,00
145400201	 0000000000000,00	 0000000000000,00	 0000000000000,00	 0000000000000,00
145400202	 0022095797478,00	 0000000000000,00	 0000000000000,00	 0894437489105,00
145400203	 0000000000000,00	 0000000000000,00	 0000016808813,00	 0026915862768,00
145400204	 0000000000000,00	 0000000000000,00	 0000000000000,00	 0393883659201,00
145400205	 0000000000000,00	 0000000000000,00	 0000000119187,00	 0000703909476,00
145400290	 0000000000000,00	 0000000000000,00	 0000000000000,00	 0000000000000,00
145400300	 0088987326712,00	 0000000000000,00	 0000000000000,00	 0000000000000,00
145400400	 0010998046204,00	 0000000000000,00	 0000000000000,00	 0000751935138,00
145400401	 0005345949101,00	 0000000000000,00	 0000000000000,00	 0000751935138,00
145400402	 0005652097103,00	 0000000000000,00	 0000000000000,00	 0000000000000,00
145400500	 0133337524077,00	 0077353803489,00	 0000000000000,00	 0049082414307,00
145400501	 0104900339697,00	 0000000000000,00	 0000000000000,00	 0031580456910,00
145400502	 0028437184380,00	 0077353803489,00	 0000000000000,00	 0017501957397,00
145400600	 0394030701445,00	 0319286425156,00	 0117971511779,00	 0000000000000,00
145400601	 0031321254138,00	 0170739827306,00	 0004743917661,00	 0000000000000,00
145400602	 0362709447307,00	 0148546597850,00	 0113227594118,00	 0000000000000,00
145400700	 0000000000000,00	 0684692103671,00	 0000000000000,00	 0000000000000,00
145400701	 0000000000000,00	 0680043396415,00	 0000000000000,00	 0000000000000,00
145400702	 0000000000000,00	 0001550558676,00	 0000000000000,00	 0000000000000,00
145400703	 0000000000000,00	 0003098148580,00	 0000000000000,00	 0000000000000,00
145400900	 0002628063842,00	 0000511927887,00	 0000021039682,00	 0000214125718,00
145400901	 0000000000000,00	 0000000000000,00	 0000000000000,00	 0000000000000,00
145400902	 0002598318741,00	 0000000000000,00	 0000000000000,00	 0000000000000,00
145400990	 0000029745101,00	 0000511927887,00	 0000021039682,00	 0000214125718,00
146000000	 0001271372395,00	 13738176427486,00	 0000000000000,00	 0000000000000,00
146000100	 0000000000000,00	 0083871491660,00	 0000000000000,00	 0000000000000,00
146000200	 0000000000000,00	 0038066475442,00	 0000000000000,00	 0000000000000,00
146000300	 0000000000000,00	 0000000000000,00	 0000000000000,00	 0000000000000,00
146000400	 0001271372395,00	 13498016046360,00	 0000000000000,00	 0000000000000,00
146000401	 0000000000000,00	 0734806361869,00	 0000000000000,00	 0000000000000,00
146000402	 0001271372395,00	 12763209684491,00	 0000000000000,00	 0000000000000,00
146000500	 0000000000000,00	 0039274635438,00	 0000000000000,00	 0000000000000,00
146000900	 0000000000000,00	 0078947778586,00	 0000000000000,00	 0000000000000,00
146000901	 0000000000000,00	 0078947778586,00	 0000000000000,00	 0000000000000,00
146000902	 0000000000000,00	 0000000000000,00	 0000000000000,00	 0000000000000,00
146000903	 0000000000000,00	 0000000000000,00	 0000000000000,00	 0000000000000,00
146000909	 0000000000000,00	 0000000000000,00	 0000000000000,00	 0000000000000,00
148000000	 3807372037611,00	 0014812531274,00	 0000000000000,00	 0017913335170,00
148000100	 1554612029606,00	 0014812531274,00	 0000000000000,00	 0000000000000,00
148000200	 0079036820134,00	 0000000000000,00	 0000000000000,00	 0000000000000,00
148000300	 2173344239573,00	 0000000000000,00	 0000000000000,00	 0017913335170,00
148000301	 1761625485204,00	 0000000000000,00	 0000000000000,00	 0017913335170,00
148000302	 0411718754369,00	 0000000000000,00	 0000000000000,00	 0000000000000,00
148000400	 0000000000000,00	 0000000000000,00	 0000000000000,00	 0000000000000,00
148000900	 0000378948298,00	 0000000000000,00	 0000000000000,00	 0000000000000,00
148000901	 0000375549081,00	 0000000000000,00	 0000000000000,00	 0000000000000,00
148000902	 0000003399217,00	 0000000000000,00	 0000000000000,00	 0000000000000,00
149000000	-0532855083248,00	 0000000000000,00	 0000000000000,00	-0087261676314,00
149500100	-0217082381000,00	 0000000000000,00	 0000000000000,00	-0086826667326,00
149500101	-0039275012059,00	 0000000000000,00	 0000000000000,00	-0043347819120,00
149500102	-0030782355455,00	 0000000000000,00	 0000000000000,00	-0005383331787,00
149500103	-0066080932088,00	 0000000000000,00	 0000000000000,00	-0037930153669,00
149500104	-0023681308680,00	 0000000000000,00	 0000000000000,00	-0000100690863,00
149500105	-0040905823543,00	 0000000000000,00	 0000000000000,00	-0000064671887,00
149500109	-0016356949175,00	 0000000000000,00	 0000000000000,00	 0000000000000,00
149600100	-0040920595608,00	 0000000000000,00	 0000000000000,00	 0000000000000,00
149600101	-0027851656421,00	 0000000000000,00	 0000000000000,00	 0000000000000,00
149600102	-0013068939187,00	 0000000000000,00	 0000000000000,00	 0000000000000,00
149700100	-0274852106640,00	 0000000000000,00	 0000000000000,00	-0000435008988,00
149700101	-0157339642967,00	 0000000000000,00	 0000000000000,00	-0000372073458,00
149700102	-0117512463673,00	 0000000000000,00	 0000000000000,00	-0000062935530,00
150000000	 0027723750680,00	 0000000000000,00	 0000000000000,00	 0000009760097,00
150000100	 0000000000000,00	 0000000000000,00	 0000000000000,00	 0000000000000,00
150000200	 0000000000000,00	 0000000000000,00	 0000000000000,00	 0000000000000,00
150000201	 0000000000000,00	 0000000000000,00	 0000000000000,00	 0000000000000,00
150000202	 0000000000000,00	 0000000000000,00	 0000000000000,00	 0000000000000,00
150000300	 0020386028618,00	 0000000000000,00	 0000000000000,00	 0000000000000,00
150000400	 0000000000000,00	 0000000000000,00	 0000000000000,00	 0000000000000,00
150000500	 0000000000000,00	 0000000000000,00	 0000000000000,00	 0000000000000,00
150000600	 0000000000000,00	 0000000000000,00	 0000000000000,00	 0000000000000,00
150000700	 0007307658593,00	 0000000000000,00	 0000000000000,00	 0000000000000,00
150000800	 0000030063469,00	 0000000000000,00	 0000000000000,00	 0000009760097,00
160000000	 0238395657942,00	 0000000000000,00	 0000000000000,00	 0000000000000,00
160000100	 0000000000000,00	 0000000000000,00	 0000000000000,00	 0000000000000,00
160000200	 0066136596395,00	 0000000000000,00	 0000000000000,00	 0000000000000,00
160000201	 0000000000000,00	 0000000000000,00	 0000000000000,00	 0000000000000,00
160000202	 0138425434255,00	 0000000000000,00	 0000000000000,00	 0000000000000,00
160000203	 0000000000000,00	 0000000000000,00	 0000000000000,00	 0000000000000,00
160000204	 0000000000000,00	 0000000000000,00	 0000000000000,00	 0000000000000,00
160000205	 0000000000000,00	 0000000000000,00	 0000000000000,00	 0000000000000,00
160000206	 0000000000000,00	 0000000000000,00	 0000000000000,00	 0000000000000,00
160000207	 0000000000000,00	 0000000000000,00	 0000000000000,00	 0000000000000,00
160000208	 0000000000000,00	 0000000000000,00	 0000000000000,00	 0000000000000,00
160000209	 0000000000000,00	 0000000000000,00	 0000000000000,00	 0000000000000,00
160000219	-0072288837860,00	 0000000000000,00	 0000000000000,00	 0000000000000,00
160000300	 0172259061547,00	 0000000000000,00	 0000000000000,00	 0000000000000,00
160000301	 0017907626147,00	 0000000000000,00	 0000000000000,00	 0000000000000,00
160000302	 0238825131606,00	 0000000000000,00	 0000000000000,00	 0000000000000,00
160000303	 0000000000000,00	 0000000000000,00	 0000000000000,00	 0000000000000,00
160000309	 0000000000000,00	 0000000000000,00	 0000000000000,00	 0000000000000,00
160000319	-0084473696206,00	 0000000000000,00	 0000000000000,00	 0000000000000,00
170000000	 0089189100122,00	 0000000000000,00	 0000000000000,00	 0000000000000,00
170000100	 0050009532638,00	 0000000000000,00	 0000000000000,00	 0000000000000,00
170000101	 0059025974544,00	 0000000000000,00	 0000000000000,00	 0000000000000,00
170000102	 0009852891161,00	 0000000000000,00	 0000000000000,00	 0000000000000,00
170000119	-0018869333067,00	 0000000000000,00	 0000000000000,00	 0000000000000,00
170000200	 0039179567484,00	 0000000000000,00	 0000000000000,00	 0000000000000,00
170000201	 0127336533415,00	 0000000000000,00	 0000000000000,00	 0000000000000,00
170000209	 0021604710447,00	 0000000000000,00	 0000000000000,00	 0000000000000,00
170000219	-0109761676378,00	 0000000000000,00	 0000000000000,00	 0000000000000,00
175000000	 0173894102588,00	 0000000000000,00	 0000000000000,00	 0000000000000,00
175000100	 0152872281754,00	 0000000000000,00	 0000000000000,00	 0000000000000,00
175000101	 0196367448704,00	 0000000000000,00	 0000000000000,00	 0000000000000,00
175000102	 0000000000000,00	 0000000000000,00	 0000000000000,00	 0000000000000,00
175000119	-0043495166950,00	 0000000000000,00	 0000000000000,00	 0000000000000,00
175000200	 0021021820834,00	 0000000000000,00	 0000000000000,00	 0000000000000,00
175000201	 0042458877056,00	 0000000000000,00	 0000000000000,00	 0000000000000,00
175000219	-0021437056222,00	 0000000000000,00	 0000000000000,00	 0000000000000,00
175000300	 0000000000000,00	 0000000000000,00	 0000000000000,00	 0000000000000,00
175000301	 0000000000000,00	 0000000000000,00	 0000000000000,00	 0000000000000,00
175000309	 0000000000000,00	 0000000000000,00	 0000000000000,00	 0000000000000,00
175000319	 0000000000000,00	 0000000000000,00	 0000000000000,00	 0000000000000,00
175000400	 0000000000000,00	 0000000000000,00	 0000000000000,00	 0000000000000,00
175000401	 0000000000000,00	 0000000000000,00	 0000000000000,00	 0000000000000,00
175000409	 0000000000000,00	 0000000000000,00	 0000000000000,00	 0000000000000,00
175000419	 0000000000000,00	 0000000000000,00	 0000000000000,00	 0000000000000,00
180000000	 0009251443160,00	 0052139561965,00	 0000000000000,00	 0000000000000,00
185000000	 0347303970915,00	 0000000000000,00	 0000000000000,00	 0000000000000,00
190000000	 0342533713598,00	 0022061700135,00	 0000000000000,00	 0446647175513,00
190000100	 0006682138145,00	 0000000000000,00	 0000000000000,00	 0000000000000,00
190000101	 0006682138145,00	 0000000000000,00	 0000000000000,00	 0000000000000,00
190000102	 0000000000000,00	 0000000000000,00	 0000000000000,00	 0000000000000,00
190000103	 0000000000000,00	 0000000000000,00	 0000000000000,00	 0000000000000,00
190000200	 0177969271199,00	 0000000000000,00	 0000000000000,00	 0414213777607,00
190000201	 0080201254507,00	 0000000000000,00	 0000000000000,00	 0000000000000,00
190000202	 0000000000000,00	 0000000000000,00	 0000000000000,00	 0000950842187,00
190000203	 0097768016692,00	 0000000000000,00	 0000000000000,00	 0362586317820,00
190000204	 0000000000000,00	 0000000000000,00	 0000000000000,00	 0050676617600,00
190000300	 0000000000000,00	 0000000000000,00	 0000000000000,00	 0000000000000,00
190000301	 0000000000000,00	 0000000000000,00	 0000000000000,00	 0000000000000,00
190000302	 0000000000000,00	 0000000000000,00	 0000000000000,00	 0000000000000,00
190000303	 0000000000000,00	 0000000000000,00	 0000000000000,00	 0000000000000,00
190000400	 0000000000000,00	 0000000000000,00	 0000000000000,00	 0000000000000,00
190000401	 0000000000000,00	 0000000000000,00	 0000000000000,00	 0000000000000,00
190000402	 0000000000000,00	 0000000000000,00	 0000000000000,00	 0000000000000,00
190000500	 0126149876880,00	 0002831450912,00	 0000000000000,00	 0000042272864,00
190000501	 0000000000000,00	 0000000000000,00	 0000000000000,00	 0000000000000,00
190000502	 0000000000000,00	 0000000000000,00	 0000000000000,00	 0000000000000,00
190000503	 0027468410818,00	 0001602193377,00	 0000000000000,00	 0000000000000,00
190000504	 0000726916864,00	 0000044338562,00	 0000000000000,00	 0000000000000,00
190000505	 0002858009540,00	 0000585425710,00	 0000000000000,00	 0000000000000,00
190000509	 0095096539658,00	 0000599493263,00	 0000000000000,00	 0000042272864,00
190000600	 0000000000000,00	 0000000000000,00	 0000000000000,00	 0000000000000,00
190000700	 0000000000000,00	 0000000000000,00	 0000000000000,00	 0000000000000,00
190000701	 0000000000000,00	 0000000000000,00	 0000000000000,00	 0000000000000,00
190000702	 0000000000000,00	 0000000000000,00	 0000000000000,00	 0000000000000,00
190000800	 0007795447005,00	 0000000000000,00	 0000000000000,00	 0000000000000,00
190000900	 0014050923986,00	 0000000000000,00	 0000000000000,00	 0000496681612,00
190001000	 0000000000000,00	 0000000000000,00	 0000000000000,00	 0000000000000,00
190001100	 0000000000000,00	 0000000000000,00	 0000000000000,00	 0000000000000,00
190001200	 0000722128661,00	 0000000000000,00	 0000000000000,00	 0000618182489,00
190001300	 0000000000000,00	 0000000000000,00	 0000000000000,00	 0000000000000,00
190001400	 0000974033640,00	 0003729757785,00	 0000000000000,00	 0000000000000,00
190001500	 0003397886587,00	 0000000000000,00	 0000000000000,00	 0000826260941,00
190002900	 0004792007495,00	 0015500491438,00	 0000000000000,00	 0030450000000,00
192500100	 0000000000000,00	 0000000000000,00	 0000000000000,00	 0000000000000,00
192500101	 0000000000000,00	 0000000000000,00	 0000000000000,00	 0000000000000,00
192500102	 0000000000000,00	 0000000000000,00	 0000000000000,00	 0000000000000,00
192500103	 0000000000000,00	 0000000000000,00	 0000000000000,00	 0000000000000,00
195000000	 0015131107742,00	 0000000000000,00	 0000000000000,00	 0000000000000,00
195000100	 0012607621697,00	 0000000000000,00	 0000000000000,00	 0000000000000,00
195000101	 0000261200000,00	 0000000000000,00	 0000000000000,00	 0000000000000,00
195000102	 0012350443697,00	 0000000000000,00	 0000000000000,00	 0000000000000,00
195000103	-0000004022000,00	 0000000000000,00	 0000000000000,00	 0000000000000,00
195000200	 0002523486045,00	 0000000000000,00	 0000000000000,00	 0000000000000,00
195000201	 0000000000000,00	 0000000000000,00	 0000000000000,00	 0000000000000,00
195000202	 0000000000000,00	 0000000000000,00	 0000000000000,00	 0000000000000,00
195000203	 0002028548033,00	 0000000000000,00	 0000000000000,00	 0000000000000,00
195000204	 0000494938012,00	 0000000000000,00	 0000000000000,00	 0000000000000,00
195000219	 0000000000000,00	 0000000000000,00	 0000000000000,00	 0000000000000,00
195000300	 0000000000000,00	 0000000000000,00	 0000000000000,00	 0000000000000,00
200000000	 25468475177534,00	 8946984142601,00	 0000000000000,00	 8587832748498,00
207000000	 0643459111234,00	 0000000000000,00	 0000000000000,00	 0325354418320,00
207000100	 0000000000000,00	 0000000000000,00	 0000000000000,00	 0000000000000,00
207000101	 0000000000000,00	 0000000000000,00	 0000000000000,00	 0000000000000,00
207000102	 0000000000000,00	 0000000000000,00	 0000000000000,00	 0000000000000,00
207000200	 0026312922511,00	 0000000000000,00	 0000000000000,00	 0000000000000,00
207000300	 0617146188723,00	 0000000000000,00	 0000000000000,00	 0325354418320,00
207000301	 0352754258696,00	 0000000000000,00	 0000000000000,00	 0000000000000,00
207000309	 0208522726965,00	 0000000000000,00	 0000000000000,00	 0277075826608,00
207000311	 0023423897344,00	 0000000000000,00	 0000000000000,00	 0019225980003,00
207000319	 0032445305718,00	 0000000000000,00	 0000000000000,00	 0029052611709,00
210000000	 6074774432155,00	 0000000000000,00	 0000000000000,00	 0000000000000,00
211000100	 6074774432155,00	 0000000000000,00	 0000000000000,00	 0000000000000,00
211000101	 1571520738845,00	 0000000000000,00	 0000000000000,00	 0000000000000,00
211000102	 4503206104424,00	 0000000000000,00	 0000000000000,00	 0000000000000,00
211000103	 0000047588886,00	 0000000000000,00	 0000000000000,00	 0000000000000,00
211000104	 0000000000000,00	 0000000000000,00	 0000000000000,00	 0000000000000,00
211000105	 0000000000000,00	 0000000000000,00	 0000000000000,00	 0000000000000,00
211000190	 0000000000000,00	 0000000000000,00	 0000000000000,00	 0000000000000,00
213000100	 0000000000000,00	 0000000000000,00	 0000000000000,00	 0000000000000,00
213000101	 0000000000000,00	 0000000000000,00	 0000000000000,00	 0000000000000,00
213000102	 0000000000000,00	 0000000000000,00	 0000000000000,00	 0000000000000,00
213000103	 0000000000000,00	 0000000000000,00	 0000000000000,00	 0000000000000,00
213000109	 0000000000000,00	 0000000000000,00	 0000000000000,00	 0000000000000,00
218000000	 0000000000000,00	 0000000000000,00	 0000000000000,00	 0000000000000,00
218000001	 0000000000000,00	 0000000000000,00	 0000000000000,00	 0000000000000,00
218000002	 0000000000000,00	 0000000000000,00	 0000000000000,00	 0000000000000,00
218000003	 0000000000000,00	 0000000000000,00	 0000000000000,00	 0000000000000,00
218000009	 0000000000000,00	 0000000000000,00	 0000000000000,00	 0000000000000,00
230000000	 1600831980286,00	 0000000000000,00	 0000000000000,00	 0000000000000,00
230000100	 1600831980286,00	 0000000000000,00	 0000000000000,00	 0000000000000,00
230000101	 0006853911698,00	 0000000000000,00	 0000000000000,00	 0000000000000,00
230000102	 1593978068588,00	 0000000000000,00	 0000000000000,00	 0000000000000,00
230000103	 0000000000000,00	 0000000000000,00	 0000000000000,00	 0000000000000,00
230000104	 0000000000000,00	 0000000000000,00	 0000000000000,00	 0000000000000,00
230000105	 0000000000000,00	 0000000000000,00	 0000000000000,00	 0000000000000,00
230000190	 0000000000000,00	 0000000000000,00	 0000000000000,00	 0000000000000,00
240000000	 16499535456931,00	 7747393404001,00	 0000000000000,00	 7313565427138,00
241000000	 4039832951002,00	 0124799123711,00	 0000000000000,00	 0582695975691,00
241000100	 3237671779123,00	 0000000000000,00	 0000000000000,00	 0478004099582,00
241000101	 0000010000000,00	 0000000000000,00	 0000000000000,00	 0000101305184,00
241000102	 0000000000000,00	 0000000000000,00	 0000000000000,00	 0000000000000,00
241000103	 2237983813660,00	 0000000000000,00	 0000000000000,00	 0391609119911,00
241000104	 0999677965463,00	 0000000000000,00	 0000000000000,00	 0086293674487,00
241000200	 0347950870491,00	 0000000000000,00	 0000000000000,00	 0000000000000,00
241000201	 0159549461046,00	 0000000000000,00	 0000000000000,00	 0000000000000,00
241000202	 0188401409445,00	 0000000000000,00	 0000000000000,00	 0000000000000,00
241000300	 0116588657141,00	 0000000000000,00	 0000000000000,00	 0000000000000,00
241000301	 0116588657141,00	 0000000000000,00	 0000000000000,00	 0000000000000,00
241000400	 0000000000000,00	 0000000000000,00	 0000000000000,00	 0000000000000,00
241000401	 0000000000000,00	 0000000000000,00	 0000000000000,00	 0000000000000,00
241000402	 0000000000000,00	 0000000000000,00	 0000000000000,00	 0000000000000,00
241000500	 0337621644247,00	 0124799123711,00	 0000000000000,00	 0104691876109,00
241000501	 0000000000000,00	 0000000000000,00	 0000000000000,00	 0000000000000,00
241000502	 0000000000000,00	 0000000000000,00	 0000000000000,00	 0000000000000,00
241000503	 0000226724313,00	 0000000000000,00	 0000000000000,00	 0000000000000,00
241000504	 0000000000000,00	 0000000000000,00	 0000000000000,00	 0000000000000,00
241000505	 0013307326373,00	 0020404103032,00	 0000000000000,00	 0012731852648,00
241000506	 0049722754762,00	 0006243402603,00	 0000000000000,00	 0000000000000,00
241000507	 0000002635049,00	 0000000000000,00	 0000000000000,00	 0020593410038,00
241000508	 0000000000000,00	 0000000000000,00	 0000000000000,00	 0000000000000,00
241000509	 0002884688674,00	 0000371919563,00	 0000000000000,00	 0000000000000,00
241000510	 0018963159577,00	 0000000000000,00	 0000000000000,00	 0001585938025,00
241000511	 0005067220895,00	 0000326523279,00	 0000000000000,00	 0000796001016,00
241000512	 0000000000000,00	 0000000000000,00	 0000000000000,00	 0000000000000,00
241000513	 0000000000000,00	 0000000000000,00	 0000000000000,00	 0000000000000,00
241000590	 0247447134604,00	 0097453175234,00	 0000000000000,00	 0068984674382,00
242000000	 8901022573963,00	 0668496992020,00	 0000000000000,00	 4028085902461,00
242000100	 8901022573963,00	 0563593999661,00	 0000000000000,00	 4028085902461,00
242000200	 0000000000000,00	 0104902992359,00	 0000000000000,00	 0000000000000,00
242000201	 0000000000000,00	 0082036013554,00	 0000000000000,00	 0000000000000,00
242000202	 0000000000000,00	 0022866978805,00	 0000000000000,00	 0000000000000,00
242000300	 0000000000000,00	 0000000000000,00	 0000000000000,00	 0000000000000,00
242000301	 0000000000000,00	 0000000000000,00	 0000000000000,00	 0000000000000,00
242000302	 0000000000000,00	 0000000000000,00	 0000000000000,00	 0000000000000,00
242000390	 0000000000000,00	 0000000000000,00	 0000000000000,00	 0000000000000,00
243000000	 0107346042303,00	 0000000000000,00	 0000000000000,00	 0000000000000,00
243000100	 0000000000000,00	 0000000000000,00	 0000000000000,00	 0000000000000,00
243000101	 0000000000000,00	 0000000000000,00	 0000000000000,00	 0000000000000,00
243000102	 0000000000000,00	 0000000000000,00	 0000000000000,00	 0000000000000,00
243000103	 0000000000000,00	 0000000000000,00	 0000000000000,00	 0000000000000,00
243000200	 0000000000000,00	 0000000000000,00	 0000000000000,00	 0000000000000,00
243000201	 0000000000000,00	 0000000000000,00	 0000000000000,00	 0000000000000,00
243000202	 0000000000000,00	 0000000000000,00	 0000000000000,00	 0000000000000,00
243000203	 0000000000000,00	 0000000000000,00	 0000000000000,00	 0000000000000,00
243000300	 0107346042303,00	 0000000000000,00	 0000000000000,00	 0000000000000,00
243000301	 0107320882303,00	 0000000000000,00	 0000000000000,00	 0000000000000,00
243000302	 0000025160000,00	 0000000000000,00	 0000000000000,00	 0000000000000,00
243000400	 0000000000000,00	 0000000000000,00	 0000000000000,00	 0000000000000,00
243000401	 0000000000000,00	 0000000000000,00	 0000000000000,00	 0000000000000,00
243000402	 0000000000000,00	 0000000000000,00	 0000000000000,00	 0000000000000,00
244000000	 3030025599853,00	 0000000000000,00	 0000000000000,00	 2119310891085,00
244250000	 0000000000003,00	 0000000000000,00	 0000000000000,00	 0000000000000,00
244250100	 0000000000000,00	 0000000000000,00	 0000000000000,00	 0000000000000,00
244250101	 0000000000000,00	 0000000000000,00	 0000000000000,00	 0000000000000,00
244250102	 0000000000000,00	 0000000000000,00	 0000000000000,00	 0000000000000,00
244250103	 0000000000000,00	 0000000000000,00	 0000000000000,00	 0000000000000,00
244250200	 0000000000003,00	 0000000000000,00	 0000000000000,00	 0000000000000,00
244250201	 0000000000002,00	 0000000000000,00	 0000000000000,00	 0000000000000,00
244250202	 0000000000000,00	 0000000000000,00	 0000000000000,00	 0000000000000,00
244250203	 0000000000001,00	 0000000000000,00	 0000000000000,00	 0000000000000,00
244250204	 0000000000000,00	 0000000000000,00	 0000000000000,00	 0000000000000,00
244250209	 0000000000000,00	 0000000000000,00	 0000000000000,00	 0000000000000,00
244500000	 0000000000000,00	 0000000000000,00	 0000000000000,00	 2119310891085,00
244500100	 0000000000000,00	 0000000000000,00	 0000000000000,00	 1266013630152,00
244500101	 0000000000000,00	 0000000000000,00	 0000000000000,00	 0780557493824,00
244500102	 0000000000000,00	 0000000000000,00	 0000000000000,00	 0485456136328,00
244500103	 0000000000000,00	 0000000000000,00	 0000000000000,00	 0000000000000,00
244500200	 0000000000000,00	 0000000000000,00	 0000000000000,00	 0853297260933,00
244500201	 0000000000000,00	 0000000000000,00	 0000000000000,00	 0000000000000,00
244500202	 0000000000000,00	 0000000000000,00	 0000000000000,00	 0000000000000,00
244500203	 0000000000000,00	 0000000000000,00	 0000000000000,00	 0000382911392,00
244500204	 0000000000000,00	 0000000000000,00	 0000000000000,00	 0000000000000,00
244500209	 0000000000000,00	 0000000000000,00	 0000000000000,00	 0852914349541,00
244700000	 3030025599850,00	 0000000000000,00	 0000000000000,00	 0000000000000,00
244700100	 3030025599850,00	 0000000000000,00	 0000000000000,00	 0000000000000,00
244700200	 0000000000000,00	 0000000000000,00	 0000000000000,00	 0000000000000,00
244900000	 0000000000000,00	 0000000000000,00	 0000000000000,00	 0000000000000,00
244900100	 0000000000000,00	 0000000000000,00	 0000000000000,00	 0000000000000,00
244900200	 0000000000000,00	 0000000000000,00	 0000000000000,00	 0000000000000,00
245000000	 0325781971053,00	 6954097288270,00	 0000000000000,00	 0553297166149,00
245000100	 0000000000000,00	 0096711277607,00	 0000000000000,00	 0000000000000,00
245000101	 0000000000000,00	 0091105020576,00	 0000000000000,00	 0000000000000,00
245000102	 0000000000000,00	 0005606257031,00	 0000000000000,00	 0000000000000,00
245000200	 0325781971053,00	 6857386010663,00	 0000000000000,00	 0553297166149,00
245000201	 0325781971053,00	 6857386010663,00	 0000000000000,00	 0553297166149,00
245000203	 0000000000000,00	 0000000000000,00	 0000000000000,00	 0000000000000,00
246000000	 0095526318757,00	 0000000000000,00	 0000000000000,00	 0030175491752,00
246000100	 0000000000000,00	 0000000000000,00	 0000000000000,00	 0000000000000,00
246000101	 0000000000000,00	 0000000000000,00	 0000000000000,00	 0000000000000,00
246000102	 0000000000000,00	 0000000000000,00	 0000000000000,00	 0000000000000,00
246000200	 0095526318757,00	 0000000000000,00	 0000000000000,00	 0003071477769,00
246000201	 0001007811949,00	 0000000000000,00	 0000000000000,00	 0000000000000,00
246000202	 0000000000000,00	 0000000000000,00	 0000000000000,00	 0000000000000,00
246000203	 0000000000000,00	 0000000000000,00	 0000000000000,00	 0000000000000,00
246000204	 0094518348847,00	 0000000000000,00	 0000000000000,00	 0000953486325,00
246000205	 0000000157961,00	 0000000000000,00	 0000000000000,00	 0000000000000,00
246000206	 0000000000000,00	 0000000000000,00	 0000000000000,00	 0000000000000,00
246000207	 0000000000000,00	 0000000000000,00	 0000000000000,00	 0000000000000,00
246000208	 0000000000000,00	 0000000000000,00	 0000000000000,00	 0002117991444,00
246000290	 0000000000000,00	 0000000000000,00	 0000000000000,00	 0000000000000,00
246000300	 0000000000000,00	 0000000000000,00	 0000000000000,00	 0027104013983,00
246000301	 0000000000000,00	 0000000000000,00	 0000000000000,00	 0000000000000,00
246000302	 0000000000000,00	 0000000000000,00	 0000000000000,00	 0000000000000,00
246000303	 0000000000000,00	 0000000000000,00	 0000000000000,00	 0000000000000,00
246000304	 0000000000000,00	 0000000000000,00	 0000000000000,00	 0027104013983,00
246000305	 0000000000000,00	 0000000000000,00	 0000000000000,00	 0000000000000,00
246000390	 0000000000000,00	 0000000000000,00	 0000000000000,00	 0000000000000,00
250000000	 0000010815040,00	 0160361723095,00	 0000000000000,00	 0000000000000,00
255000000	 0000000000000,00	 1004342711459,00	 0000000000000,00	 0000000000000,00
255000100	 0000000000000,00	 1004342711459,00	 0000000000000,00	 0000000000000,00
255000101	 0000000000000,00	 0000000000000,00	 0000000000000,00	 0000000000000,00
255000102	 0000000000000,00	 1004342711459,00	 0000000000000,00	 0000000000000,00
255000200	 0000000000000,00	 0000000000000,00	 0000000000000,00	 0000000000000,00
255000300	 0000000000000,00	 0000000000000,00	 0000000000000,00	 0000000000000,00
260000000	 0052662196452,00	 0000000000000,00	 0000000000000,00	 0000673290045,00
260000100	 0033947626124,00	 0000000000000,00	 0000000000000,00	 0000109260162,00
260000101	 0031053185066,00	 0000000000000,00	 0000000000000,00	 0000109260162,00
260000102	 0000000000000,00	 0000000000000,00	 0000000000000,00	 0000000000000,00
260000103	 0002069152816,00	 0000000000000,00	 0000000000000,00	 0000000000000,00
260000104	 0000825288242,00	 0000000000000,00	 0000000000000,00	 0000000000000,00
260000105	 0000000000000,00	 0000000000000,00	 0000000000000,00	 0000000000000,00
260000106	 0000000000000,00	 0000000000000,00	 0000000000000,00	 0000000000000,00
260000107	 0000000000000,00	 0000000000000,00	 0000000000000,00	 0000000000000,00
260000109	 0000000000000,00	 0000000000000,00	 0000000000000,00	 0000000000000,00
260000200	 0000000000000,00	 0000000000000,00	 0000000000000,00	 0000000000000,00
260000300	 0000000000000,00	 0000000000000,00	 0000000000000,00	 0000000000000,00
260000400	 0012043332509,00	 0000000000000,00	 0000000000000,00	 0000000000000,00
260000500	 0000000000000,00	 0000000000000,00	 0000000000000,00	 0000000000000,00
260000600	 0001029510776,00	 0000000000000,00	 0000000000000,00	 0000000000000,00
260000900	 0005641727043,00	 0000000000000,00	 0000000000000,00	 0000564029883,00
265000000	 0160069742653,00	 0000000000000,00	 0000000000000,00	 0000000000000,00
265000100	 0160069742653,00	 0000000000000,00	 0000000000000,00	 0000000000000,00
265000101	 0160069742653,00	 0000000000000,00	 0000000000000,00	 0000000000000,00
265000102	 0000000000000,00	 0000000000000,00	 0000000000000,00	 0000000000000,00
265000200	 0000000000000,00	 0000000000000,00	 0000000000000,00	 0000000000000,00
265000300	 0000000000000,00	 0000000000000,00	 0000000000000,00	 0000000000000,00
270000000	 0183186514654,00	 0000000000000,00	 0000000000000,00	 0009090858716,00
271000000	 0016571624478,00	 0000000000000,00	 0000000000000,00	 0009090858716,00
271000100	 0000223007322,00	 0000000000000,00	 0000000000000,00	 0001214309346,00
271000200	 0000000000000,00	 0000000000000,00	 0000000000000,00	 0000245648610,00
271000400	 0008529744649,00	 0000000000000,00	 0000000000000,00	 0000468894004,00
271000500	 0000000000000,00	 0000000000000,00	 0000000000000,00	 0000000000000,00
271000501	 0000000000000,00	 0000000000000,00	 0000000000000,00	 0000000000000,00
271000502	 0000000000000,00	 0000000000000,00	 0000000000000,00	 0000000000000,00
271000503	 0000000000000,00	 0000000000000,00	 0000000000000,00	 0000000000000,00
271000504	 0000000000000,00	 0000000000000,00	 0000000000000,00	 0000000000000,00
271000505	 0000000000000,00	 0000000000000,00	 0000000000000,00	 0000000000000,00
271000600	 0000088609402,00	 0000000000000,00	 0000000000000,00	 0000611188370,00
271000601	 0000051688737,00	 0000000000000,00	 0000000000000,00	 0000000000000,00
271000602	 0000036920665,00	 0000000000000,00	 0000000000000,00	 0000611188370,00
271000700	 0007730263105,00	 0000000000000,00	 0000000000000,00	 0006550818386,00
271000701	 0000495031190,00	 0000000000000,00	 0000000000000,00	 0000000000000,00
271000702	 0000190428525,00	 0000000000000,00	 0000000000000,00	 0000279004508,00
271000703	 0000337166711,00	 0000000000000,00	 0000000000000,00	 0000000000000,00
271000704	 0006707636679,00	 0000000000000,00	 0000000000000,00	 0006271813878,00
271000705	 0000000000000,00	 0000000000000,00	 0000000000000,00	 0000000000000,00
271000800	 0000000000000,00	 0000000000000,00	 0000000000000,00	 0000000000000,00
271000900	 0000000000000,00	 0000000000000,00	 0000000000000,00	 0000000000000,00
272000000	 0002366267769,00	 0000000000000,00	 0000000000000,00	 0000000000000,00
273000000	 0000000000000,00	 0000000000000,00	 0000000000000,00	 0000000000000,00
274000000	 0164248622407,00	 0000000000000,00	 0000000000000,00	 0000000000000,00
274000100	 0087714701792,00	 0000000000000,00	 0000000000000,00	 0000000000000,00
274000200	 0023561886845,00	 0000000000000,00	 0000000000000,00	 0000000000000,00
274000300	 0052972033770,00	 0000000000000,00	 0000000000000,00	 0000000000000,00
275000000	 0000000000000,00	 0000000000000,00	 0000000000000,00	 0000000000000,00
275000100	 0000000000000,00	 0000000000000,00	 0000000000000,00	 0000000000000,00
275000200	 0000000000000,00	 0000000000000,00	 0000000000000,00	 0000000000000,00
275000300	 0000000000000,00	 0000000000000,00	 0000000000000,00	 0000000000000,00
275000400	 0000000000000,00	 0000000000000,00	 0000000000000,00	 0000000000000,00
275000500	 0000000000000,00	 0000000000000,00	 0000000000000,00	 0000000000000,00
275000600	 0000000000000,00	 0000000000000,00	 0000000000000,00	 0000000000000,00
279000000	 0000000000000,00	 0000000000000,00	 0000000000000,00	 0000000000000,00
279000100	 0000000000000,00	 0000000000000,00	 0000000000000,00	 0000000000000,00
279000200	 0000000000000,00	 0000000000000,00	 0000000000000,00	 0000000000000,00
279000300	 0000000000000,00	 0000000000000,00	 0000000000000,00	 0000000000000,00
280000000	 0002428184164,00	 0000000000000,00	 0000000000000,00	 0000000000000,00
285000000	 0000438977179,00	 0000000000000,00	 0000000000000,00	 0000000000000,00
290000000	 0251077766786,00	 0034886304046,00	 0000000000000,00	 0939148754279,00
290000100	 0064707363609,00	 0000000000000,00	 0000000000000,00	 0914952019289,00
290000101	 0064294488815,00	 0000000000000,00	 0000000000000,00	 0000000000000,00
290000102	 0000000000000,00	 0000000000000,00	 0000000000000,00	 0000000000000,00
290000103	 0000412874794,00	 0000000000000,00	 0000000000000,00	 0213188822833,00
290000104	 0000000000000,00	 0000000000000,00	 0000000000000,00	 0701763196456,00
290000200	 0000000000000,00	 0000000000000,00	 0000000000000,00	 0000000000000,00
290000201	 0000000000000,00	 0000000000000,00	 0000000000000,00	 0000000000000,00
290000202	 0000000000000,00	 0000000000000,00	 0000000000000,00	 0000000000000,00
290000203	 0000000000000,00	 0000000000000,00	 0000000000000,00	 0000000000000,00
290000300	 0099561811690,00	 0031391180737,00	 0000000000000,00	 0022467404111,00
290000301	 0000015024178,00	 0000000000000,00	 0000000000000,00	 0000000000000,00
290000302	 0006064742706,00	 0000000000000,00	 0000000000000,00	 0000000000000,00
290000303	 0000000000000,00	 0000000000000,00	 0000000000000,00	 0000000000000,00
290000304	 0000000000000,00	 0000000000000,00	 0000000000000,00	 0000000000000,00
290000305	 0005767767461,00	 0000000000000,00	 0000000000000,00	 0000941316600,00
290000306	 0000000000000,00	 0000000000000,00	 0000000000000,00	 0000000000000,00
290000307	 0003216288187,00	 0007761106910,00	 0000000000000,00	 0000000000000,00
290000308	 0024235325226,00	 0000000000000,00	 0000000000000,00	 0008715783947,00
290000309	 0000000000000,00	 0023630073827,00	 0000000000000,00	 0000000000000,00
290000390	 0060262663932,00	 0000000000000,00	 0000000000000,00	 0012810303564,00
290000400	 0000000000000,00	 0000000000000,00	 0000000000000,00	 0000000000000,00
290000500	 0000268341125,00	 0000000000000,00	 0000000000000,00	 0000000000000,00
290000501	 0000268341125,00	 0000000000000,00	 0000000000000,00	 0000000000000,00
290000502	 0000000000000,00	 0000000000000,00	 0000000000000,00	 0000000000000,00
290000700	 0000000000000,00	 0000000000000,00	 0000000000000,00	 0000000000000,00
290000800	 0074683718711,00	 0000000000000,00	 0000000000000,00	 0001357428053,00
290000801	 0005395435789,00	 0000000000000,00	 0000000000000,00	 0000000000000,00
290000802	 0004518728967,00	 0000000000000,00	 0000000000000,00	 0000000000000,00
290000803	 0000326222390,00	 0000000000000,00	 0000000000000,00	 0000000000000,00
290000809	 0064443331565,00	 0000000000000,00	 0000000000000,00	 0001357428053,00
290000900	 0009410550624,00	 0000000000000,00	 0000000000000,00	 0000001492111,00
290001000	 0000015699185,00	 0000000000000,00	 0000000000000,00	 0000000000000,00
290001100	 0002366550567,00	 0000000000000,00	 0000000000000,00	 0000370410715,00
290001200	 0000063731275,00	 0003495123309,00	 0000000000000,00	 0000000000000,00
295000000	 0000000000000,00	 0000000000000,00	 0000000000000,00	 0000000000000,00
300000000	 2984666481192,00	 0170593931016,00	 0060082542370,00	-0011204308708,00
310000000	 1368420781778,00	 0000000000000,00	 0000000000000,00	 0000000000000,00
311000000	 1246705580825,00	 0000000000000,00	 0000000000000,00	 0000000000000,00
311000100	 1246705580825,00	 0000000000000,00	 0000000000000,00	 0000000000000,00
311000200	 0000000000000,00	 0000000000000,00	 0000000000000,00	 0000000000000,00
311000300	 0000000000000,00	 0000000000000,00	 0000000000000,00	 0000000000000,00
311000400	 0000000000000,00	 0000000000000,00	 0000000000000,00	 0000000000000,00
311000500	 0000000000000,00	 0000000000000,00	 0000000000000,00	 0000000000000,00
311000600	 0000000000000,00	 0000000000000,00	 0000000000000,00	 0000000000000,00
312000000	 0121715200953,00	 0000000000000,00	 0000000000000,00	 0000000000000,00
313000000	 0000000000000,00	 0000000000000,00	 0000000000000,00	 0000000000000,00
320000000	 0381405186201,00	 0000000000000,00	 0000000000000,00	 0000000000000,00
320000100	 0017019032042,00	 0000000000000,00	 0000000000000,00	 0000000000000,00
320000200	 0364386154159,00	 0000000000000,00	 0000000000000,00	 0000000000000,00
320000300	 0000000000000,00	 0000000000000,00	 0000000000000,00	 0000000000000,00
320000400	 0000000000000,00	 0000000000000,00	 0000000000000,00	 0000000000000,00
330000000	-0153097562792,00	 0000128831947,00	 0000000000000,00	-0002496859090,00
331000000	 0002572134301,00	 0000000000000,00	 0000000000000,00	 0000000000000,00
331000100	-0000012816000,00	 0000000000000,00	 0000000000000,00	 0000000000000,00
331000200	 0002581489981,00	 0000000000000,00	 0000000000000,00	 0000000000000,00
331000201	 0002581489981,00	 0000000000000,00	 0000000000000,00	 0000000000000,00
331000202	 0000000000000,00	 0000000000000,00	 0000000000000,00	 0000000000000,00
331000203	 0000000000000,00	 0000000000000,00	 0000000000000,00	 0000000000000,00
331000209	 0000000000000,00	 0000000000000,00	 0000000000000,00	 0000000000000,00
331000300	 0000000000000,00	 0000000000000,00	 0000000000000,00	 0000000000000,00
331000400	 0000000000000,00	 0000000000000,00	 0000000000000,00	 0000000000000,00
331000500	 0000000000000,00	 0000000000000,00	 0000000000000,00	 0000000000000,00
331000900	 0000003460320,00	 0000000000000,00	 0000000000000,00	 0000000000000,00
332000000	-0155669697093,00	 0000128831947,00	 0000000000000,00	-0002496859090,00
332000100	-0120397310619,00	 0000128831947,00	 0000000000000,00	-0002496859090,00
332000200	 0000000000000,00	 0000000000000,00	 0000000000000,00	 0000000000000,00
332000300	 0000000000000,00	 0000000000000,00	 0000000000000,00	 0000000000000,00
332000400	-0034880640566,00	 0000000000000,00	 0000000000000,00	 0000000000000,00
332000500	 0000000000000,00	 0000000000000,00	 0000000000000,00	 0000000000000,00
332000600	-0000033353390,00	 0000000000000,00	 0000000000000,00	 0000000000000,00
332000700	 0000000000000,00	 0000000000000,00	 0000000000000,00	 0000000000000,00
332000900	-0000358392518,00	 0000000000000,00	 0000000000000,00	 0000000000000,00
340000000	 1583162633328,00	 0000000000000,00	 0000000000000,00	 0000000000000,00
340000100	 1095630031940,00	 0000000000000,00	 0000000000000,00	 0000000000000,00
340000200	 0487532601388,00	 0000000000000,00	 0000000000000,00	 0000000000000,00
350000000	-0175806984366,00	 0170465099069,00	 0060082542370,00	-0008707449618,00
360000000	-0160069742653,00	 0000000000000,00	 0000000000000,00	 0000000000000,00
360000100	-0160069742653,00	 0000000000000,00	 0000000000000,00	 0000000000000,00
360000101	-0160069742653,00	 0000000000000,00	 0000000000000,00	 0000000000000,00
360000102	 0000000000000,00	 0000000000000,00	 0000000000000,00	 0000000000000,00
360000200	 0000000000000,00	 0000000000000,00	 0000000000000,00	 0000000000000,00
360000300	 0000000000000,00	 0000000000000,00	 0000000000000,00	 0000000000000,00
365000000	 0000000000000,00	 0000000000000,00	 0000000000000,00	 0000000000000,00
380000000	 2844014311496,00	 0170593931016,00	 0060082542370,00	-0011204308708,00
390000000	 0140652169696,00	 0000000000000,00	 0000000000000,00	 0000000000000,00
500000000	 9972105318561,00	 17542048099569,00	 0118009479461,00	 5103404737148,00
505000000	 9972105318561,00	 17542048099569,00	 0118009479461,00	 5103404737148,00
510000000	 28453141658726,00	 9117578073617,00	 0060082542370,00	 8576628439790,00
