049	BANCO SECURITY
100000000	 5041586123134,00	 4078679398354,00	 0007024969374,00	 1258436615909,00
105000000	 0143428780627,00	 0000000000000,00	 0000000000000,00	 0236456240061,00
105000100	 0007141946184,00	 0000000000000,00	 0000000000000,00	 0011600339628,00
105000101	 0006390834190,00	 0000000000000,00	 0000000000000,00	 0011512690628,00
105000102	 0000000000000,00	 0000000000000,00	 0000000000000,00	 0000087649000,00
105000103	 0000751111994,00	 0000000000000,00	 0000000000000,00	 0000000000000,00
105000200	 0115642871390,00	 0000000000000,00	 0000000000000,00	 0085857768577,00
105000201	 0085633704723,00	 0000000000000,00	 0000000000000,00	 0022186829578,00
105000202	 0030009166667,00	 0000000000000,00	 0000000000000,00	 0063670938999,00
105000209	 0000000000000,00	 0000000000000,00	 0000000000000,00	 0000000000000,00
105000300	 0000000000000,00	 0000000000000,00	 0000000000000,00	 0000000000000,00
105000301	 0000000000000,00	 0000000000000,00	 0000000000000,00	 0000000000000,00
105000302	 0000000000000,00	 0000000000000,00	 0000000000000,00	 0000000000000,00
105000309	 0000000000000,00	 0000000000000,00	 0000000000000,00	 0000000000000,00
105000400	 0020594158794,00	 0000000000000,00	 0000000000000,00	 0000000129487,00
105000500	 0000049804259,00	 0000000000000,00	 0000000000000,00	 0138998002369,00
107000000	 0091802051738,00	 0000000000000,00	 0000000000000,00	 0109578414236,00
107000100	 0008767456355,00	 0000000000000,00	 0000000000000,00	 0000763189681,00
107000101	 0000000000000,00	 0000000000000,00	 0000000000000,00	 0000000000000,00
107000102	 0000000000000,00	 0000000000000,00	 0000000000000,00	 0000000000000,00
107000103	 0008767456355,00	 0000000000000,00	 0000000000000,00	 0000763189681,00
107000200	 0000000000000,00	 0000000000000,00	 0000000000000,00	 0000000000000,00
107000201	 0000000000000,00	 0000000000000,00	 0000000000000,00	 0000000000000,00
107000202	 0000000000000,00	 0000000000000,00	 0000000000000,00	 0000000000000,00
107000300	 0000000000000,00	 0000000000000,00	 0000000000000,00	 0000000000000,00
107000400	 0083034595383,00	 0000000000000,00	 0000000000000,00	 0108815224555,00
107000401	 0042800839300,00	 0000000000000,00	 0000000000000,00	 0000000000000,00
107000409	 0000000000000,00	 0000000000000,00	 0000000000000,00	 0080349828494,00
107000411	 0040233756083,00	 0000000000000,00	 0000000000000,00	 0001876892148,00
107000419	 0000000000000,00	 0000000000000,00	 0000000000000,00	 0026588503913,00
110000000	 0290663338777,00	 0000071193877,00	 0000000000000,00	 0000136651095,00
111000100	 0234969888219,00	 0000000000000,00	 0000000000000,00	 0000026143530,00
111000101	 0106838194134,00	 0000000000000,00	 0000000000000,00	 0000026143530,00
111000102	 0128131694085,00	 0000000000000,00	 0000000000000,00	 0000000000000,00
111000103	 0000000000000,00	 0000000000000,00	 0000000000000,00	 0000000000000,00
111000104	 0000000000000,00	 0000000000000,00	 0000000000000,00	 0000000000000,00
111000105	 0000000000000,00	 0000000000000,00	 0000000000000,00	 0000000000000,00
111000109	 0000000000000,00	 0000000000000,00	 0000000000000,00	 0000000000000,00
112000000	 0051815657854,00	 0000071193877,00	 0000000000000,00	 0000000000000,00
112000100	 0007936444752,00	 0000000585227,00	 0000000000000,00	 0000000000000,00
112000101	 0007936444752,00	 0000000585227,00	 0000000000000,00	 0000000000000,00
112000102	 0000000000000,00	 0000000000000,00	 0000000000000,00	 0000000000000,00
112000109	 0000000000000,00	 0000000000000,00	 0000000000000,00	 0000000000000,00
112000200	 0043879213102,00	 0000070608650,00	 0000000000000,00	 0000000000000,00
112000201	 0030622135896,00	 0000070608650,00	 0000000000000,00	 0000000000000,00
112000202	 0008741616589,00	 0000000000000,00	 0000000000000,00	 0000000000000,00
112000209	 0004515460617,00	 0000000000000,00	 0000000000000,00	 0000000000000,00
112000300	 0000000000000,00	 0000000000000,00	 0000000000000,00	 0000000000000,00
112000301	 0000000000000,00	 0000000000000,00	 0000000000000,00	 0000000000000,00
112000302	 0000000000000,00	 0000000000000,00	 0000000000000,00	 0000000000000,00
112000303	 0000000000000,00	 0000000000000,00	 0000000000000,00	 0000000000000,00
112000304	 0000000000000,00	 0000000000000,00	 0000000000000,00	 0000000000000,00
112000309	 0000000000000,00	 0000000000000,00	 0000000000000,00	 0000000000000,00
113000000	 0003877792704,00	 0000000000000,00	 0000000000000,00	 0000110507565,00
113000100	 0003877792704,00	 0000000000000,00	 0000000000000,00	 0000110507565,00
113000101	 0003877792704,00	 0000000000000,00	 0000000000000,00	 0000110507565,00
113000102	 0000000000000,00	 0000000000000,00	 0000000000000,00	 0000000000000,00
113000200	 0000000000000,00	 0000000000000,00	 0000000000000,00	 0000000000000,00
113000201	 0000000000000,00	 0000000000000,00	 0000000000000,00	 0000000000000,00
113000202	 0000000000000,00	 0000000000000,00	 0000000000000,00	 0000000000000,00
113000300	 0000000000000,00	 0000000000000,00	 0000000000000,00	 0000000000000,00
113000301	 0000000000000,00	 0000000000000,00	 0000000000000,00	 0000000000000,00
113000302	 0000000000000,00	 0000000000000,00	 0000000000000,00	 0000000000000,00
113000303	 0000000000000,00	 0000000000000,00	 0000000000000,00	 0000000000000,00
113000304	 0000000000000,00	 0000000000000,00	 0000000000000,00	 0000000000000,00
113000400	 0000000000000,00	 0000000000000,00	 0000000000000,00	 0000000000000,00
115000000	 0000000000000,00	 0000000000000,00	 0000000000000,00	 0000000000000,00
115250000	 0000000000000,00	 0000000000000,00	 0000000000000,00	 0000000000000,00
115250100	 0000000000000,00	 0000000000000,00	 0000000000000,00	 0000000000000,00
115250101	 0000000000000,00	 0000000000000,00	 0000000000000,00	 0000000000000,00
115250102	 0000000000000,00	 0000000000000,00	 0000000000000,00	 0000000000000,00
115250109	 0000000000000,00	 0000000000000,00	 0000000000000,00	 0000000000000,00
115250200	 0000000000000,00	 0000000000000,00	 0000000000000,00	 0000000000000,00
115250201	 0000000000000,00	 0000000000000,00	 0000000000000,00	 0000000000000,00
115250202	 0000000000000,00	 0000000000000,00	 0000000000000,00	 0000000000000,00
115250209	 0000000000000,00	 0000000000000,00	 0000000000000,00	 0000000000000,00
115250300	 0000000000000,00	 0000000000000,00	 0000000000000,00	 0000000000000,00
115250301	 0000000000000,00	 0000000000000,00	 0000000000000,00	 0000000000000,00
115250302	 0000000000000,00	 0000000000000,00	 0000000000000,00	 0000000000000,00
115250303	 0000000000000,00	 0000000000000,00	 0000000000000,00	 0000000000000,00
115250304	 0000000000000,00	 0000000000000,00	 0000000000000,00	 0000000000000,00
115250309	 0000000000000,00	 0000000000000,00	 0000000000000,00	 0000000000000,00
115500000	 0000000000000,00	 0000000000000,00	 0000000000000,00	 0000000000000,00
115500100	 0000000000000,00	 0000000000000,00	 0000000000000,00	 0000000000000,00
115500101	 0000000000000,00	 0000000000000,00	 0000000000000,00	 0000000000000,00
115500102	 0000000000000,00	 0000000000000,00	 0000000000000,00	 0000000000000,00
115500300	 0000000000000,00	 0000000000000,00	 0000000000000,00	 0000000000000,00
115500301	 0000000000000,00	 0000000000000,00	 0000000000000,00	 0000000000000,00
115500302	 0000000000000,00	 0000000000000,00	 0000000000000,00	 0000000000000,00
115500303	 0000000000000,00	 0000000000000,00	 0000000000000,00	 0000000000000,00
115500304	 0000000000000,00	 0000000000000,00	 0000000000000,00	 0000000000000,00
115500400	 0000000000000,00	 0000000000000,00	 0000000000000,00	 0000000000000,00
118000000	 0000000000000,00	 0000000000000,00	 0000000000000,00	 0000000000000,00
118250000	 0000000000000,00	 0000000000000,00	 0000000000000,00	 0000000000000,00
118250100	 0000000000000,00	 0000000000000,00	 0000000000000,00	 0000000000000,00
118250101	 0000000000000,00	 0000000000000,00	 0000000000000,00	 0000000000000,00
118250102	 0000000000000,00	 0000000000000,00	 0000000000000,00	 0000000000000,00
118250109	 0000000000000,00	 0000000000000,00	 0000000000000,00	 0000000000000,00
118250200	 0000000000000,00	 0000000000000,00	 0000000000000,00	 0000000000000,00
118250201	 0000000000000,00	 0000000000000,00	 0000000000000,00	 0000000000000,00
118250202	 0000000000000,00	 0000000000000,00	 0000000000000,00	 0000000000000,00
118250209	 0000000000000,00	 0000000000000,00	 0000000000000,00	 0000000000000,00
118250300	 0000000000000,00	 0000000000000,00	 0000000000000,00	 0000000000000,00
118250301	 0000000000000,00	 0000000000000,00	 0000000000000,00	 0000000000000,00
118250302	 0000000000000,00	 0000000000000,00	 0000000000000,00	 0000000000000,00
118250303	 0000000000000,00	 0000000000000,00	 0000000000000,00	 0000000000000,00
118250304	 0000000000000,00	 0000000000000,00	 0000000000000,00	 0000000000000,00
118250309	 0000000000000,00	 0000000000000,00	 0000000000000,00	 0000000000000,00
118500000	 0000000000000,00	 0000000000000,00	 0000000000000,00	 0000000000000,00
118500300	 0000000000000,00	 0000000000000,00	 0000000000000,00	 0000000000000,00
118500301	 0000000000000,00	 0000000000000,00	 0000000000000,00	 0000000000000,00
118500302	 0000000000000,00	 0000000000000,00	 0000000000000,00	 0000000000000,00
118500303	 0000000000000,00	 0000000000000,00	 0000000000000,00	 0000000000000,00
118500304	 0000000000000,00	 0000000000000,00	 0000000000000,00	 0000000000000,00
118500400	 0000000000000,00	 0000000000000,00	 0000000000000,00	 0000000000000,00
120000000	 1665483476231,00	 0229451253902,00	 0000000000000,00	 0145718596165,00
122000000	 1665483476231,00	 0229451253902,00	 0000000000000,00	 0145718596165,00
122000100	 1453677431198,00	 0070546561170,00	 0000000000000,00	 0000000000000,00
122000101	 1347660529774,00	 0000000000000,00	 0000000000000,00	 0000000000000,00
122000102	 0106016901424,00	 0070546561170,00	 0000000000000,00	 0000000000000,00
122000109	 0000000000000,00	 0000000000000,00	 0000000000000,00	 0000000000000,00
122000200	 0211806045033,00	 0158904692732,00	 0000000000000,00	 0032560174271,00
122000201	 0135037412668,00	 0047053870935,00	 0000000000000,00	 0032560174271,00
122000202	 0076768632365,00	 0111850821797,00	 0000000000000,00	 0000000000000,00
122000209	 0000000000000,00	 0000000000000,00	 0000000000000,00	 0000000000000,00
122000300	 0000000000000,00	 0000000000000,00	 0000000000000,00	 0113158421894,00
122000301	 0000000000000,00	 0000000000000,00	 0000000000000,00	 0000000000000,00
122000302	 0000000000000,00	 0000000000000,00	 0000000000000,00	 0000000000000,00
122000303	 0000000000000,00	 0000000000000,00	 0000000000000,00	 0093624868432,00
122000304	 0000000000000,00	 0000000000000,00	 0000000000000,00	 0000000000000,00
122000309	 0000000000000,00	 0000000000000,00	 0000000000000,00	 0019533553462,00
123000000	 0000000000000,00	 0000000000000,00	 0000000000000,00	 0000000000000,00
123000300	 0000000000000,00	 0000000000000,00	 0000000000000,00	 0000000000000,00
123000301	 0000000000000,00	 0000000000000,00	 0000000000000,00	 0000000000000,00
123000302	 0000000000000,00	 0000000000000,00	 0000000000000,00	 0000000000000,00
123000303	 0000000000000,00	 0000000000000,00	 0000000000000,00	 0000000000000,00
123000304	 0000000000000,00	 0000000000000,00	 0000000000000,00	 0000000000000,00
123000400	 0000000000000,00	 0000000000000,00	 0000000000000,00	 0000000000000,00
130000000	 0045094012357,00	 0000000000000,00	 0000000000000,00	 0000000000000,00
130000100	 0045094012357,00	 0000000000000,00	 0000000000000,00	 0000000000000,00
130000101	 0000000000000,00	 0000000000000,00	 0000000000000,00	 0000000000000,00
130000102	 0045094012357,00	 0000000000000,00	 0000000000000,00	 0000000000000,00
130000103	 0000000000000,00	 0000000000000,00	 0000000000000,00	 0000000000000,00
130000104	 0000000000000,00	 0000000000000,00	 0000000000000,00	 0000000000000,00
130000105	 0000000000000,00	 0000000000000,00	 0000000000000,00	 0000000000000,00
130000190	 0000000000000,00	 0000000000000,00	 0000000000000,00	 0000000000000,00
140000000	 2532706912925,00	 3843027452191,00	 0007024969374,00	 0757237340111,00
141000000	 0000000000000,00	 0000000000000,00	 0000000000000,00	 0000000000000,00
141000100	 0000000000000,00	 0000000000000,00	 0000000000000,00	 0000000000000,00
141000101	 0000000000000,00	 0000000000000,00	 0000000000000,00	 0000000000000,00
141000102	 0000000000000,00	 0000000000000,00	 0000000000000,00	 0000000000000,00
141000103	 0000000000000,00	 0000000000000,00	 0000000000000,00	 0000000000000,00
141000200	 0000000000000,00	 0000000000000,00	 0000000000000,00	 0000000000000,00
141000201	 0000000000000,00	 0000000000000,00	 0000000000000,00	 0000000000000,00
141000202	 0000000000000,00	 0000000000000,00	 0000000000000,00	 0000000000000,00
141000203	 0000000000000,00	 0000000000000,00	 0000000000000,00	 0000000000000,00
141000300	 0000000000000,00	 0000000000000,00	 0000000000000,00	 0000000000000,00
141000301	 0000000000000,00	 0000000000000,00	 0000000000000,00	 0000000000000,00
141000302	 0000000000000,00	 0000000000000,00	 0000000000000,00	 0000000000000,00
141000400	 0000000000000,00	 0000000000000,00	 0000000000000,00	 0000000000000,00
141000401	 0000000000000,00	 0000000000000,00	 0000000000000,00	 0000000000000,00
141000402	 0000000000000,00	 0000000000000,00	 0000000000000,00	 0000000000000,00
141000900	 0000000000000,00	 0000000000000,00	 0000000000000,00	 0000000000000,00
141000901	 0000000000000,00	 0000000000000,00	 0000000000000,00	 0000000000000,00
141000902	 0000000000000,00	 0000000000000,00	 0000000000000,00	 0000000000000,00
141000903	 0000000000000,00	 0000000000000,00	 0000000000000,00	 0000000000000,00
141500000	 0034839147051,00	 0000000000000,00	 0000000000000,00	 0008583509600,00
141500100	 0000000000000,00	 0000000000000,00	 0000000000000,00	 0000000000000,00
141500101	 0000000000000,00	 0000000000000,00	 0000000000000,00	 0000000000000,00
141500102	 0000000000000,00	 0000000000000,00	 0000000000000,00	 0000000000000,00
141500109	 0000000000000,00	 0000000000000,00	 0000000000000,00	 0000000000000,00
141500200	 0034867065049,00	 0000000000000,00	 0000000000000,00	 0000000000000,00
141500201	 0034867065049,00	 0000000000000,00	 0000000000000,00	 0000000000000,00
141500202	 0000000000000,00	 0000000000000,00	 0000000000000,00	 0000000000000,00
141500209	 0000000000000,00	 0000000000000,00	 0000000000000,00	 0000000000000,00
141500300	 0000000000000,00	 0000000000000,00	 0000000000000,00	 0008589001305,00
141500301	 0000000000000,00	 0000000000000,00	 0000000000000,00	 0000000000000,00
141500302	 0000000000000,00	 0000000000000,00	 0000000000000,00	 0000000000000,00
141500303	 0000000000000,00	 0000000000000,00	 0000000000000,00	 0000000000000,00
141500304	 0000000000000,00	 0000000000000,00	 0000000000000,00	 0000000000000,00
141500309	 0000000000000,00	 0000000000000,00	 0000000000000,00	 0008589001305,00
141500900	-0000027917998,00	 0000000000000,00	 0000000000000,00	-0000005491705,00
141500901	-0000027917998,00	 0000000000000,00	 0000000000000,00	-0000005491705,00
141500902	 0000000000000,00	 0000000000000,00	 0000000000000,00	 0000000000000,00
141500903	 0000000000000,00	 0000000000000,00	 0000000000000,00	 0000000000000,00
143000000	 0000000000000,00	 0000000000000,00	 0000000000000,00	 0000261269514,00
143100100	 0000000000000,00	 0000000000000,00	 0000000000000,00	 0000000000000,00
143100101	 0000000000000,00	 0000000000000,00	 0000000000000,00	 0000000000000,00
143100102	 0000000000000,00	 0000000000000,00	 0000000000000,00	 0000000000000,00
143100103	 0000000000000,00	 0000000000000,00	 0000000000000,00	 0000000000000,00
143100104	 0000000000000,00	 0000000000000,00	 0000000000000,00	 0000000000000,00
143100105	 0000000000000,00	 0000000000000,00	 0000000000000,00	 0000000000000,00
143100106	 0000000000000,00	 0000000000000,00	 0000000000000,00	 0000000000000,00
143100107	 0000000000000,00	 0000000000000,00	 0000000000000,00	 0000000000000,00
143100190	 0000000000000,00	 0000000000000,00	 0000000000000,00	 0000000000000,00
143150100	 0000000000000,00	 0000000000000,00	 0000000000000,00	 0000000000000,00
143150101	 0000000000000,00	 0000000000000,00	 0000000000000,00	 0000000000000,00
143150102	 0000000000000,00	 0000000000000,00	 0000000000000,00	 0000000000000,00
143150103	 0000000000000,00	 0000000000000,00	 0000000000000,00	 0000000000000,00
143200100	 0000000000000,00	 0000000000000,00	 0000000000000,00	 0000261485240,00
143200101	 0000000000000,00	 0000000000000,00	 0000000000000,00	 0000000000000,00
143200102	 0000000000000,00	 0000000000000,00	 0000000000000,00	 0000000000000,00
143200103	 0000000000000,00	 0000000000000,00	 0000000000000,00	 0000000000000,00
143200104	 0000000000000,00	 0000000000000,00	 0000000000000,00	 0000261485240,00
143200105	 0000000000000,00	 0000000000000,00	 0000000000000,00	 0000000000000,00
143200106	 0000000000000,00	 0000000000000,00	 0000000000000,00	 0000000000000,00
143200107	 0000000000000,00	 0000000000000,00	 0000000000000,00	 0000000000000,00
143200108	 0000000000000,00	 0000000000000,00	 0000000000000,00	 0000000000000,00
143200190	 0000000000000,00	 0000000000000,00	 0000000000000,00	 0000000000000,00
143250100	 0000000000000,00	 0000000000000,00	 0000000000000,00	-0000000215726,00
143250101	 0000000000000,00	 0000000000000,00	 0000000000000,00	-0000000215726,00
143250102	 0000000000000,00	 0000000000000,00	 0000000000000,00	 0000000000000,00
143250103	 0000000000000,00	 0000000000000,00	 0000000000000,00	 0000000000000,00
143300100	 0000000000000,00	 0000000000000,00	 0000000000000,00	 0000000000000,00
143300101	 0000000000000,00	 0000000000000,00	 0000000000000,00	 0000000000000,00
143300102	 0000000000000,00	 0000000000000,00	 0000000000000,00	 0000000000000,00
143300103	 0000000000000,00	 0000000000000,00	 0000000000000,00	 0000000000000,00
143400100	 0000000000000,00	 0000000000000,00	 0000000000000,00	 0000000000000,00
143400101	 0000000000000,00	 0000000000000,00	 0000000000000,00	 0000000000000,00
143400102	 0000000000000,00	 0000000000000,00	 0000000000000,00	 0000000000000,00
143400103	 0000000000000,00	 0000000000000,00	 0000000000000,00	 0000000000000,00
144000000	 2497867765874,00	 3843027452191,00	 0007024969374,00	 0748392560997,00
145000000	 2203440305473,00	 2808450194668,00	 0007024969374,00	 0769300719811,00
145400100	 2054352833743,00	 2427578760362,00	 0000000000000,00	 0522725871405,00
145400101	 2054242404666,00	 2388704878563,00	 0000000000000,00	 0515133926285,00
145400102	 0000000000000,00	 0000000000000,00	 0000000000000,00	 0007591945120,00
145400103	 0000000000000,00	 0000000000000,00	 0000000000000,00	 0000000000000,00
145400104	 0000000000000,00	 0000419723238,00	 0000000000000,00	 0000000000000,00
145400105	 0000110429077,00	 0038454158561,00	 0000000000000,00	 0000000000000,00
145400106	 0000000000000,00	 0000000000000,00	 0000000000000,00	 0000000000000,00
145400200	 0021319456759,00	 0000000000000,00	 0000000000000,00	 0245805608814,00
145400201	 0000000000000,00	 0000000000000,00	 0000000000000,00	 0000000000000,00
145400202	 0021318298391,00	 0000000000000,00	 0000000000000,00	 0135304192029,00
145400203	 0000000000000,00	 0000000000000,00	 0000000000000,00	 0001715677143,00
145400204	 0000001158368,00	 0000000000000,00	 0000000000000,00	 0108785739642,00
145400205	 0000000000000,00	 0000000000000,00	 0000000000000,00	 0000000000000,00
145400290	 0000000000000,00	 0000000000000,00	 0000000000000,00	 0000000000000,00
145400300	 0044445971405,00	 0000000000000,00	 0000000000000,00	 0000000000000,00
145400400	 0004339377163,00	 0000000000000,00	 0000000000000,00	 0000759766049,00
145400401	 0001637349092,00	 0000000000000,00	 0000000000000,00	 0000759766049,00
145400402	 0002702028071,00	 0000000000000,00	 0000000000000,00	 0000000000000,00
145400500	 0000000000000,00	 0000000000000,00	 0000000000000,00	 0000000000000,00
145400501	 0000000000000,00	 0000000000000,00	 0000000000000,00	 0000000000000,00
145400502	 0000000000000,00	 0000000000000,00	 0000000000000,00	 0000000000000,00
145400600	 0076060626856,00	 0378722756422,00	 0007006110825,00	 0000000000000,00
145400601	 0020820359764,00	 0324912366673,00	 0002804513925,00	 0000000000000,00
145400602	 0055240267092,00	 0053810389749,00	 0004201596900,00	 0000000000000,00
145400700	 0000001409970,00	 0001945753126,00	 0000000000000,00	 0000000000000,00
145400701	 0000000000000,00	 0000000000000,00	 0000000000000,00	 0000000000000,00
145400702	 0000000000000,00	 0000000000000,00	 0000000000000,00	 0000000000000,00
145400703	 0000001409970,00	 0001945753126,00	 0000000000000,00	 0000000000000,00
145400900	 0002920629577,00	 0000202924758,00	 0000018858549,00	 0000009473543,00
145400901	 0000000000000,00	 0000000000000,00	 0000000000000,00	 0000000000000,00
145400902	 0002697831407,00	 0000000000000,00	 0000000000000,00	 0000009473543,00
145400990	 0000222798170,00	 0000202924758,00	 0000018858549,00	 0000000000000,00
146000000	 0002146458166,00	 1026364541089,00	 0000000000000,00	 0000000000000,00
146000100	 0000000000000,00	 0000448775958,00	 0000000000000,00	 0000000000000,00
146000200	 0000662459327,00	 0250750832645,00	 0000000000000,00	 0000000000000,00
146000300	 0000000000000,00	 0000000000000,00	 0000000000000,00	 0000000000000,00
146000400	 0001483998839,00	 0773733177595,00	 0000000000000,00	 0000000000000,00
146000401	 0001483998839,00	 0773733177595,00	 0000000000000,00	 0000000000000,00
146000402	 0000000000000,00	 0000000000000,00	 0000000000000,00	 0000000000000,00
146000500	 0000000000000,00	 0001431754891,00	 0000000000000,00	 0000000000000,00
146000900	 0000000000000,00	 0000000000000,00	 0000000000000,00	 0000000000000,00
146000901	 0000000000000,00	 0000000000000,00	 0000000000000,00	 0000000000000,00
146000902	 0000000000000,00	 0000000000000,00	 0000000000000,00	 0000000000000,00
146000903	 0000000000000,00	 0000000000000,00	 0000000000000,00	 0000000000000,00
146000909	 0000000000000,00	 0000000000000,00	 0000000000000,00	 0000000000000,00
148000000	 0437537485283,00	 0008212716434,00	 0000000000000,00	 0006702901648,00
148000100	 0270849657186,00	 0008212716434,00	 0000000000000,00	 0000000000000,00
148000200	 0064570620822,00	 0000000000000,00	 0000000000000,00	 0000000000000,00
148000300	 0102117207275,00	 0000000000000,00	 0000000000000,00	 0006702901648,00
148000301	 0061444657891,00	 0000000000000,00	 0000000000000,00	 0006702901648,00
148000302	 0040672549384,00	 0000000000000,00	 0000000000000,00	 0000000000000,00
148000400	 0000000000000,00	 0000000000000,00	 0000000000000,00	 0000000000000,00
148000900	 0000000000000,00	 0000000000000,00	 0000000000000,00	 0000000000000,00
148000901	 0000000000000,00	 0000000000000,00	 0000000000000,00	 0000000000000,00
148000902	 0000000000000,00	 0000000000000,00	 0000000000000,00	 0000000000000,00
149000000	-0145256483048,00	 0000000000000,00	 0000000000000,00	-0027611060462,00
149500100	-0119709889820,00	 0000000000000,00	 0000000000000,00	-0027562462995,00
149500101	-0017647863729,00	 0000000000000,00	 0000000000000,00	-0011896268899,00
149500102	-0012198521837,00	 0000000000000,00	 0000000000000,00	-0003755974793,00
149500103	-0076625098155,00	 0000000000000,00	 0000000000000,00	-0011783863034,00
149500104	-0003968249985,00	 0000000000000,00	 0000000000000,00	-0000037675966,00
149500105	-0008587865746,00	 0000000000000,00	 0000000000000,00	-0000088680303,00
149500109	-0000682290368,00	 0000000000000,00	 0000000000000,00	 0000000000000,00
149600100	-0001870223818,00	 0000000000000,00	 0000000000000,00	 0000000000000,00
149600101	-0001077422561,00	 0000000000000,00	 0000000000000,00	 0000000000000,00
149600102	-0000792801257,00	 0000000000000,00	 0000000000000,00	 0000000000000,00
149700100	-0023676369410,00	 0000000000000,00	 0000000000000,00	-0000048597467,00
149700101	-0013716584366,00	 0000000000000,00	 0000000000000,00	-0000036033342,00
149700102	-0009959785044,00	 0000000000000,00	 0000000000000,00	-0000012564125,00
150000000	 0002470102346,00	 0000000000000,00	 0000000000000,00	 0000000000000,00
150000100	 0000000000000,00	 0000000000000,00	 0000000000000,00	 0000000000000,00
150000200	 0000000000000,00	 0000000000000,00	 0000000000000,00	 0000000000000,00
150000201	 0000000000000,00	 0000000000000,00	 0000000000000,00	 0000000000000,00
150000202	 0000000000000,00	 0000000000000,00	 0000000000000,00	 0000000000000,00
150000300	 0000000000000,00	 0000000000000,00	 0000000000000,00	 0000000000000,00
150000400	 0000000000000,00	 0000000000000,00	 0000000000000,00	 0000000000000,00
150000500	 0000000000000,00	 0000000000000,00	 0000000000000,00	 0000000000000,00
150000600	 0000000000000,00	 0000000000000,00	 0000000000000,00	 0000000000000,00
150000700	 0002470102346,00	 0000000000000,00	 0000000000000,00	 0000000000000,00
150000800	 0000000000000,00	 0000000000000,00	 0000000000000,00	 0000000000000,00
160000000	 0039189065333,00	 0000000000000,00	 0000000000000,00	 0000000000000,00
160000100	 0013039110096,00	 0000000000000,00	 0000000000000,00	 0000000000000,00
160000200	 0005147062291,00	 0000000000000,00	 0000000000000,00	 0000000000000,00
160000201	 0000000000000,00	 0000000000000,00	 0000000000000,00	 0000000000000,00
160000202	 0000000000000,00	 0000000000000,00	 0000000000000,00	 0000000000000,00
160000203	 0000000000000,00	 0000000000000,00	 0000000000000,00	 0000000000000,00
160000204	 0000000000000,00	 0000000000000,00	 0000000000000,00	 0000000000000,00
160000205	 0000000000000,00	 0000000000000,00	 0000000000000,00	 0000000000000,00
160000206	 0000000000000,00	 0000000000000,00	 0000000000000,00	 0000000000000,00
160000207	 0005147078576,00	 0000000000000,00	 0000000000000,00	 0000000000000,00
160000208	 0000000000000,00	 0000000000000,00	 0000000000000,00	 0000000000000,00
160000209	 0000179182888,00	 0000000000000,00	 0000000000000,00	 0000000000000,00
160000219	-0000179199173,00	 0000000000000,00	 0000000000000,00	 0000000000000,00
160000300	 0021002892946,00	 0000000000000,00	 0000000000000,00	 0000000000000,00
160000301	 0020971599848,00	 0000000000000,00	 0000000000000,00	 0000000000000,00
160000302	 0000000000000,00	 0000000000000,00	 0000000000000,00	 0000000000000,00
160000303	 0000000000000,00	 0000000000000,00	 0000000000000,00	 0000000000000,00
160000309	 0000031293098,00	 0000000000000,00	 0000000000000,00	 0000000000000,00
160000319	 0000000000000,00	 0000000000000,00	 0000000000000,00	 0000000000000,00
170000000	 0018691954656,00	 0000000000000,00	 0000000000000,00	 0000000000000,00
170000100	 0014360246498,00	 0000000000000,00	 0000000000000,00	 0000000000000,00
170000101	 0019338200255,00	 0000000000000,00	 0000000000000,00	 0000000000000,00
170000102	 0000000000000,00	 0000000000000,00	 0000000000000,00	 0000000000000,00
170000119	-0004977953757,00	 0000000000000,00	 0000000000000,00	 0000000000000,00
170000200	 0004331708158,00	 0000000000000,00	 0000000000000,00	 0000000000000,00
170000201	 0010433790979,00	 0000000000000,00	 0000000000000,00	 0000000000000,00
170000209	 0018862618888,00	 0000000000000,00	 0000000000000,00	 0000000000000,00
170000219	-0024964701709,00	 0000000000000,00	 0000000000000,00	 0000000000000,00
175000000	 0000000000000,00	 0006129498384,00	 0000000000000,00	 0000000000000,00
175000100	 0000000000000,00	 0006129498384,00	 0000000000000,00	 0000000000000,00
175000101	 0000000000000,00	 0010697300008,00	 0000000000000,00	 0000000000000,00
175000102	 0000000000000,00	 0000000000000,00	 0000000000000,00	 0000000000000,00
175000119	 0000000000000,00	-0004567801624,00	 0000000000000,00	 0000000000000,00
175000200	 0000000000000,00	 0000000000000,00	 0000000000000,00	 0000000000000,00
175000201	 0000000000000,00	 0000000000000,00	 0000000000000,00	 0000000000000,00
175000219	 0000000000000,00	 0000000000000,00	 0000000000000,00	 0000000000000,00
175000300	 0000000000000,00	 0000000000000,00	 0000000000000,00	 0000000000000,00
175000301	 0000000000000,00	 0000000000000,00	 0000000000000,00	 0000000000000,00
175000309	 0000000000000,00	 0000000000000,00	 0000000000000,00	 0000000000000,00
175000319	 0000000000000,00	 0000000000000,00	 0000000000000,00	 0000000000000,00
175000400	 0000000000000,00	 0000000000000,00	 0000000000000,00	 0000000000000,00
175000401	 0000000000000,00	 0000000000000,00	 0000000000000,00	 0000000000000,00
175000409	 0000000000000,00	 0000000000000,00	 0000000000000,00	 0000000000000,00
175000419	 0000000000000,00	 0000000000000,00	 0000000000000,00	 0000000000000,00
180000000	 0017250428576,00	 0000000000000,00	 0000000000000,00	 0000000000000,00
185000000	 0069279597576,00	 0000000000000,00	 0000000000000,00	 0000000000000,00
190000000	 0093925384197,00	 0000000000000,00	 0000000000000,00	 0009309374241,00
190000100	 0028073193879,00	 0000000000000,00	 0000000000000,00	 0000000000000,00
190000101	 0028073193879,00	 0000000000000,00	 0000000000000,00	 0000000000000,00
190000102	 0000000000000,00	 0000000000000,00	 0000000000000,00	 0000000000000,00
190000103	 0000000000000,00	 0000000000000,00	 0000000000000,00	 0000000000000,00
190000200	 0031800670650,00	 0000000000000,00	 0000000000000,00	 0008933752506,00
190000201	 0031476085655,00	 0000000000000,00	 0000000000000,00	 0000000000000,00
190000202	 0000000000000,00	 0000000000000,00	 0000000000000,00	 0000000000000,00
190000203	 0000113599400,00	 0000000000000,00	 0000000000000,00	 0008933752506,00
190000204	 0000210985595,00	 0000000000000,00	 0000000000000,00	 0000000000000,00
190000300	 0014322726594,00	 0000000000000,00	 0000000000000,00	 0000000000000,00
190000301	 0005089958006,00	 0000000000000,00	 0000000000000,00	 0000000000000,00
190000302	 0009232768588,00	 0000000000000,00	 0000000000000,00	 0000000000000,00
190000303	 0000000000000,00	 0000000000000,00	 0000000000000,00	 0000000000000,00
190000400	 0000000000000,00	 0000000000000,00	 0000000000000,00	 0000000000000,00
190000401	 0000000000000,00	 0000000000000,00	 0000000000000,00	 0000000000000,00
190000402	 0000000000000,00	 0000000000000,00	 0000000000000,00	 0000000000000,00
190000500	 0007925205619,00	 0000000000000,00	 0000000000000,00	 0000058359992,00
190000501	 0000000000000,00	 0000000000000,00	 0000000000000,00	 0000000000000,00
190000502	 0000000000000,00	 0000000000000,00	 0000000000000,00	 0000000000000,00
190000503	 0000000000000,00	 0000000000000,00	 0000000000000,00	 0000000000000,00
190000504	 0000000000000,00	 0000000000000,00	 0000000000000,00	 0000000000000,00
190000505	 0000000000000,00	 0000000000000,00	 0000000000000,00	 0000000000000,00
190000509	 0007925205619,00	 0000000000000,00	 0000000000000,00	 0000058359992,00
190000600	 0002216406277,00	 0000000000000,00	 0000000000000,00	 0000000000000,00
190000700	 0000000000000,00	 0000000000000,00	 0000000000000,00	 0000000000000,00
190000701	 0000000000000,00	 0000000000000,00	 0000000000000,00	 0000000000000,00
190000702	 0000000000000,00	 0000000000000,00	 0000000000000,00	 0000000000000,00
190000800	 0002397354046,00	 0000000000000,00	 0000000000000,00	 0000000000000,00
190000900	 0001961935551,00	 0000000000000,00	 0000000000000,00	 0000000000000,00
190001000	 0000000000000,00	 0000000000000,00	 0000000000000,00	 0000000000000,00
190001100	 0000000000000,00	 0000000000000,00	 0000000000000,00	 0000000000000,00
190001200	 0000178721615,00	 0000000000000,00	 0000000000000,00	 0000000000000,00
190001300	 0000000000000,00	 0000000000000,00	 0000000000000,00	 0000000000000,00
190001400	 0000103331429,00	 0000000000000,00	 0000000000000,00	 0000000000000,00
190001500	 0000581902555,00	 0000000000000,00	 0000000000000,00	 0000001645332,00
190002900	 0004363935982,00	 0000000000000,00	 0000000000000,00	 0000315616411,00
192500100	 0000000000000,00	 0000000000000,00	 0000000000000,00	 0000000000000,00
192500101	 0000000000000,00	 0000000000000,00	 0000000000000,00	 0000000000000,00
192500102	 0000000000000,00	 0000000000000,00	 0000000000000,00	 0000000000000,00
192500103	 0000000000000,00	 0000000000000,00	 0000000000000,00	 0000000000000,00
195000000	 0031601017795,00	 0000000000000,00	 0000000000000,00	 0000000000000,00
195000100	 0012355300539,00	 0000000000000,00	 0000000000000,00	 0000000000000,00
195000101	 0002768347570,00	 0000000000000,00	 0000000000000,00	 0000000000000,00
195000102	 0010681888619,00	 0000000000000,00	 0000000000000,00	 0000000000000,00
195000103	-0001094935650,00	 0000000000000,00	 0000000000000,00	 0000000000000,00
195000200	 0019245717256,00	 0000000000000,00	 0000000000000,00	 0000000000000,00
195000201	 0000000000000,00	 0000000000000,00	 0000000000000,00	 0000000000000,00
195000202	 0000000000000,00	 0000000000000,00	 0000000000000,00	 0000000000000,00
195000203	 0000000000000,00	 0000000000000,00	 0000000000000,00	 0000000000000,00
195000204	 0019245717256,00	 0000000000000,00	 0000000000000,00	 0000000000000,00
195000219	 0000000000000,00	 0000000000000,00	 0000000000000,00	 0000000000000,00
195000300	 0000000000000,00	 0000000000000,00	 0000000000000,00	 0000000000000,00
200000000	 4529084220883,00	 3746846112738,00	 0015834249728,00	 1281148156399,00
207000000	 0175624027389,00	 0000000000000,00	 0000000000000,00	 0094680142381,00
207000100	 0000000000000,00	 0000000000000,00	 0000000000000,00	 0000000000000,00
207000101	 0000000000000,00	 0000000000000,00	 0000000000000,00	 0000000000000,00
207000102	 0000000000000,00	 0000000000000,00	 0000000000000,00	 0000000000000,00
207000200	 0000000000000,00	 0000000000000,00	 0000000000000,00	 0000000000000,00
207000300	 0175624027389,00	 0000000000000,00	 0000000000000,00	 0094680142381,00
207000301	 0071207714600,00	 0000000000000,00	 0000000000000,00	 0049853452553,00
207000309	 0000000000000,00	 0000000000000,00	 0000000000000,00	 0000000000000,00
207000311	 0027303427496,00	 0000000000000,00	 0000000000000,00	 0000301782000,00
207000319	 0077112885293,00	 0000000000000,00	 0000000000000,00	 0044524907828,00
210000000	 0242737296417,00	 0000000000000,00	 0000000000000,00	 0000000000000,00
211000100	 0242737296417,00	 0000000000000,00	 0000000000000,00	 0000000000000,00
211000101	 0113979101149,00	 0000000000000,00	 0000000000000,00	 0000000000000,00
211000102	 0128734093413,00	 0000000000000,00	 0000000000000,00	 0000000000000,00
211000103	 0000024101855,00	 0000000000000,00	 0000000000000,00	 0000000000000,00
211000104	 0000000000000,00	 0000000000000,00	 0000000000000,00	 0000000000000,00
211000105	 0000000000000,00	 0000000000000,00	 0000000000000,00	 0000000000000,00
211000190	 0000000000000,00	 0000000000000,00	 0000000000000,00	 0000000000000,00
213000100	 0000000000000,00	 0000000000000,00	 0000000000000,00	 0000000000000,00
213000101	 0000000000000,00	 0000000000000,00	 0000000000000,00	 0000000000000,00
213000102	 0000000000000,00	 0000000000000,00	 0000000000000,00	 0000000000000,00
213000103	 0000000000000,00	 0000000000000,00	 0000000000000,00	 0000000000000,00
213000109	 0000000000000,00	 0000000000000,00	 0000000000000,00	 0000000000000,00
218000000	 0000000000000,00	 0000000000000,00	 0000000000000,00	 0000000000000,00
218000001	 0000000000000,00	 0000000000000,00	 0000000000000,00	 0000000000000,00
218000002	 0000000000000,00	 0000000000000,00	 0000000000000,00	 0000000000000,00
218000003	 0000000000000,00	 0000000000000,00	 0000000000000,00	 0000000000000,00
218000009	 0000000000000,00	 0000000000000,00	 0000000000000,00	 0000000000000,00
230000000	 0021758429522,00	 0000000000000,00	 0000000000000,00	 0000000000000,00
230000100	 0021758429522,00	 0000000000000,00	 0000000000000,00	 0000000000000,00
230000101	 0000000000000,00	 0000000000000,00	 0000000000000,00	 0000000000000,00
230000102	 0021758429522,00	 0000000000000,00	 0000000000000,00	 0000000000000,00
230000103	 0000000000000,00	 0000000000000,00	 0000000000000,00	 0000000000000,00
230000104	 0000000000000,00	 0000000000000,00	 0000000000000,00	 0000000000000,00
230000105	 0000000000000,00	 0000000000000,00	 0000000000000,00	 0000000000000,00
230000190	 0000000000000,00	 0000000000000,00	 0000000000000,00	 0000000000000,00
240000000	 3893481423035,00	 3341726168773,00	 0015834249728,00	 1123721461713,00
241000000	 0690138618900,00	 0045850629790,00	 0000000000000,00	 0305413041865,00
241000100	 0531317193174,00	 0000000000000,00	 0000000000000,00	 0232903235952,00
241000101	 0000000000000,00	 0000000000000,00	 0000000000000,00	 0000000000000,00
241000102	 0000000000000,00	 0000000000000,00	 0000000000000,00	 0000000000000,00
241000103	 0346298685889,00	 0000000000000,00	 0000000000000,00	 0216018341477,00
241000104	 0185018507285,00	 0000000000000,00	 0000000000000,00	 0016884894475,00
241000200	 0015004679840,00	 0000000000000,00	 0000000000000,00	 0000000000000,00
241000201	 0000000000000,00	 0000000000000,00	 0000000000000,00	 0000000000000,00
241000202	 0015004679840,00	 0000000000000,00	 0000000000000,00	 0000000000000,00
241000300	 0029256206729,00	 0000000000000,00	 0000000000000,00	 0000000000000,00
241000301	 0029256206729,00	 0000000000000,00	 0000000000000,00	 0000000000000,00
241000400	 0000000000000,00	 0000000000000,00	 0000000000000,00	 0000000000000,00
241000401	 0000000000000,00	 0000000000000,00	 0000000000000,00	 0000000000000,00
241000402	 0000000000000,00	 0000000000000,00	 0000000000000,00	 0000000000000,00
241000500	 0114560539157,00	 0045850629790,00	 0000000000000,00	 0072509805913,00
241000501	 0000000000000,00	 0000000000000,00	 0000000000000,00	 0000000000000,00
241000502	 0000000000000,00	 0000000000000,00	 0000000000000,00	 0000000000000,00
241000503	 0000000000000,00	 0000000000000,00	 0000000000000,00	 0000000000000,00
241000504	 0000000000000,00	 0000000000000,00	 0000000000000,00	 0000000000000,00
241000505	 0011216637326,00	 0008727661121,00	 0000000000000,00	 0002064626249,00
241000506	 0013705678464,00	 0000000000000,00	 0000000000000,00	 0000000000000,00
241000507	 0000000000000,00	 0000000000000,00	 0000000000000,00	 0045496907795,00
241000508	 0001033020650,00	 0000000000000,00	 0000000000000,00	 0000001448802,00
241000509	 0004569113200,00	 0000000000000,00	 0000000000000,00	 0000000000000,00
241000510	 0003219446731,00	 0000000000000,00	 0000000000000,00	 0000629437740,00
241000511	 0005628220174,00	 0000000000000,00	 0000000000000,00	 0000250664395,00
241000512	 0000000000000,00	 0000000000000,00	 0000000000000,00	 0000000000000,00
241000513	 0000000000000,00	 0000000000000,00	 0000000000000,00	 0000000000000,00
241000590	 0075188422612,00	 0037122968669,00	 0000000000000,00	 0024066720932,00
242000000	 1590483868144,00	 0313417977356,00	 0000000000000,00	 0538080680706,00
242000100	 1590483868144,00	 0313417977356,00	 0000000000000,00	 0538080680706,00
242000200	 0000000000000,00	 0000000000000,00	 0000000000000,00	 0000000000000,00
242000201	 0000000000000,00	 0000000000000,00	 0000000000000,00	 0000000000000,00
242000202	 0000000000000,00	 0000000000000,00	 0000000000000,00	 0000000000000,00
242000300	 0000000000000,00	 0000000000000,00	 0000000000000,00	 0000000000000,00
242000301	 0000000000000,00	 0000000000000,00	 0000000000000,00	 0000000000000,00
242000302	 0000000000000,00	 0000000000000,00	 0000000000000,00	 0000000000000,00
242000390	 0000000000000,00	 0000000000000,00	 0000000000000,00	 0000000000000,00
243000000	 0010170316577,00	 0000000000000,00	 0000000000000,00	 0000000000000,00
243000100	 0010170316577,00	 0000000000000,00	 0000000000000,00	 0000000000000,00
243000101	 0010170316577,00	 0000000000000,00	 0000000000000,00	 0000000000000,00
243000102	 0000000000000,00	 0000000000000,00	 0000000000000,00	 0000000000000,00
243000103	 0000000000000,00	 0000000000000,00	 0000000000000,00	 0000000000000,00
243000200	 0000000000000,00	 0000000000000,00	 0000000000000,00	 0000000000000,00
243000201	 0000000000000,00	 0000000000000,00	 0000000000000,00	 0000000000000,00
243000202	 0000000000000,00	 0000000000000,00	 0000000000000,00	 0000000000000,00
243000203	 0000000000000,00	 0000000000000,00	 0000000000000,00	 0000000000000,00
243000300	 0000000000000,00	 0000000000000,00	 0000000000000,00	 0000000000000,00
243000301	 0000000000000,00	 0000000000000,00	 0000000000000,00	 0000000000000,00
243000302	 0000000000000,00	 0000000000000,00	 0000000000000,00	 0000000000000,00
243000400	 0000000000000,00	 0000000000000,00	 0000000000000,00	 0000000000000,00
243000401	 0000000000000,00	 0000000000000,00	 0000000000000,00	 0000000000000,00
243000402	 0000000000000,00	 0000000000000,00	 0000000000000,00	 0000000000000,00
244000000	 1188624829161,00	 0000000000000,00	 0000000000000,00	 0279960834832,00
244250000	 0000104396766,00	 0000000000000,00	 0000000000000,00	 0000000000000,00
244250100	 0000000000000,00	 0000000000000,00	 0000000000000,00	 0000000000000,00
244250101	 0000000000000,00	 0000000000000,00	 0000000000000,00	 0000000000000,00
244250102	 0000000000000,00	 0000000000000,00	 0000000000000,00	 0000000000000,00
244250103	 0000000000000,00	 0000000000000,00	 0000000000000,00	 0000000000000,00
244250200	 0000104396766,00	 0000000000000,00	 0000000000000,00	 0000000000000,00
244250201	 0000000000000,00	 0000000000000,00	 0000000000000,00	 0000000000000,00
244250202	 0000000000000,00	 0000000000000,00	 0000000000000,00	 0000000000000,00
244250203	 0000104396766,00	 0000000000000,00	 0000000000000,00	 0000000000000,00
244250204	 0000000000000,00	 0000000000000,00	 0000000000000,00	 0000000000000,00
244250209	 0000000000000,00	 0000000000000,00	 0000000000000,00	 0000000000000,00
244500000	 0000000000000,00	 0000000000000,00	 0000000000000,00	 0279960834832,00
244500100	 0000000000000,00	 0000000000000,00	 0000000000000,00	 0208640011142,00
244500101	 0000000000000,00	 0000000000000,00	 0000000000000,00	 0137886356204,00
244500102	 0000000000000,00	 0000000000000,00	 0000000000000,00	 0070753654938,00
244500103	 0000000000000,00	 0000000000000,00	 0000000000000,00	 0000000000000,00
244500200	 0000000000000,00	 0000000000000,00	 0000000000000,00	 0071320823690,00
244500201	 0000000000000,00	 0000000000000,00	 0000000000000,00	 0000000000000,00
244500202	 0000000000000,00	 0000000000000,00	 0000000000000,00	 0071060256439,00
244500203	 0000000000000,00	 0000000000000,00	 0000000000000,00	 0000260567251,00
244500204	 0000000000000,00	 0000000000000,00	 0000000000000,00	 0000000000000,00
244500209	 0000000000000,00	 0000000000000,00	 0000000000000,00	 0000000000000,00
244700000	 1188520432395,00	 0000000000000,00	 0000000000000,00	 0000000000000,00
244700100	 1188520432395,00	 0000000000000,00	 0000000000000,00	 0000000000000,00
244700200	 0000000000000,00	 0000000000000,00	 0000000000000,00	 0000000000000,00
244900000	 0000000000000,00	 0000000000000,00	 0000000000000,00	 0000000000000,00
244900100	 0000000000000,00	 0000000000000,00	 0000000000000,00	 0000000000000,00
244900200	 0000000000000,00	 0000000000000,00	 0000000000000,00	 0000000000000,00
245000000	 0400537075086,00	 2981498340727,00	 0000000000000,00	 0000000000000,00
245000100	 0000000000000,00	 0000902317452,00	 0000000000000,00	 0000000000000,00
245000101	 0000000000000,00	 0000420981514,00	 0000000000000,00	 0000000000000,00
245000102	 0000000000000,00	 0000481335938,00	 0000000000000,00	 0000000000000,00
245000200	 0400537075086,00	 2980596023275,00	 0000000000000,00	 0000000000000,00
245000201	 0400537075086,00	 2980596023275,00	 0000000000000,00	 0000000000000,00
245000203	 0000000000000,00	 0000000000000,00	 0000000000000,00	 0000000000000,00
246000000	 0013526715167,00	 0000959220900,00	 0015834249728,00	 0000266904310,00
246000100	 0000000000000,00	 0000959220900,00	 0015834249728,00	 0000000000000,00
246000101	 0000000000000,00	 0000959220900,00	 0015834249728,00	 0000000000000,00
246000102	 0000000000000,00	 0000000000000,00	 0000000000000,00	 0000000000000,00
246000200	 0013526715167,00	 0000000000000,00	 0000000000000,00	 0000266904310,00
246000201	 0000000000000,00	 0000000000000,00	 0000000000000,00	 0000000000000,00
246000202	 0000000000000,00	 0000000000000,00	 0000000000000,00	 0000000000000,00
246000203	 0000000000000,00	 0000000000000,00	 0000000000000,00	 0000000000000,00
246000204	 0013526715167,00	 0000000000000,00	 0000000000000,00	 0000266904310,00
246000205	 0000000000000,00	 0000000000000,00	 0000000000000,00	 0000000000000,00
246000206	 0000000000000,00	 0000000000000,00	 0000000000000,00	 0000000000000,00
246000207	 0000000000000,00	 0000000000000,00	 0000000000000,00	 0000000000000,00
246000208	 0000000000000,00	 0000000000000,00	 0000000000000,00	 0000000000000,00
246000290	 0000000000000,00	 0000000000000,00	 0000000000000,00	 0000000000000,00
246000300	 0000000000000,00	 0000000000000,00	 0000000000000,00	 0000000000000,00
246000301	 0000000000000,00	 0000000000000,00	 0000000000000,00	 0000000000000,00
246000302	 0000000000000,00	 0000000000000,00	 0000000000000,00	 0000000000000,00
246000303	 0000000000000,00	 0000000000000,00	 0000000000000,00	 0000000000000,00
246000304	 0000000000000,00	 0000000000000,00	 0000000000000,00	 0000000000000,00
246000305	 0000000000000,00	 0000000000000,00	 0000000000000,00	 0000000000000,00
246000390	 0000000000000,00	 0000000000000,00	 0000000000000,00	 0000000000000,00
250000000	 0000000000000,00	 0006494663167,00	 0000000000000,00	 0000000000000,00
255000000	 0000000000000,00	 0398589892721,00	 0000000000000,00	 0000000000000,00
255000100	 0000000000000,00	 0398589892721,00	 0000000000000,00	 0000000000000,00
255000101	 0000000000000,00	 0000000000000,00	 0000000000000,00	 0000000000000,00
255000102	 0000000000000,00	 0398589892721,00	 0000000000000,00	 0000000000000,00
255000200	 0000000000000,00	 0000000000000,00	 0000000000000,00	 0000000000000,00
255000300	 0000000000000,00	 0000000000000,00	 0000000000000,00	 0000000000000,00
260000000	 0017746155512,00	 0000000000000,00	 0000000000000,00	 0000000000000,00
260000100	 0010742820206,00	 0000000000000,00	 0000000000000,00	 0000000000000,00
260000101	 0004701237555,00	 0000000000000,00	 0000000000000,00	 0000000000000,00
260000102	 0000000000000,00	 0000000000000,00	 0000000000000,00	 0000000000000,00
260000103	 0000000000000,00	 0000000000000,00	 0000000000000,00	 0000000000000,00
260000104	 0000000000000,00	 0000000000000,00	 0000000000000,00	 0000000000000,00
260000105	 0000000000000,00	 0000000000000,00	 0000000000000,00	 0000000000000,00
260000106	 0000000000000,00	 0000000000000,00	 0000000000000,00	 0000000000000,00
260000107	 0000000000000,00	 0000000000000,00	 0000000000000,00	 0000000000000,00
260000109	 0006041582651,00	 0000000000000,00	 0000000000000,00	 0000000000000,00
260000200	 0000000000000,00	 0000000000000,00	 0000000000000,00	 0000000000000,00
260000300	 0000000000000,00	 0000000000000,00	 0000000000000,00	 0000000000000,00
260000400	 0000005511434,00	 0000000000000,00	 0000000000000,00	 0000000000000,00
260000500	 0005196318933,00	 0000000000000,00	 0000000000000,00	 0000000000000,00
260000600	 0000000000000,00	 0000000000000,00	 0000000000000,00	 0000000000000,00
260000900	 0001801504939,00	 0000000000000,00	 0000000000000,00	 0000000000000,00
265000000	 0051716476471,00	 0000000000000,00	 0000000000000,00	 0000000000000,00
265000100	 0051716476471,00	 0000000000000,00	 0000000000000,00	 0000000000000,00
265000101	 0051716476471,00	 0000000000000,00	 0000000000000,00	 0000000000000,00
265000102	 0000000000000,00	 0000000000000,00	 0000000000000,00	 0000000000000,00
265000200	 0000000000000,00	 0000000000000,00	 0000000000000,00	 0000000000000,00
265000300	 0000000000000,00	 0000000000000,00	 0000000000000,00	 0000000000000,00
270000000	 0029435673363,00	 0000000000000,00	 0000000000000,00	 0001267406076,00
271000000	 0006736145311,00	 0000000000000,00	 0000000000000,00	 0001267406076,00
271000100	 0000000000000,00	 0000000000000,00	 0000000000000,00	 0000151756022,00
271000200	 0000000000000,00	 0000000000000,00	 0000000000000,00	 0000017245293,00
271000400	 0002976552189,00	 0000000000000,00	 0000000000000,00	 0000178291366,00
271000500	 0001562441188,00	 0000000000000,00	 0000000000000,00	 0000269189332,00
271000501	 0001278201912,00	 0000000000000,00	 0000000000000,00	 0000000000000,00
271000502	 0000284239276,00	 0000000000000,00	 0000000000000,00	 0000269189332,00
271000503	 0000000000000,00	 0000000000000,00	 0000000000000,00	 0000000000000,00
271000504	 0000000000000,00	 0000000000000,00	 0000000000000,00	 0000000000000,00
271000505	 0000000000000,00	 0000000000000,00	 0000000000000,00	 0000000000000,00
271000600	 0001442488966,00	 0000000000000,00	 0000000000000,00	 0000000000000,00
271000601	 0000000000000,00	 0000000000000,00	 0000000000000,00	 0000000000000,00
271000602	 0001442488966,00	 0000000000000,00	 0000000000000,00	 0000000000000,00
271000700	 0000754662968,00	 0000000000000,00	 0000000000000,00	 0000650924063,00
271000701	 0000000000000,00	 0000000000000,00	 0000000000000,00	 0000000000000,00
271000702	 0000000000000,00	 0000000000000,00	 0000000000000,00	 0000000000000,00
271000703	 0000252943930,00	 0000000000000,00	 0000000000000,00	 0000000000000,00
271000704	 0000501719038,00	 0000000000000,00	 0000000000000,00	 0000650924063,00
271000705	 0000000000000,00	 0000000000000,00	 0000000000000,00	 0000000000000,00
271000800	 0000000000000,00	 0000000000000,00	 0000000000000,00	 0000000000000,00
271000900	 0000000000000,00	 0000000000000,00	 0000000000000,00	 0000000000000,00
272000000	 0000699528052,00	 0000000000000,00	 0000000000000,00	 0000000000000,00
273000000	 0000000000000,00	 0000000000000,00	 0000000000000,00	 0000000000000,00
274000000	 0022000000000,00	 0000000000000,00	 0000000000000,00	 0000000000000,00
274000100	 0011000000000,00	 0000000000000,00	 0000000000000,00	 0000000000000,00
274000200	 0001000000000,00	 0000000000000,00	 0000000000000,00	 0000000000000,00
274000300	 0010000000000,00	 0000000000000,00	 0000000000000,00	 0000000000000,00
275000000	 0000000000000,00	 0000000000000,00	 0000000000000,00	 0000000000000,00
275000100	 0000000000000,00	 0000000000000,00	 0000000000000,00	 0000000000000,00
275000200	 0000000000000,00	 0000000000000,00	 0000000000000,00	 0000000000000,00
275000300	 0000000000000,00	 0000000000000,00	 0000000000000,00	 0000000000000,00
275000400	 0000000000000,00	 0000000000000,00	 0000000000000,00	 0000000000000,00
275000500	 0000000000000,00	 0000000000000,00	 0000000000000,00	 0000000000000,00
275000600	 0000000000000,00	 0000000000000,00	 0000000000000,00	 0000000000000,00
279000000	 0000000000000,00	 0000000000000,00	 0000000000000,00	 0000000000000,00
279000100	 0000000000000,00	 0000000000000,00	 0000000000000,00	 0000000000000,00
279000200	 0000000000000,00	 0000000000000,00	 0000000000000,00	 0000000000000,00
279000300	 0000000000000,00	 0000000000000,00	 0000000000000,00	 0000000000000,00
280000000	 0000315212698,00	 0000000000000,00	 0000000000000,00	 0000000000000,00
285000000	 0000000000000,00	 0000000000000,00	 0000000000000,00	 0000000000000,00
290000000	 0096269526476,00	 0000035388077,00	 0000000000000,00	 0061479146229,00
290000100	 0029020079137,00	 0000000000000,00	 0000000000000,00	 0060629244000,00
290000101	 0029020079137,00	 0000000000000,00	 0000000000000,00	 0000000000000,00
290000102	 0000000000000,00	 0000000000000,00	 0000000000000,00	 0000000000000,00
290000103	 0000000000000,00	 0000000000000,00	 0000000000000,00	 0060629244000,00
290000104	 0000000000000,00	 0000000000000,00	 0000000000000,00	 0000000000000,00
290000200	 0009829597731,00	 0000000000000,00	 0000000000000,00	 0000000000000,00
290000201	 0005079052869,00	 0000000000000,00	 0000000000000,00	 0000000000000,00
290000202	 0004750544862,00	 0000000000000,00	 0000000000000,00	 0000000000000,00
290000203	 0000000000000,00	 0000000000000,00	 0000000000000,00	 0000000000000,00
290000300	 0031072269413,00	 0000000000000,00	 0000000000000,00	 0000000000000,00
290000301	 0000000000000,00	 0000000000000,00	 0000000000000,00	 0000000000000,00
290000302	 0002527119768,00	 0000000000000,00	 0000000000000,00	 0000000000000,00
290000303	 0000000000000,00	 0000000000000,00	 0000000000000,00	 0000000000000,00
290000304	 0000000000000,00	 0000000000000,00	 0000000000000,00	 0000000000000,00
290000305	 0000838299956,00	 0000000000000,00	 0000000000000,00	 0000000000000,00
290000306	 0000000000000,00	 0000000000000,00	 0000000000000,00	 0000000000000,00
290000307	 0001557186162,00	 0000000000000,00	 0000000000000,00	 0000000000000,00
290000308	 0014008001742,00	 0000000000000,00	 0000000000000,00	 0000000000000,00
290000309	 0006720664692,00	 0000000000000,00	 0000000000000,00	 0000000000000,00
290000390	 0005420997093,00	 0000000000000,00	 0000000000000,00	 0000000000000,00
290000400	 0000000000000,00	 0000000000000,00	 0000000000000,00	 0000000000000,00
290000500	 0000000000000,00	 0000035388077,00	 0000000000000,00	 0000000000000,00
290000501	 0000000000000,00	 0000035388077,00	 0000000000000,00	 0000000000000,00
290000502	 0000000000000,00	 0000000000000,00	 0000000000000,00	 0000000000000,00
290000700	 0016789342053,00	 0000000000000,00	 0000000000000,00	 0000000000000,00
290000800	 0002251236564,00	 0000000000000,00	 0000000000000,00	 0000648358370,00
290000801	 0000000000000,00	 0000000000000,00	 0000000000000,00	 0000000000000,00
290000802	 0000000000000,00	 0000000000000,00	 0000000000000,00	 0000000000000,00
290000803	 0002131000000,00	 0000000000000,00	 0000000000000,00	 0000000000000,00
290000809	 0000120236564,00	 0000000000000,00	 0000000000000,00	 0000648358370,00
290000900	 0001774916985,00	 0000000000000,00	 0000000000000,00	 0000000000000,00
290001000	 0000000000000,00	 0000000000000,00	 0000000000000,00	 0000000000000,00
290001100	 0001996948515,00	 0000000000000,00	 0000000000000,00	 0000195629779,00
290001200	 0003535136078,00	 0000000000000,00	 0000000000000,00	 0000005914080,00
295000000	 0000000000000,00	 0000000000000,00	 0000000000000,00	 0000000000000,00
300000000	 0812814367023,00	 0000000000000,00	 0000000000000,00	 0000000000000,00
310000000	 0325040961836,00	 0000000000000,00	 0000000000000,00	 0000000000000,00
311000000	 0325040961836,00	 0000000000000,00	 0000000000000,00	 0000000000000,00
311000100	 0325040961836,00	 0000000000000,00	 0000000000000,00	 0000000000000,00
311000200	 0000000000000,00	 0000000000000,00	 0000000000000,00	 0000000000000,00
311000300	 0000000000000,00	 0000000000000,00	 0000000000000,00	 0000000000000,00
311000400	 0000000000000,00	 0000000000000,00	 0000000000000,00	 0000000000000,00
311000500	 0000000000000,00	 0000000000000,00	 0000000000000,00	 0000000000000,00
311000600	 0000000000000,00	 0000000000000,00	 0000000000000,00	 0000000000000,00
312000000	 0000000000000,00	 0000000000000,00	 0000000000000,00	 0000000000000,00
313000000	 0000000000000,00	 0000000000000,00	 0000000000000,00	 0000000000000,00
320000000	 0018153393381,00	 0000000000000,00	 0000000000000,00	 0000000000000,00
320000100	 0018153393381,00	 0000000000000,00	 0000000000000,00	 0000000000000,00
320000200	 0000000000000,00	 0000000000000,00	 0000000000000,00	 0000000000000,00
320000300	 0000000000000,00	 0000000000000,00	 0000000000000,00	 0000000000000,00
320000400	 0000000000000,00	 0000000000000,00	 0000000000000,00	 0000000000000,00
330000000	 0006251127262,00	 0000000000000,00	 0000000000000,00	 0000000000000,00
331000000	 0000153700071,00	 0000000000000,00	 0000000000000,00	 0000000000000,00
331000100	 0000000000000,00	 0000000000000,00	 0000000000000,00	 0000000000000,00
331000200	 0000153700071,00	 0000000000000,00	 0000000000000,00	 0000000000000,00
331000201	 0000153700071,00	 0000000000000,00	 0000000000000,00	 0000000000000,00
331000202	 0000000000000,00	 0000000000000,00	 0000000000000,00	 0000000000000,00
331000203	 0000000000000,00	 0000000000000,00	 0000000000000,00	 0000000000000,00
331000209	 0000000000000,00	 0000000000000,00	 0000000000000,00	 0000000000000,00
331000300	 0000000000000,00	 0000000000000,00	 0000000000000,00	 0000000000000,00
331000400	 0000000000000,00	 0000000000000,00	 0000000000000,00	 0000000000000,00
331000500	 0000000000000,00	 0000000000000,00	 0000000000000,00	 0000000000000,00
331000900	 0000000000000,00	 0000000000000,00	 0000000000000,00	 0000000000000,00
332000000	 0006097427191,00	 0000000000000,00	 0000000000000,00	 0000000000000,00
332000100	 0003528170653,00	 0000000000000,00	 0000000000000,00	 0000000000000,00
332000200	 0000000000000,00	 0000000000000,00	 0000000000000,00	 0000000000000,00
332000300	 0000000000000,00	 0000000000000,00	 0000000000000,00	 0000000000000,00
332000400	 0002569256538,00	 0000000000000,00	 0000000000000,00	 0000000000000,00
332000500	 0000000000000,00	 0000000000000,00	 0000000000000,00	 0000000000000,00
332000600	 0000000000000,00	 0000000000000,00	 0000000000000,00	 0000000000000,00
332000700	 0000000000000,00	 0000000000000,00	 0000000000000,00	 0000000000000,00
332000900	 0000000000000,00	 0000000000000,00	 0000000000000,00	 0000000000000,00
340000000	 0485012594513,00	 0000000000000,00	 0000000000000,00	 0000000000000,00
340000100	 0485012594513,00	 0000000000000,00	 0000000000000,00	 0000000000000,00
340000200	 0000000000000,00	 0000000000000,00	 0000000000000,00	 0000000000000,00
350000000	 0030022135134,00	 0000000000000,00	 0000000000000,00	 0000000000000,00
360000000	-0051716476471,00	 0000000000000,00	 0000000000000,00	 0000000000000,00
360000100	-0051716476471,00	 0000000000000,00	 0000000000000,00	 0000000000000,00
360000101	-0051716476471,00	 0000000000000,00	 0000000000000,00	 0000000000000,00
360000102	 0000000000000,00	 0000000000000,00	 0000000000000,00	 0000000000000,00
360000200	 0000000000000,00	 0000000000000,00	 0000000000000,00	 0000000000000,00
360000300	 0000000000000,00	 0000000000000,00	 0000000000000,00	 0000000000000,00
365000000	 0000000000000,00	 0000000000000,00	 0000000000000,00	 0000000000000,00
380000000	 0812763735655,00	 0000000000000,00	 0000000000000,00	 0000000000000,00
390000000	 0000050631368,00	 0000000000000,00	 0000000000000,00	 0000000000000,00
500000000	 2643124248922,00	 3843027452191,00	 0007024969374,00	 0776265106699,00
505000000	 2643124248922,00	 3843027452191,00	 0007024969374,00	 0776265106699,00
510000000	 5341898587906,00	 3746846112738,00	 0015834249728,00	 1281148156399,00
