009	BANCO INTERNACIONAL                                                     
1000000	 0000000463300,00	 0000000516074,00	 0000000001727,00	 0000000131887,00
1100000	 0000000022031,00	 0000000000000,00	 0000000000000,00	 0000000023115,00
1100100	 0000000006229,00	 0000000000000,00	 0000000000000,00	 0000000002013,00
1100200	 0000000015370,00	 0000000000000,00	 0000000000000,00	 0000000002854,00
1100300	 0000000000432,00	 0000000000000,00	 0000000000000,00	 0000000000000,00
1100400	 0000000000000,00	 0000000000000,00	 0000000000000,00	 0000000018248,00
1130000	 0000000016556,00	 0000000000000,00	 0000000000000,00	 0000000010703,00
1130100	 0000000005658,00	 0000000000000,00	 0000000000000,00	 0000000000094,00
1130200	 0000000010898,00	 0000000000000,00	 0000000000000,00	 0000000010609,00
1150000	 0000000031946,00	 0000000166575,00	 0000000000000,00	 0000000000000,00
1150100	 0000000000000,00	 0000000000036,00	 0000000000000,00	 0000000000000,00
1150200	 0000000021268,00	 0000000166539,00	 0000000000000,00	 0000000000000,00
1150300	 0000000000000,00	 0000000000000,00	 0000000000000,00	 0000000000000,00
1150400	 0000000010678,00	 0000000000000,00	 0000000000000,00	 0000000000000,00
1160000	 0000000000000,00	 0000000000000,00	 0000000000000,00	 0000000000000,00
1160100	 0000000000000,00	 0000000000000,00	 0000000000000,00	 0000000000000,00
1160200	 0000000000000,00	 0000000000000,00	 0000000000000,00	 0000000000000,00
1250000	 0000000026162,00	 0000000000000,00	 0000000000000,00	 0000000000000,00
1250100	 0000000026162,00	 0000000000000,00	 0000000000000,00	 0000000000000,00
1250200	 0000000000000,00	 0000000000000,00	 0000000000000,00	 0000000000000,00
1270000	 0000000000000,00	 0000000000000,00	 0000000000000,00	 0000000000000,00
1270100	 0000000000000,00	 0000000000000,00	 0000000000000,00	 0000000000000,00
1270112	 0000000000000,00	 0000000000000,00	 0000000000000,00	 0000000000000,00
1270113	 0000000000000,00	 0000000000000,00	 0000000000000,00	 0000000000000,00
1270116	 0000000000000,00	 0000000000000,00	 0000000000000,00	 0000000000000,00
1270117	 0000000000000,00	 0000000000000,00	 0000000000000,00	 0000000000000,00
1270118	 0000000000000,00	 0000000000000,00	 0000000000000,00	 0000000000000,00
1270190	 0000000000000,00	 0000000000000,00	 0000000000000,00	 0000000000000,00
1270200	 0000000000000,00	 0000000000000,00	 0000000000000,00	 0000000000000,00
1270202	 0000000000000,00	 0000000000000,00	 0000000000000,00	 0000000000000,00
1270203	 0000000000000,00	 0000000000000,00	 0000000000000,00	 0000000000000,00
1270206	 0000000000000,00	 0000000000000,00	 0000000000000,00	 0000000000000,00
1270207	 0000000000000,00	 0000000000000,00	 0000000000000,00	 0000000000000,00
1270208	 0000000000000,00	 0000000000000,00	 0000000000000,00	 0000000000000,00
1270290	 0000000000000,00	 0000000000000,00	 0000000000000,00	 0000000000000,00
1270300	 0000000000000,00	 0000000000000,00	 0000000000000,00	 0000000000000,00
1300000	 0000000305788,00	 0000000320484,00	 0000000001690,00	 0000000097341,00
1302000	 0000000317039,00	 0000000291839,00	 0000000001690,00	 0000000097287,00
1302100	 0000000247881,00	 0000000189080,00	 0000000000593,00	 0000000030470,00
1302101	 0000000247881,00	 0000000177202,00	 0000000000593,00	 0000000030470,00
1302102	 0000000000000,00	 0000000000000,00	 0000000000000,00	 0000000000000,00
1302170	 0000000000000,00	 0000000011878,00	 0000000000000,00	 0000000000000,00
1302180	 0000000000000,00	 0000000000000,00	 0000000000000,00	 0000000000000,00
1302200	 0000000003188,00	 0000000000000,00	 0000000000000,00	 0000000066498,00
1302201	 0000000003188,00	 0000000000000,00	 0000000000000,00	 0000000028736,00
1302202	 0000000000000,00	 0000000000000,00	 0000000000000,00	 0000000000000,00
1302241	 0000000000000,00	 0000000000000,00	 0000000000000,00	 0000000037762,00
1302242	 0000000000000,00	 0000000000000,00	 0000000000000,00	 0000000000000,00
1302281	 0000000000000,00	 0000000000000,00	 0000000000000,00	 0000000000000,00
1302282	 0000000000000,00	 0000000000000,00	 0000000000000,00	 0000000000000,00
1302300	 0000000009063,00	 0000000000000,00	 0000000000000,00	 0000000000000,00
1302500	 0000000042757,00	 0000000000000,00	 0000000000000,00	 0000000000265,00
1302800	 0000000012943,00	 0000000102759,00	 0000000001097,00	 0000000000000,00
1302900	 0000000001207,00	 0000000000000,00	 0000000000000,00	 0000000000054,00
1304000	 0000000000000,00	 0000000021551,00	 0000000000000,00	 0000000000000,00
1304100	 0000000000000,00	 0000000018152,00	 0000000000000,00	 0000000000000,00
1304101	 0000000000000,00	 0000000018152,00	 0000000000000,00	 0000000000000,00
1304102	 0000000000000,00	 0000000000000,00	 0000000000000,00	 0000000000000,00
1304200	 0000000000000,00	 0000000000884,00	 0000000000000,00	 0000000000000,00
1304400	 0000000000000,00	 0000000000000,00	 0000000000000,00	 0000000000000,00
1304500	 0000000000000,00	 0000000002392,00	 0000000000000,00	 0000000000000,00
1304600	 0000000000000,00	 0000000000000,00	 0000000000000,00	 0000000000000,00
1304800	 0000000000000,00	 0000000000000,00	 0000000000000,00	 0000000000000,00
1304900	 0000000000000,00	 0000000000123,00	 0000000000000,00	 0000000000000,00
1305000	 0000000008548,00	 0000000007094,00	 0000000000000,00	 0000000000054,00
1305100	 0000000004653,00	 0000000007029,00	 0000000000000,00	 0000000000000,00
1305300	 0000000001053,00	 0000000000000,00	 0000000000000,00	 0000000000000,00
1305400	 0000000000949,00	 0000000000000,00	 0000000000000,00	 0000000000054,00
1305800	 0000000000030,00	 0000000000030,00	 0000000000000,00	 0000000000000,00
1305900	 0000000001863,00	 0000000000035,00	 0000000000000,00	 0000000000000,00
1309000	-0000000019799,00	 0000000000000,00	 0000000000000,00	 0000000000000,00
1309100	-0000000018576,00	 0000000000000,00	 0000000000000,00	 0000000000000,00
1309200	-0000000000144,00	 0000000000000,00	 0000000000000,00	 0000000000000,00
1309300	-0000000001079,00	 0000000000000,00	 0000000000000,00	 0000000000000,00
1350000	 0000000014772,00	 0000000028369,00	 0000000000000,00	 0000000000000,00
1350100	 0000000014772,00	 0000000000000,00	 0000000000000,00	 0000000000000,00
1350200	 0000000000000,00	 0000000028369,00	 0000000000000,00	 0000000000000,00
1350300	 0000000000000,00	 0000000000000,00	 0000000000000,00	 0000000000000,00
1360000	 0000000000000,00	 0000000000000,00	 0000000000000,00	 0000000000000,00
1360100	 0000000000000,00	 0000000000000,00	 0000000000000,00	 0000000000000,00
1360200	 0000000000000,00	 0000000000000,00	 0000000000000,00	 0000000000000,00
1360300	 0000000000000,00	 0000000000000,00	 0000000000000,00	 0000000000000,00
1400000	 0000000000328,00	 0000000000000,00	 0000000000000,00	 0000000000000,00
1400100	 0000000000000,00	 0000000000000,00	 0000000000000,00	 0000000000000,00
1400101	 0000000000000,00	 0000000000000,00	 0000000000000,00	 0000000000000,00
1400103	 0000000000000,00	 0000000000000,00	 0000000000000,00	 0000000000000,00
1400200	 0000000000328,00	 0000000000000,00	 0000000000000,00	 0000000000000,00
1500000	 0000000003853,00	 0000000000000,00	 0000000000000,00	 0000000000000,00
1500100	 0000000000000,00	 0000000000000,00	 0000000000000,00	 0000000000000,00
1500200	 0000000003853,00	 0000000000000,00	 0000000000000,00	 0000000000000,00
1600000	 0000000013436,00	 0000000000000,00	 0000000000000,00	 0000000000000,00
1600100	 0000000012111,00	 0000000000000,00	 0000000000000,00	 0000000000000,00
1600200	 0000000001325,00	 0000000000000,00	 0000000000000,00	 0000000000000,00
1700000	 0000000001268,00	 0000000000000,00	 0000000000000,00	 0000000000000,00
1750000	 0000000004511,00	 0000000000000,00	 0000000000000,00	 0000000000000,00
1800000	 0000000022649,00	 0000000000646,00	 0000000000037,00	 0000000000728,00
1800100	 0000000000000,00	 0000000000125,00	 0000000000000,00	 0000000000000,00
1800200	 0000000000744,00	 0000000000000,00	 0000000000000,00	 0000000000000,00
1800900	 0000000021905,00	 0000000000521,00	 0000000000037,00	 0000000000728,00
2000000	 0000000714662,00	 0000000179192,00	 0000000000606,00	 0000000149640,00
2100000	 0000000067093,00	 0000000000851,00	 0000000000000,00	 0000000006134,00
2100100	 0000000048115,00	 0000000000000,00	 0000000000000,00	 0000000004227,00
2100109	 0000000043137,00	 0000000000000,00	 0000000000000,00	 0000000003911,00
2100110	 0000000004631,00	 0000000000000,00	 0000000000000,00	 0000000000316,00
2100200	 0000000004149,00	 0000000000000,00	 0000000000000,00	 0000000000000,00
2100300	 0000000014829,00	 0000000000851,00	 0000000000000,00	 0000000001907,00
2130000	 0000000011305,00	 0000000000000,00	 0000000000000,00	 0000000011989,00
2160000	 0000000000000,00	 0000000000000,00	 0000000000000,00	 0000000000000,00
2160100	 0000000000000,00	 0000000000000,00	 0000000000000,00	 0000000000000,00
2160200	 0000000000000,00	 0000000000000,00	 0000000000000,00	 0000000000000,00
2200000	 0000000596543,00	 0000000081628,00	 0000000000000,00	 0000000059786,00
2200100	 0000000596495,00	 0000000080933,00	 0000000000000,00	 0000000059786,00
2200200	 0000000000000,00	 0000000000597,00	 0000000000000,00	 0000000000000,00
2200900	 0000000000048,00	 0000000000098,00	 0000000000000,00	 0000000000000,00
2250000	 0000000022285,00	 0000000000000,00	 0000000000000,00	 0000000000000,00
2250100	 0000000022285,00	 0000000000000,00	 0000000000000,00	 0000000000000,00
2250200	 0000000000000,00	 0000000000000,00	 0000000000000,00	 0000000000000,00
2300000	 0000000000000,00	 0000000000000,00	 0000000000000,00	 0000000071651,00
2301000	 0000000000000,00	 0000000000000,00	 0000000000000,00	 0000000000000,00
2301001	 0000000000000,00	 0000000000000,00	 0000000000000,00	 0000000000000,00
2302000	 0000000000000,00	 0000000000000,00	 0000000000000,00	 0000000071651,00
2302100	 0000000000000,00	 0000000000000,00	 0000000000000,00	 0000000071651,00
2302200	 0000000000000,00	 0000000000000,00	 0000000000000,00	 0000000000000,00
2303000	 0000000000000,00	 0000000000000,00	 0000000000000,00	 0000000000000,00
2303100	 0000000000000,00	 0000000000000,00	 0000000000000,00	 0000000000000,00
2303900	 0000000000000,00	 0000000000000,00	 0000000000000,00	 0000000000000,00
2400000	 0000000000000,00	 0000000081214,00	 0000000000000,00	 0000000000000,00
2401000	 0000000000000,00	 0000000006953,00	 0000000000000,00	 0000000000000,00
2402000	 0000000000000,00	 0000000074261,00	 0000000000000,00	 0000000000000,00
2402100	 0000000000000,00	 0000000018114,00	 0000000000000,00	 0000000000000,00
2402200	 0000000000000,00	 0000000056147,00	 0000000000000,00	 0000000000000,00
2402300	 0000000000000,00	 0000000000000,00	 0000000000000,00	 0000000000000,00
2500000	 0000000000383,00	 0000000009748,00	 0000000000590,00	 0000000000000,00
2500100	 0000000000295,00	 0000000009748,00	 0000000000590,00	 0000000000000,00
2500200	 0000000000088,00	 0000000000000,00	 0000000000000,00	 0000000000000,00
2500300	 0000000000000,00	 0000000000000,00	 0000000000000,00	 0000000000000,00
2600000	 0000000000000,00	 0000000000000,00	 0000000000000,00	 0000000000000,00
2650000	 0000000006954,00	 0000000000000,00	 0000000000000,00	 0000000000000,00
2700000	 0000000003429,00	 0000000000000,00	 0000000000000,00	 0000000000000,00
2700100	 0000000000429,00	 0000000000000,00	 0000000000000,00	 0000000000000,00
2700200	 0000000001363,00	 0000000000000,00	 0000000000000,00	 0000000000000,00
2700300	 0000000000779,00	 0000000000000,00	 0000000000000,00	 0000000000000,00
2700400	 0000000000858,00	 0000000000000,00	 0000000000000,00	 0000000000000,00
2700401	 0000000000000,00	 0000000000000,00	 0000000000000,00	 0000000000000,00
2700402	 0000000000000,00	 0000000000000,00	 0000000000000,00	 0000000000000,00
2700411	 0000000000858,00	 0000000000000,00	 0000000000000,00	 0000000000000,00
2700412	 0000000000000,00	 0000000000000,00	 0000000000000,00	 0000000000000,00
2700413	 0000000000000,00	 0000000000000,00	 0000000000000,00	 0000000000000,00
2700421	 0000000000000,00	 0000000000000,00	 0000000000000,00	 0000000000000,00
2700422	 0000000000000,00	 0000000000000,00	 0000000000000,00	 0000000000000,00
2700423	 0000000000000,00	 0000000000000,00	 0000000000000,00	 0000000000000,00
2700490	 0000000000000,00	 0000000000000,00	 0000000000000,00	 0000000000000,00
2800000	 0000000006670,00	 0000000005751,00	 0000000000016,00	 0000000000080,00
3000000	 0000000068888,00	 0000000000000,00	 0000000000000,00	 0000000000000,00
3101000	 0000000057544,00	 0000000000000,00	 0000000000000,00	 0000000000000,00
3102000	 0000000008310,00	 0000000000000,00	 0000000000000,00	 0000000000000,00
3103000	-0000000000146,00	 0000000000000,00	 0000000000000,00	 0000000000000,00
3104000	 0000000003180,00	 0000000000000,00	 0000000000000,00	 0000000000000,00
3104100	 0000000002520,00	 0000000000000,00	 0000000000000,00	 0000000000000,00
3104200	 0000000002023,00	 0000000000000,00	 0000000000000,00	 0000000000000,00
3104300	-0000000001363,00	 0000000000000,00	 0000000000000,00	 0000000000000,00
3200000	 0000000000000,00	 0000000000000,00	 0000000000000,00	 0000000000000,00
5001000	 0000000068888,00	 0000000000000,00	 0000000000000,00	 0000000000000,00
5002000	 0000000783550,00	 0000000179192,00	 0000000000606,00	 0000000149640,00
5100000	 0000000325587,00	 0000000320484,00	 0000000001690,00	 0000000097341,00
