051	BANCO FALABELLA                                                         
1000000	 0000000948080,00	 0000000527713,00	 0000000000000,00	 0000000068934,00
1100000	 0000000106618,00	 0000000000000,00	 0000000000000,00	 0000000001708,00
1100100	 0000000074495,00	 0000000000000,00	 0000000000000,00	 0000000001219,00
1100200	 0000000031632,00	 0000000000000,00	 0000000000000,00	 0000000000348,00
1100300	 0000000000491,00	 0000000000000,00	 0000000000000,00	 0000000000117,00
1100400	 0000000000000,00	 0000000000000,00	 0000000000000,00	 0000000000024,00
1130000	 0000000017036,00	 0000000000000,00	 0000000000000,00	 0000000014726,00
1130100	 0000000002697,00	 0000000000000,00	 0000000000000,00	 0000000000000,00
1130200	 0000000014339,00	 0000000000000,00	 0000000000000,00	 0000000014726,00
1150000	 0000000222605,00	 0000000033330,00	 0000000000000,00	 0000000000000,00
1150100	 0000000000000,00	 0000000026368,00	 0000000000000,00	 0000000000000,00
1150200	 0000000187284,00	 0000000006962,00	 0000000000000,00	 0000000000000,00
1150300	 0000000000000,00	 0000000000000,00	 0000000000000,00	 0000000000000,00
1150400	 0000000035321,00	 0000000000000,00	 0000000000000,00	 0000000000000,00
1160000	 0000000000000,00	 0000000000000,00	 0000000000000,00	 0000000000000,00
1160100	 0000000000000,00	 0000000000000,00	 0000000000000,00	 0000000000000,00
1160200	 0000000000000,00	 0000000000000,00	 0000000000000,00	 0000000000000,00
1250000	 0000000001776,00	 0000000000254,00	 0000000000000,00	 0000000000000,00
1250100	 0000000001636,00	 0000000000254,00	 0000000000000,00	 0000000000000,00
1250200	 0000000000140,00	 0000000000000,00	 0000000000000,00	 0000000000000,00
1270000	 0000000000000,00	 0000000000000,00	 0000000000000,00	 0000000000000,00
1270100	 0000000000000,00	 0000000000000,00	 0000000000000,00	 0000000000000,00
1270112	 0000000000000,00	 0000000000000,00	 0000000000000,00	 0000000000000,00
1270113	 0000000000000,00	 0000000000000,00	 0000000000000,00	 0000000000000,00
1270116	 0000000000000,00	 0000000000000,00	 0000000000000,00	 0000000000000,00
1270117	 0000000000000,00	 0000000000000,00	 0000000000000,00	 0000000000000,00
1270118	 0000000000000,00	 0000000000000,00	 0000000000000,00	 0000000000000,00
1270190	 0000000000000,00	 0000000000000,00	 0000000000000,00	 0000000000000,00
1270200	 0000000000000,00	 0000000000000,00	 0000000000000,00	 0000000000000,00
1270202	 0000000000000,00	 0000000000000,00	 0000000000000,00	 0000000000000,00
1270203	 0000000000000,00	 0000000000000,00	 0000000000000,00	 0000000000000,00
1270206	 0000000000000,00	 0000000000000,00	 0000000000000,00	 0000000000000,00
1270207	 0000000000000,00	 0000000000000,00	 0000000000000,00	 0000000000000,00
1270208	 0000000000000,00	 0000000000000,00	 0000000000000,00	 0000000000000,00
1270290	 0000000000000,00	 0000000000000,00	 0000000000000,00	 0000000000000,00
1270300	 0000000000000,00	 0000000000000,00	 0000000000000,00	 0000000000000,00
1300000	 0000000540304,00	 0000000493894,00	 0000000000000,00	 0000000000215,00
1302000	 0000000001536,00	 0000000083133,00	 0000000000000,00	 0000000000000,00
1302100	 0000000001536,00	 0000000005422,00	 0000000000000,00	 0000000000000,00
1302101	 0000000001536,00	 0000000003439,00	 0000000000000,00	 0000000000000,00
1302102	 0000000000000,00	 0000000000000,00	 0000000000000,00	 0000000000000,00
1302170	 0000000000000,00	 0000000001983,00	 0000000000000,00	 0000000000000,00
1302180	 0000000000000,00	 0000000000000,00	 0000000000000,00	 0000000000000,00
1302200	 0000000000000,00	 0000000000000,00	 0000000000000,00	 0000000000000,00
1302201	 0000000000000,00	 0000000000000,00	 0000000000000,00	 0000000000000,00
1302202	 0000000000000,00	 0000000000000,00	 0000000000000,00	 0000000000000,00
1302241	 0000000000000,00	 0000000000000,00	 0000000000000,00	 0000000000000,00
1302242	 0000000000000,00	 0000000000000,00	 0000000000000,00	 0000000000000,00
1302281	 0000000000000,00	 0000000000000,00	 0000000000000,00	 0000000000000,00
1302282	 0000000000000,00	 0000000000000,00	 0000000000000,00	 0000000000000,00
1302300	 0000000000000,00	 0000000000000,00	 0000000000000,00	 0000000000000,00
1302500	 0000000000000,00	 0000000000000,00	 0000000000000,00	 0000000000000,00
1302800	 0000000000000,00	 0000000000000,00	 0000000000000,00	 0000000000000,00
1302900	 0000000000000,00	 0000000077711,00	 0000000000000,00	 0000000000000,00
1304000	 0000000000084,00	 0000000329012,00	 0000000000000,00	 0000000000000,00
1304100	 0000000000000,00	 0000000138002,00	 0000000000000,00	 0000000000000,00
1304101	 0000000000000,00	 0000000138002,00	 0000000000000,00	 0000000000000,00
1304102	 0000000000000,00	 0000000000000,00	 0000000000000,00	 0000000000000,00
1304200	 0000000000001,00	 0000000025665,00	 0000000000000,00	 0000000000000,00
1304500	 0000000000000,00	 0000000136552,00	 0000000000000,00	 0000000000000,00
1304600	 0000000000000,00	 0000000000000,00	 0000000000000,00	 0000000000000,00
1304800	 0000000000000,00	 0000000000000,00	 0000000000000,00	 0000000000000,00
1304900	 0000000000083,00	 0000000028793,00	 0000000000000,00	 0000000000000,00
1305000	 0000000576125,00	 0000000081749,00	 0000000000000,00	 0000000000215,00
1305100	 0000000539458,00	 0000000081749,00	 0000000000000,00	 0000000000000,00
1305300	 0000000020515,00	 0000000000000,00	 0000000000000,00	 0000000000000,00
1305400	 0000000016152,00	 0000000000000,00	 0000000000000,00	 0000000000215,00
1305800	 0000000000000,00	 0000000000000,00	 0000000000000,00	 0000000000000,00
1305900	 0000000000000,00	 0000000000000,00	 0000000000000,00	 0000000000000,00
1309000	-0000000037441,00	 0000000000000,00	 0000000000000,00	 0000000000000,00
1309100	-0000000000285,00	 0000000000000,00	 0000000000000,00	 0000000000000,00
1309200	-0000000001549,00	 0000000000000,00	 0000000000000,00	 0000000000000,00
1309300	-0000000035607,00	 0000000000000,00	 0000000000000,00	 0000000000000,00
1350000	 0000000011530,00	 0000000000235,00	 0000000000000,00	 0000000000000,00
1350100	 0000000000101,00	 0000000000116,00	 0000000000000,00	 0000000000000,00
1350200	 0000000011429,00	 0000000000119,00	 0000000000000,00	 0000000000000,00
1350300	 0000000000000,00	 0000000000000,00	 0000000000000,00	 0000000000000,00
1360000	 0000000000000,00	 0000000000000,00	 0000000000000,00	 0000000000000,00
1360100	 0000000000000,00	 0000000000000,00	 0000000000000,00	 0000000000000,00
1360200	 0000000000000,00	 0000000000000,00	 0000000000000,00	 0000000000000,00
1360300	 0000000000000,00	 0000000000000,00	 0000000000000,00	 0000000000000,00
1400000	 0000000000082,00	 0000000000000,00	 0000000000000,00	 0000000000000,00
1400100	 0000000000000,00	 0000000000000,00	 0000000000000,00	 0000000000000,00
1400101	 0000000000000,00	 0000000000000,00	 0000000000000,00	 0000000000000,00
1400102	 0000000000000,00	 0000000000000,00	 0000000000000,00	 0000000000000,00
1400103	 0000000000000,00	 0000000000000,00	 0000000000000,00	 0000000000000,00
1400200	 0000000000082,00	 0000000000000,00	 0000000000000,00	 0000000000000,00
1500000	 0000000006572,00	 0000000000000,00	 0000000000000,00	 0000000000000,00
1500100	 0000000000000,00	 0000000000000,00	 0000000000000,00	 0000000000000,00
1500200	 0000000006572,00	 0000000000000,00	 0000000000000,00	 0000000000000,00
1600000	 0000000017710,00	 0000000000000,00	 0000000000000,00	 0000000000000,00
1600100	 0000000008289,00	 0000000000000,00	 0000000000000,00	 0000000000000,00
1600200	 0000000009421,00	 0000000000000,00	 0000000000000,00	 0000000000000,00
1700000	 0000000002174,00	 0000000000000,00	 0000000000000,00	 0000000000000,00
1750000	 0000000009556,00	 0000000000000,00	 0000000000000,00	 0000000000000,00
1800000	 0000000012117,00	 0000000000000,00	 0000000000000,00	 0000000052285,00
1800100	 0000000000000,00	 0000000000000,00	 0000000000000,00	 0000000000000,00
1800200	 0000000000832,00	 0000000000000,00	 0000000000000,00	 0000000000000,00
1800900	 0000000011285,00	 0000000000000,00	 0000000000000,00	 0000000052285,00
2000000	 0000000927498,00	 0000000423082,00	 0000000000000,00	 0000000068934,00
2100000	 0000000101522,00	 0000000012863,00	 0000000000000,00	 0000000000024,00
2100100	 0000000065110,00	 0000000000000,00	 0000000000000,00	 0000000000000,00
2100109	 0000000001996,00	 0000000000000,00	 0000000000000,00	 0000000000000,00
2100110	 0000000063114,00	 0000000000000,00	 0000000000000,00	 0000000000000,00
2100200	 0000000025460,00	 0000000000000,00	 0000000000000,00	 0000000000000,00
2100300	 0000000010952,00	 0000000012863,00	 0000000000000,00	 0000000000024,00
2130000	 0000000014541,00	 0000000000000,00	 0000000000000,00	 0000000014492,00
2160000	 0000000000000,00	 0000000000000,00	 0000000000000,00	 0000000000000,00
2160100	 0000000000000,00	 0000000000000,00	 0000000000000,00	 0000000000000,00
2160200	 0000000000000,00	 0000000000000,00	 0000000000000,00	 0000000000000,00
2200000	 0000000728972,00	 0000000036441,00	 0000000000000,00	 0000000053786,00
2200100	 0000000728972,00	 0000000002508,00	 0000000000000,00	 0000000053786,00
2200200	 0000000000000,00	 0000000033933,00	 0000000000000,00	 0000000000000,00
2200900	 0000000000000,00	 0000000000000,00	 0000000000000,00	 0000000000000,00
2250000	 0000000001888,00	 0000000000254,00	 0000000000000,00	 0000000000000,00
2250100	 0000000001888,00	 0000000000254,00	 0000000000000,00	 0000000000000,00
2250200	 0000000000000,00	 0000000000000,00	 0000000000000,00	 0000000000000,00
2300000	 0000000000000,00	 0000000000000,00	 0000000000000,00	 0000000000625,00
2301000	 0000000000000,00	 0000000000000,00	 0000000000000,00	 0000000000000,00
2301001	 0000000000000,00	 0000000000000,00	 0000000000000,00	 0000000000000,00
2302000	 0000000000000,00	 0000000000000,00	 0000000000000,00	 0000000000625,00
2302100	 0000000000000,00	 0000000000000,00	 0000000000000,00	 0000000000000,00
2302200	 0000000000000,00	 0000000000000,00	 0000000000000,00	 0000000000625,00
2303000	 0000000000000,00	 0000000000000,00	 0000000000000,00	 0000000000000,00
2303100	 0000000000000,00	 0000000000000,00	 0000000000000,00	 0000000000000,00
2303900	 0000000000000,00	 0000000000000,00	 0000000000000,00	 0000000000000,00
2400000	 0000000000875,00	 0000000306353,00	 0000000000000,00	 0000000000000,00
2401000	 0000000000000,00	 0000000142090,00	 0000000000000,00	 0000000000000,00
2402000	 0000000000875,00	 0000000164263,00	 0000000000000,00	 0000000000000,00
2402100	 0000000000000,00	 0000000124657,00	 0000000000000,00	 0000000000000,00
2402200	 0000000000875,00	 0000000039606,00	 0000000000000,00	 0000000000000,00
2500000	 0000000001581,00	 0000000067171,00	 0000000000000,00	 0000000000007,00
2500100	 0000000000000,00	 0000000067171,00	 0000000000000,00	 0000000000000,00
2500200	 0000000001581,00	 0000000000000,00	 0000000000000,00	 0000000000007,00
2500300	 0000000000000,00	 0000000000000,00	 0000000000000,00	 0000000000000,00
2600000	 0000000000000,00	 0000000000000,00	 0000000000000,00	 0000000000000,00
2650000	 0000000004837,00	 0000000000000,00	 0000000000000,00	 0000000000000,00
2700000	 0000000007841,00	 0000000000000,00	 0000000000000,00	 0000000000000,00
2700100	 0000000001160,00	 0000000000000,00	 0000000000000,00	 0000000000000,00
2700200	 0000000003674,00	 0000000000000,00	 0000000000000,00	 0000000000000,00
2700300	 0000000000904,00	 0000000000000,00	 0000000000000,00	 0000000000000,00
2700400	 0000000002103,00	 0000000000000,00	 0000000000000,00	 0000000000000,00
2700401	 0000000000000,00	 0000000000000,00	 0000000000000,00	 0000000000000,00
2700402	 0000000000000,00	 0000000000000,00	 0000000000000,00	 0000000000000,00
2700411	 0000000000000,00	 0000000000000,00	 0000000000000,00	 0000000000000,00
2700412	 0000000000000,00	 0000000000000,00	 0000000000000,00	 0000000000000,00
2700413	 0000000002100,00	 0000000000000,00	 0000000000000,00	 0000000000000,00
2700421	 0000000000000,00	 0000000000000,00	 0000000000000,00	 0000000000000,00
2700422	 0000000000000,00	 0000000000000,00	 0000000000000,00	 0000000000000,00
2700423	 0000000000003,00	 0000000000000,00	 0000000000000,00	 0000000000000,00
2700490	 0000000000000,00	 0000000000000,00	 0000000000000,00	 0000000000000,00
2800000	 0000000065441,00	 0000000000000,00	 0000000000000,00	 0000000000000,00
3000000	 0000000125213,00	 0000000000000,00	 0000000000000,00	 0000000000000,00
3101000	 0000000035286,00	 0000000000000,00	 0000000000000,00	 0000000000000,00
3102000	 0000000081343,00	 0000000000000,00	 0000000000000,00	 0000000000000,00
3103000	-0000000000006,00	 0000000000000,00	 0000000000000,00	 0000000000000,00
3104000	 0000000008573,00	 0000000000000,00	 0000000000000,00	 0000000000000,00
3104100	 0000000000000,00	 0000000000000,00	 0000000000000,00	 0000000000000,00
3104200	 0000000012247,00	 0000000000000,00	 0000000000000,00	 0000000000000,00
3104300	-0000000003674,00	 0000000000000,00	 0000000000000,00	 0000000000000,00
3200000	 0000000000017,00	 0000000000000,00	 0000000000000,00	 0000000000000,00
5001000	 0000000125196,00	 0000000000000,00	 0000000000000,00	 0000000000000,00
5002000	 0000001052711,00	 0000000423082,00	 0000000000000,00	 0000000068934,00
5100000	 0000000577745,00	 0000000493894,00	 0000000000000,00	 0000000000215,00
