039	ITAÚ CORPBANCA
1000000	 0000011713199,00	 0000009818774,00	 0000000010980,00	 0000010971321,00
1100000	 0000000212845,00	 0000000000000,00	 0000000000000,00	 0000000615672,00
1100100	 0000000185625,00	 0000000000000,00	 0000000000000,00	 0000000072293,00
1100200	 0000000020775,00	 0000000000000,00	 0000000000000,00	 0000000021930,00
1100300	 0000000006395,00	 0000000000000,00	 0000000000000,00	 0000000001510,00
1100400	 0000000000050,00	 0000000000000,00	 0000000000000,00	 0000000519939,00
1130000	 0000000252396,00	 0000000000000,00	 0000000000000,00	 0000000348006,00
1130100	 0000000052070,00	 0000000000000,00	 0000000000000,00	 0000000007420,00
1130200	 0000000200326,00	 0000000000000,00	 0000000000000,00	 0000000340586,00
1150000	 0000000075338,00	 0000000000000,00	 0000000000000,00	 0000000143841,00
1150100	 0000000067824,00	 0000000000000,00	 0000000000000,00	 0000000000000,00
1150200	 0000000006847,00	 0000000000000,00	 0000000000000,00	 0000000000000,00
1150300	 0000000000000,00	 0000000000000,00	 0000000000000,00	 0000000143841,00
1150400	 0000000000667,00	 0000000000000,00	 0000000000000,00	 0000000000000,00
1160000	 0000000040839,00	 0000000000000,00	 0000000000000,00	 0000000128106,00
1160100	 0000000000000,00	 0000000000000,00	 0000000000000,00	 0000000000000,00
1160200	 0000000040839,00	 0000000000000,00	 0000000000000,00	 0000000128106,00
1250000	 0000002134408,00	 0000000364750,00	 0000000000000,00	 0000000709560,00
1250100	 0000001928612,00	 0000000364750,00	 0000000000000,00	 0000000639243,00
1250200	 0000000205796,00	 0000000000000,00	 0000000000000,00	 0000000070317,00
1270000	 0000000051909,00	 0000000000000,00	 0000000000000,00	 0000000057607,00
1270100	 0000000000000,00	 0000000000000,00	 0000000000000,00	 0000000000000,00
1270112	 0000000000000,00	 0000000000000,00	 0000000000000,00	 0000000000000,00
1270113	 0000000000000,00	 0000000000000,00	 0000000000000,00	 0000000000000,00
1270116	 0000000000000,00	 0000000000000,00	 0000000000000,00	 0000000000000,00
1270117	 0000000000000,00	 0000000000000,00	 0000000000000,00	 0000000000000,00
1270118	 0000000000000,00	 0000000000000,00	 0000000000000,00	 0000000000000,00
1270190	 0000000000000,00	 0000000000000,00	 0000000000000,00	 0000000000000,00
1270200	-0000000000091,00	 0000000000000,00	 0000000000000,00	 0000000057607,00
1270202	 0000000000000,00	 0000000000000,00	 0000000000000,00	 0000000025831,00
1270203	 0000000000000,00	 0000000000000,00	 0000000000000,00	 0000000021181,00
1270206	 0000000000000,00	 0000000000000,00	 0000000000000,00	 0000000000000,00
1270207	 0000000000000,00	 0000000000000,00	 0000000000000,00	 0000000000000,00
1270208	 0000000000000,00	 0000000000000,00	 0000000000000,00	 0000000000000,00
1270290	-0000000000091,00	 0000000000000,00	 0000000000000,00	-0000000000405,00
1270300	 0000000052000,00	 0000000000000,00	 0000000000000,00	 0000000000000,00
1300000	 0000005689294,00	 0000008615116,00	 0000000010435,00	 0000007548602,00
1302000	 0000004237096,00	 0000004569250,00	 0000000010435,00	 0000006365303,00
1302100	 0000003605412,00	 0000003487357,00	 0000000000000,00	 0000004860499,00
1302101	 0000003605412,00	 0000002818715,00	 0000000000000,00	 0000001524566,00
1302102	 0000000000000,00	 0000000000000,00	 0000000000000,00	 0000003335933,00
1302170	 0000000000000,00	 0000000006952,00	 0000000000000,00	 0000000000000,00
1302180	 0000000000000,00	 0000000661690,00	 0000000000000,00	 0000000000000,00
1302200	 0000000114007,00	 0000000000003,00	 0000000000000,00	 0000000986852,00
1302201	 0000000000000,00	 0000000000000,00	 0000000000000,00	 0000000000000,00
1302202	 0000000095110,00	 0000000000000,00	 0000000000000,00	 0000000442736,00
1302241	 0000000018881,00	 0000000000000,00	 0000000000000,00	 0000000518147,00
1302242	 0000000000016,00	 0000000000003,00	 0000000000000,00	 0000000025969,00
1302281	 0000000000000,00	 0000000000000,00	 0000000000000,00	 0000000000000,00
1302282	 0000000000000,00	 0000000000000,00	 0000000000000,00	 0000000000000,00
1302300	 0000000129391,00	 0000000000000,00	 0000000000000,00	 0000000015332,00
1302500	 0000000172511,00	 0000000000593,00	 0000000000000,00	 0000000029458,00
1302600	 0000000000000,00	 0000000803399,00	 0000000000000,00	 0000000000000,00
1302601	 0000000000000,00	 0000000799712,00	 0000000000000,00	 0000000000000,00
1302602	 0000000000000,00	 0000000002916,00	 0000000000000,00	 0000000000000,00
1302604	 0000000000000,00	 0000000000771,00	 0000000000000,00	 0000000000000,00
1302800	 0000000202234,00	 0000000277859,00	 0000000010435,00	 0000000460561,00
1302900	 0000000013541,00	 0000000000039,00	 0000000000000,00	 0000000012601,00
1304000	 0000000000000,00	 0000004040448,00	 0000000000000,00	 0000000605807,00
1304100	 0000000000000,00	 0000000032217,00	 0000000000000,00	 0000000000000,00
1304101	 0000000000000,00	 0000000029848,00	 0000000000000,00	 0000000000000,00
1304102	 0000000000000,00	 0000000002369,00	 0000000000000,00	 0000000000000,00
1304200	 0000000000000,00	 0000000107534,00	 0000000000000,00	 0000000000000,00
1304400	 0000000000000,00	 0000000000000,00	 0000000000000,00	 0000000000000,00
1304500	 0000000000000,00	 0000003879316,00	 0000000000000,00	 0000000298285,00
1304600	 0000000000000,00	 0000000000000,00	 0000000000000,00	 0000000000000,00
1304800	 0000000000000,00	 0000000000001,00	 0000000000000,00	 0000000307522,00
1304900	 0000000000000,00	 0000000021380,00	 0000000000000,00	 0000000000000,00
1305000	 0000001864214,00	 0000000005418,00	 0000000000000,00	 0000000838975,00
1305100	 0000001287800,00	 0000000004960,00	 0000000000000,00	 0000000657185,00
1305300	 0000000202677,00	 0000000000000,00	 0000000000000,00	 0000000002697,00
1305400	 0000000373699,00	 0000000000000,00	 0000000000000,00	 0000000132157,00
1305800	 0000000000038,00	 0000000000458,00	 0000000000000,00	 0000000003074,00
1305900	 0000000000000,00	 0000000000000,00	 0000000000000,00	 0000000043862,00
1309000	-0000000412016,00	 0000000000000,00	 0000000000000,00	-0000000261483,00
1309100	-0000000281829,00	 0000000000000,00	 0000000000000,00	-0000000175004,00
1309200	-0000000012534,00	 0000000000000,00	 0000000000000,00	-0000000023540,00
1309300	-0000000117653,00	 0000000000000,00	 0000000000000,00	-0000000062939,00
1350000	 0000001325026,00	 0000000660620,00	 0000000000000,00	 0000000606436,00
1350100	 0000001306066,00	 0000000644587,00	 0000000000000,00	 0000000071984,00
1350200	 0000000018960,00	 0000000016033,00	 0000000000000,00	 0000000000000,00
1350300	 0000000000000,00	 0000000000000,00	 0000000000000,00	 0000000534452,00
1360000	 0000000000000,00	 0000000000000,00	 0000000000000,00	 0000000150726,00
1360100	 0000000000000,00	 0000000000000,00	 0000000000000,00	 0000000000000,00
1360200	 0000000000000,00	 0000000000000,00	 0000000000000,00	 0000000000000,00
1360300	 0000000000000,00	 0000000000000,00	 0000000000000,00	 0000000150726,00
1400000	 0000000006234,00	 0000000000000,00	 0000000000000,00	 0000000003455,00
1400100	 0000000000000,00	 0000000000000,00	 0000000000000,00	 0000000000000,00
1400101	 0000000000000,00	 0000000000000,00	 0000000000000,00	 0000000000000,00
1400103	 0000000000000,00	 0000000000000,00	 0000000000000,00	 0000000000000,00
1400200	 0000000006234,00	 0000000000000,00	 0000000000000,00	 0000000003455,00
1500000	 0000001420028,00	 0000000000000,00	 0000000000000,00	 0000000164047,00
1500100	 0000001173017,00	 0000000000000,00	 0000000000000,00	 0000000000000,00
1500200	 0000000247011,00	 0000000000000,00	 0000000000000,00	 0000000164047,00
1600000	 0000000036082,00	 0000000000000,00	 0000000000000,00	 0000000019504,00
1600100	 0000000004910,00	 0000000000000,00	 0000000000000,00	 0000000007132,00
1600200	 0000000031172,00	 0000000000000,00	 0000000000000,00	 0000000012372,00
1650000	 0000000032336,00	 0000000128978,00	 0000000000275,00	 0000000043812,00
1650100	 0000000032336,00	 0000000128978,00	 0000000000275,00	 0000000043812,00
1650200	 0000000000000,00	 0000000000000,00	 0000000000000,00	 0000000000000,00
1700000	 0000000029088,00	 0000000000000,00	 0000000000000,00	 0000000046495,00
1750000	 0000000157596,00	 0000000000000,00	 0000000000000,00	 0000000019967,00
1800000	 0000000249780,00	 0000000049310,00	 0000000000270,00	 0000000365485,00
1800100	 0000000007008,00	 0000000000000,00	 0000000000000,00	 0000000014508,00
1800200	 0000000004211,00	 0000000000000,00	 0000000000000,00	 0000000003863,00
1800900	 0000000238561,00	 0000000049310,00	 0000000000270,00	 0000000347114,00
2000000	 0000013005245,00	 0000005992799,00	 0000000033903,00	 0000009828123,00
2100000	 0000002159553,00	 0000000003485,00	 0000000000000,00	 0000002216047,00
2100100	 0000001748553,00	 0000000000000,00	 0000000000000,00	 0000000914755,00
2100109	 0000001146428,00	 0000000000000,00	 0000000000000,00	 0000000830778,00
2100110	 0000000602108,00	 0000000000000,00	 0000000000000,00	 0000000083977,00
2100200	 0000000211485,00	 0000000000000,00	 0000000000000,00	 0000001198002,00
2100300	 0000000199515,00	 0000000003485,00	 0000000000000,00	 0000000103290,00
2130000	 0000000213948,00	 0000000000000,00	 0000000000000,00	 0000000328119,00
2160000	 0000000362381,00	 0000000000000,00	 0000000000000,00	 0000000028107,00
2160100	 0000000000000,00	 0000000000000,00	 0000000000000,00	 0000000000000,00
2160200	 0000000362381,00	 0000000000000,00	 0000000000000,00	 0000000028107,00
2200000	 0000007319044,00	 0000000393433,00	 0000000000001,00	 0000003317937,00
2200100	 0000007318817,00	 0000000393400,00	 0000000000001,00	 0000003301121,00
2200200	 0000000000000,00	 0000000000031,00	 0000000000000,00	 0000000016816,00
2200900	 0000000000227,00	 0000000000002,00	 0000000000000,00	 0000000000000,00
2250000	 0000001769526,00	 0000000450590,00	 0000000000000,00	 0000000649749,00
2250100	 0000001713033,00	 0000000397769,00	 0000000000000,00	 0000000640077,00
2250200	 0000000056493,00	 0000000052821,00	 0000000000000,00	 0000000009672,00
2300000	 0000000000000,00	 0000000000000,00	 0000000000000,00	 0000002432249,00
2301000	 0000000000000,00	 0000000000000,00	 0000000000000,00	 0000000000000,00
2301001	 0000000000000,00	 0000000000000,00	 0000000000000,00	 0000000000000,00
2302000	 0000000000000,00	 0000000000000,00	 0000000000000,00	 0000002432249,00
2302100	 0000000000000,00	 0000000000000,00	 0000000000000,00	 0000000019316,00
2302200	 0000000000000,00	 0000000000000,00	 0000000000000,00	 0000002412933,00
2303000	 0000000000000,00	 0000000000000,00	 0000000000000,00	 0000000000000,00
2303100	 0000000000000,00	 0000000000000,00	 0000000000000,00	 0000000000000,00
2303900	 0000000000000,00	 0000000000000,00	 0000000000000,00	 0000000000000,00
2400000	 0000000820393,00	 0000004851880,00	 0000000000000,00	 0000000610637,00
2401000	 0000000000000,00	 0000000043747,00	 0000000000000,00	 0000000000000,00
2402000	 0000000820393,00	 0000004808133,00	 0000000000000,00	 0000000610637,00
2402100	 0000000820393,00	 0000003927988,00	 0000000000000,00	 0000000434584,00
2402200	 0000000000000,00	 0000000880145,00	 0000000000000,00	 0000000176053,00
2402300	 0000000000000,00	 0000000000000,00	 0000000000000,00	 0000000000000,00
2500000	 0000000014047,00	 0000000000010,00	 0000000000000,00	 0000000000000,00
2500100	 0000000000000,00	 0000000000010,00	 0000000000000,00	 0000000000000,00
2500200	 0000000014047,00	 0000000000000,00	 0000000000000,00	 0000000000000,00
2500300	 0000000000000,00	 0000000000000,00	 0000000000000,00	 0000000000000,00
2550000	 0000000000000,00	 0000000130857,00	 0000000000312,00	 0000000040471,00
2600000	 0000000000008,00	 0000000000000,00	 0000000000000,00	 0000000000000,00
2650000	 0000000000001,00	 0000000000000,00	 0000000000000,00	 0000000000273,00
2700000	 0000000122213,00	 0000000000000,00	 0000000000000,00	 0000000074631,00
2700100	 0000000032530,00	 0000000000000,00	 0000000000000,00	 0000000058131,00
2700200	 0000000035192,00	 0000000000000,00	 0000000000000,00	 0000000000000,00
2700300	 0000000035545,00	 0000000000000,00	 0000000000000,00	 0000000011842,00
2700400	 0000000018946,00	 0000000000000,00	 0000000000000,00	 0000000004658,00
2700401	 0000000001923,00	 0000000000000,00	 0000000000000,00	 0000000003422,00
2700402	 0000000000000,00	 0000000000000,00	 0000000000000,00	 0000000000000,00
2700411	 0000000001858,00	 0000000000000,00	 0000000000000,00	 0000000000000,00
2700412	 0000000006758,00	 0000000000000,00	 0000000000000,00	 0000000000000,00
2700413	 0000000004126,00	 0000000000000,00	 0000000000000,00	 0000000000000,00
2700421	 0000000000000,00	 0000000000000,00	 0000000000000,00	 0000000000000,00
2700422	 0000000000000,00	 0000000000000,00	 0000000000000,00	 0000000000000,00
2700423	 0000000000000,00	 0000000000000,00	 0000000000000,00	 0000000000000,00
2700490	 0000000004281,00	 0000000000000,00	 0000000000000,00	 0000000001236,00
2800000	 0000000224131,00	 0000000162544,00	 0000000033590,00	 0000000129903,00
3000000	 0000003399327,00	 0000000164261,00	 0000000000330,00	 0000000090286,00
3101000	 0000001862826,00	 0000000000000,00	 0000000000000,00	 0000000000000,00
3102000	 0000001290131,00	 0000000000000,00	 0000000000000,00	 0000000000000,00
3103000	 0000000035701,00	 0000000000000,00	 0000000000000,00	 0000000000000,00
3104000	-0000000015470,00	 0000000164261,00	 0000000000330,00	 0000000089335,00
3104100	 0000000156342,00	 0000000000000,00	 0000000000000,00	 0000000000000,00
3104200	-0000000136620,00	 0000000164261,00	 0000000000330,00	 0000000089335,00
3104300	-0000000035192,00	 0000000000000,00	 0000000000000,00	 0000000000000,00
3200000	 0000000226139,00	 0000000000000,00	 0000000000000,00	 0000000000951,00
5001000	 0000003173188,00	 0000000164261,00	 0000000000330,00	 0000000089335,00
5002000	 0000016404572,00	 0000006157060,00	 0000000034233,00	 0000009918409,00
5100000	 0000006101310,00	 0000008615116,00	 0000000010435,00	 0000007810085,00
