031	HSBC BANK (CHILE)
1000000	 0000000705284,00	 0000000124686,00	 0000000000000,00	 0000000354159,00
1100000	 0000000103413,00	 0000000000000,00	 0000000000000,00	 0000000034117,00
1100100	 0000000000244,00	 0000000000000,00	 0000000000000,00	 0000000000151,00
1100200	 0000000102777,00	 0000000000000,00	 0000000000000,00	 0000000007756,00
1100300	 0000000000392,00	 0000000000000,00	 0000000000000,00	 0000000000037,00
1100400	 0000000000000,00	 0000000000000,00	 0000000000000,00	 0000000026173,00
1130000	 0000000067618,00	 0000000012073,00	 0000000000000,00	 0000000099315,00
1130100	 0000000000064,00	 0000000000000,00	 0000000000000,00	 0000000000134,00
1130200	 0000000067554,00	 0000000012073,00	 0000000000000,00	 0000000099181,00
1150000	 0000000013739,00	 0000000000000,00	 0000000000000,00	 0000000000000,00
1150100	 0000000013739,00	 0000000000000,00	 0000000000000,00	 0000000000000,00
1150200	 0000000000000,00	 0000000000000,00	 0000000000000,00	 0000000000000,00
1150300	 0000000000000,00	 0000000000000,00	 0000000000000,00	 0000000000000,00
1150400	 0000000000000,00	 0000000000000,00	 0000000000000,00	 0000000000000,00
1160000	 0000000000000,00	 0000000000000,00	 0000000000000,00	 0000000000000,00
1160100	 0000000000000,00	 0000000000000,00	 0000000000000,00	 0000000000000,00
1160200	 0000000000000,00	 0000000000000,00	 0000000000000,00	 0000000000000,00
1250000	 0000000178469,00	 0000000000000,00	 0000000000000,00	 0000000000000,00
1250100	 0000000178469,00	 0000000000000,00	 0000000000000,00	 0000000000000,00
1250200	 0000000000000,00	 0000000000000,00	 0000000000000,00	 0000000000000,00
1270000	-0000000000008,00	 0000000000000,00	 0000000000000,00	 0000000040073,00
1270100	 0000000000000,00	 0000000000000,00	 0000000000000,00	 0000000017489,00
1270112	 0000000000000,00	 0000000000000,00	 0000000000000,00	 0000000000000,00
1270113	 0000000000000,00	 0000000000000,00	 0000000000000,00	 0000000017495,00
1270116	 0000000000000,00	 0000000000000,00	 0000000000000,00	 0000000000000,00
1270117	 0000000000000,00	 0000000000000,00	 0000000000000,00	 0000000000000,00
1270118	 0000000000000,00	 0000000000000,00	 0000000000000,00	 0000000000000,00
1270190	 0000000000000,00	 0000000000000,00	 0000000000000,00	-0000000000006,00
1270200	-0000000000008,00	 0000000000000,00	 0000000000000,00	 0000000022584,00
1270202	 0000000000000,00	 0000000000000,00	 0000000000000,00	 0000000000000,00
1270203	 0000000000000,00	 0000000000000,00	 0000000000000,00	 0000000000000,00
1270206	 0000000000000,00	 0000000000000,00	 0000000000000,00	 0000000000000,00
1270207	 0000000000000,00	 0000000000000,00	 0000000000000,00	 0000000000000,00
1270208	 0000000000000,00	 0000000000000,00	 0000000000000,00	 0000000000000,00
1270290	-0000000000008,00	 0000000000000,00	 0000000000000,00	 0000000000000,00
1270300	 0000000000000,00	 0000000000000,00	 0000000000000,00	 0000000000000,00
1300000	 0000000082005,00	 0000000013027,00	 0000000000000,00	 0000000103718,00
1302000	 0000000090318,00	 0000000013027,00	 0000000000000,00	 0000000103718,00
1302100	 0000000083379,00	 0000000013027,00	 0000000000000,00	 0000000073599,00
1302101	 0000000083379,00	 0000000013027,00	 0000000000000,00	 0000000043055,00
1302102	 0000000000000,00	 0000000000000,00	 0000000000000,00	 0000000030544,00
1302170	 0000000000000,00	 0000000000000,00	 0000000000000,00	 0000000000000,00
1302180	 0000000000000,00	 0000000000000,00	 0000000000000,00	 0000000000000,00
1302200	 0000000000000,00	 0000000000000,00	 0000000000000,00	 0000000030119,00
1302201	 0000000000000,00	 0000000000000,00	 0000000000000,00	 0000000000000,00
1302202	 0000000000000,00	 0000000000000,00	 0000000000000,00	 0000000030119,00
1302241	 0000000000000,00	 0000000000000,00	 0000000000000,00	 0000000000000,00
1302242	 0000000000000,00	 0000000000000,00	 0000000000000,00	 0000000000000,00
1302281	 0000000000000,00	 0000000000000,00	 0000000000000,00	 0000000000000,00
1302282	 0000000000000,00	 0000000000000,00	 0000000000000,00	 0000000000000,00
1302300	 0000000006939,00	 0000000000000,00	 0000000000000,00	 0000000000000,00
1302500	 0000000000000,00	 0000000000000,00	 0000000000000,00	 0000000000000,00
1302600	 0000000000000,00	 0000000000000,00	 0000000000000,00	 0000000000000,00
1302601	 0000000000000,00	 0000000000000,00	 0000000000000,00	 0000000000000,00
1302602	 0000000000000,00	 0000000000000,00	 0000000000000,00	 0000000000000,00
1302604	 0000000000000,00	 0000000000000,00	 0000000000000,00	 0000000000000,00
1302800	 0000000000000,00	 0000000000000,00	 0000000000000,00	 0000000000000,00
1302900	 0000000000000,00	 0000000000000,00	 0000000000000,00	 0000000000000,00
1304000	 0000000000000,00	 0000000000000,00	 0000000000000,00	 0000000000000,00
1304100	 0000000000000,00	 0000000000000,00	 0000000000000,00	 0000000000000,00
1304101	 0000000000000,00	 0000000000000,00	 0000000000000,00	 0000000000000,00
1304102	 0000000000000,00	 0000000000000,00	 0000000000000,00	 0000000000000,00
1304200	 0000000000000,00	 0000000000000,00	 0000000000000,00	 0000000000000,00
1304400	 0000000000000,00	 0000000000000,00	 0000000000000,00	 0000000000000,00
1304500	 0000000000000,00	 0000000000000,00	 0000000000000,00	 0000000000000,00
1304600	 0000000000000,00	 0000000000000,00	 0000000000000,00	 0000000000000,00
1304800	 0000000000000,00	 0000000000000,00	 0000000000000,00	 0000000000000,00
1304900	 0000000000000,00	 0000000000000,00	 0000000000000,00	 0000000000000,00
1305000	 0000000000176,00	 0000000000000,00	 0000000000000,00	 0000000000000,00
1305100	 0000000000176,00	 0000000000000,00	 0000000000000,00	 0000000000000,00
1305300	 0000000000000,00	 0000000000000,00	 0000000000000,00	 0000000000000,00
1305400	 0000000000000,00	 0000000000000,00	 0000000000000,00	 0000000000000,00
1305800	 0000000000000,00	 0000000000000,00	 0000000000000,00	 0000000000000,00
1305900	 0000000000000,00	 0000000000000,00	 0000000000000,00	 0000000000000,00
1309000	-0000000008489,00	 0000000000000,00	 0000000000000,00	 0000000000000,00
1309100	-0000000008488,00	 0000000000000,00	 0000000000000,00	 0000000000000,00
1309200	 0000000000000,00	 0000000000000,00	 0000000000000,00	 0000000000000,00
1309300	-0000000000001,00	 0000000000000,00	 0000000000000,00	 0000000000000,00
1350000	 0000000251588,00	 0000000096626,00	 0000000000000,00	 0000000076623,00
1350100	 0000000159343,00	 0000000095219,00	 0000000000000,00	 0000000028126,00
1350200	 0000000092245,00	 0000000001407,00	 0000000000000,00	 0000000000000,00
1350300	 0000000000000,00	 0000000000000,00	 0000000000000,00	 0000000048497,00
1360000	 0000000000000,00	 0000000000000,00	 0000000000000,00	 0000000000000,00
1360100	 0000000000000,00	 0000000000000,00	 0000000000000,00	 0000000000000,00
1360200	 0000000000000,00	 0000000000000,00	 0000000000000,00	 0000000000000,00
1360300	 0000000000000,00	 0000000000000,00	 0000000000000,00	 0000000000000,00
1400000	 0000000000273,00	 0000000000000,00	 0000000000000,00	 0000000000000,00
1400100	 0000000000000,00	 0000000000000,00	 0000000000000,00	 0000000000000,00
1400101	 0000000000000,00	 0000000000000,00	 0000000000000,00	 0000000000000,00
1400103	 0000000000000,00	 0000000000000,00	 0000000000000,00	 0000000000000,00
1400200	 0000000000273,00	 0000000000000,00	 0000000000000,00	 0000000000000,00
1500000	 0000000000324,00	 0000000000000,00	 0000000000000,00	 0000000000000,00
1500100	 0000000000000,00	 0000000000000,00	 0000000000000,00	 0000000000000,00
1500200	 0000000000324,00	 0000000000000,00	 0000000000000,00	 0000000000000,00
1600000	 0000000000996,00	 0000000000000,00	 0000000000000,00	 0000000000000,00
1600100	 0000000000000,00	 0000000000000,00	 0000000000000,00	 0000000000000,00
1600200	 0000000000996,00	 0000000000000,00	 0000000000000,00	 0000000000000,00
1650000	 0000000000000,00	 0000000002953,00	 0000000000000,00	 0000000000000,00
1650100	 0000000000000,00	 0000000002953,00	 0000000000000,00	 0000000000000,00
1650200	 0000000000000,00	 0000000000000,00	 0000000000000,00	 0000000000000,00
1700000	 0000000001331,00	 0000000000000,00	 0000000000000,00	 0000000000000,00
1750000	 0000000004836,00	 0000000000000,00	 0000000000000,00	 0000000000000,00
1800000	 0000000000700,00	 0000000000007,00	 0000000000000,00	 0000000000313,00
1800100	 0000000000000,00	 0000000000000,00	 0000000000000,00	 0000000000000,00
1800200	 0000000000000,00	 0000000000000,00	 0000000000000,00	 0000000000000,00
1800900	 0000000000700,00	 0000000000007,00	 0000000000000,00	 0000000000313,00
2000000	 0000000703549,00	 0000000017368,00	 0000000000000,00	 0000000359658,00
2100000	 0000000061037,00	 0000000000231,00	 0000000000000,00	 0000000045192,00
2100100	 0000000060495,00	 0000000000000,00	 0000000000000,00	 0000000043591,00
2100109	 0000000060495,00	 0000000000000,00	 0000000000000,00	 0000000043591,00
2100110	 0000000000000,00	 0000000000000,00	 0000000000000,00	 0000000000000,00
2100200	 0000000000028,00	 0000000000000,00	 0000000000000,00	 0000000000249,00
2100300	 0000000000514,00	 0000000000231,00	 0000000000000,00	 0000000001352,00
2130000	 0000000081169,00	 0000000000000,00	 0000000000000,00	 0000000068307,00
2160000	 0000000000000,00	 0000000000000,00	 0000000000000,00	 0000000000000,00
2160100	 0000000000000,00	 0000000000000,00	 0000000000000,00	 0000000000000,00
2160200	 0000000000000,00	 0000000000000,00	 0000000000000,00	 0000000000000,00
2200000	 0000000374353,00	 0000000014158,00	 0000000000000,00	 0000000210343,00
2200100	 0000000374353,00	 0000000014158,00	 0000000000000,00	 0000000210343,00
2200200	 0000000000000,00	 0000000000000,00	 0000000000000,00	 0000000000000,00
2200900	 0000000000000,00	 0000000000000,00	 0000000000000,00	 0000000000000,00
2250000	 0000000169173,00	 0000000000000,00	 0000000000000,00	 0000000000000,00
2250100	 0000000169173,00	 0000000000000,00	 0000000000000,00	 0000000000000,00
2250200	 0000000000000,00	 0000000000000,00	 0000000000000,00	 0000000000000,00
2300000	 0000000000000,00	 0000000000000,00	 0000000000000,00	 0000000035699,00
2301000	 0000000000000,00	 0000000000000,00	 0000000000000,00	 0000000000000,00
2301001	 0000000000000,00	 0000000000000,00	 0000000000000,00	 0000000000000,00
2302000	 0000000000000,00	 0000000000000,00	 0000000000000,00	 0000000035699,00
2302100	 0000000000000,00	 0000000000000,00	 0000000000000,00	 0000000035699,00
2302200	 0000000000000,00	 0000000000000,00	 0000000000000,00	 0000000000000,00
2303000	 0000000000000,00	 0000000000000,00	 0000000000000,00	 0000000000000,00
2303100	 0000000000000,00	 0000000000000,00	 0000000000000,00	 0000000000000,00
2303900	 0000000000000,00	 0000000000000,00	 0000000000000,00	 0000000000000,00
2400000	 0000000000000,00	 0000000000000,00	 0000000000000,00	 0000000000000,00
2401000	 0000000000000,00	 0000000000000,00	 0000000000000,00	 0000000000000,00
2402000	 0000000000000,00	 0000000000000,00	 0000000000000,00	 0000000000000,00
2402100	 0000000000000,00	 0000000000000,00	 0000000000000,00	 0000000000000,00
2402200	 0000000000000,00	 0000000000000,00	 0000000000000,00	 0000000000000,00
2402300	 0000000000000,00	 0000000000000,00	 0000000000000,00	 0000000000000,00
2500000	 0000000000000,00	 0000000000000,00	 0000000000000,00	 0000000000000,00
2500100	 0000000000000,00	 0000000000000,00	 0000000000000,00	 0000000000000,00
2500200	 0000000000000,00	 0000000000000,00	 0000000000000,00	 0000000000000,00
2500300	 0000000000000,00	 0000000000000,00	 0000000000000,00	 0000000000000,00
2550000	 0000000000000,00	 0000000002979,00	 0000000000000,00	 0000000000000,00
2600000	 0000000002544,00	 0000000000000,00	 0000000000000,00	 0000000000000,00
2650000	 0000000006345,00	 0000000000000,00	 0000000000000,00	 0000000000000,00
2700000	 0000000006690,00	 0000000000000,00	 0000000000000,00	 0000000000000,00
2700100	 0000000001529,00	 0000000000000,00	 0000000000000,00	 0000000000000,00
2700200	 0000000002488,00	 0000000000000,00	 0000000000000,00	 0000000000000,00
2700300	 0000000001372,00	 0000000000000,00	 0000000000000,00	 0000000000000,00
2700400	 0000000001301,00	 0000000000000,00	 0000000000000,00	 0000000000000,00
2700401	 0000000001301,00	 0000000000000,00	 0000000000000,00	 0000000000000,00
2700402	 0000000000000,00	 0000000000000,00	 0000000000000,00	 0000000000000,00
2700411	 0000000000000,00	 0000000000000,00	 0000000000000,00	 0000000000000,00
2700412	 0000000000000,00	 0000000000000,00	 0000000000000,00	 0000000000000,00
2700413	 0000000000000,00	 0000000000000,00	 0000000000000,00	 0000000000000,00
2700421	 0000000000000,00	 0000000000000,00	 0000000000000,00	 0000000000000,00
2700422	 0000000000000,00	 0000000000000,00	 0000000000000,00	 0000000000000,00
2700423	 0000000000000,00	 0000000000000,00	 0000000000000,00	 0000000000000,00
2700490	 0000000000000,00	 0000000000000,00	 0000000000000,00	 0000000000000,00
2800000	 0000000002238,00	 0000000000000,00	 0000000000000,00	 0000000000117,00
3000000	 0000000001735,00	 0000000107318,00	 0000000000000,00	-0000000005499,00
3101000	 0000000083103,00	 0000000000000,00	 0000000000000,00	 0000000000000,00
3102000	 0000000000000,00	 0000000000000,00	 0000000000000,00	 0000000000000,00
3103000	 0000000005896,00	 0000000006247,00	 0000000000000,00	 0000000002503,00
3104000	-0000000087264,00	 0000000101071,00	 0000000000000,00	-0000000008002,00
3104100	 0000000000000,00	 0000000000000,00	 0000000000000,00	 0000000000000,00
3104200	-0000000084775,00	 0000000101071,00	 0000000000000,00	-0000000008002,00
3104300	-0000000002489,00	 0000000000000,00	 0000000000000,00	 0000000000000,00
3200000	 0000000000000,00	 0000000000000,00	 0000000000000,00	 0000000000000,00
5001000	 0000000001735,00	 0000000107318,00	 0000000000000,00	-0000000005499,00
5002000	 0000000705284,00	 0000000124686,00	 0000000000000,00	 0000000354159,00
5100000	 0000000090494,00	 0000000013027,00	 0000000000000,00	 0000000103718,00
