016	BANCO DE CRÉDITO E INVERSIONES
1000000	 0000022277359,00	 0000014119038,00	 0000000200225,00	 0000020467708,00
1100000	 0000001430973,00	 0000000480000,00	 0000000000000,00	 0000001938132,00
1100100	 0000000432715,00	 0000000000000,00	 0000000000000,00	 0000000091030,00
1100200	 0000000976438,00	 0000000480000,00	 0000000000000,00	 0000000184745,00
1100300	 0000000012260,00	 0000000000000,00	 0000000000000,00	 0000000000000,00
1100400	 0000000009560,00	 0000000000000,00	 0000000000000,00	 0000001662357,00
1130000	 0000000135783,00	 0000000000000,00	 0000000000000,00	 0000000223373,00
1130100	 0000000047113,00	 0000000000000,00	 0000000000000,00	 0000000007988,00
1130200	 0000000088670,00	 0000000000000,00	 0000000000000,00	 0000000215385,00
1150000	 0000000256696,00	 0000000750683,00	 0000000000000,00	 0000000067385,00
1150100	 0000000106616,00	 0000000603568,00	 0000000000000,00	 0000000000000,00
1150200	 0000000095390,00	 0000000147115,00	 0000000000000,00	 0000000017626,00
1150300	 0000000000470,00	 0000000000000,00	 0000000000000,00	 0000000008850,00
1150400	 0000000054220,00	 0000000000000,00	 0000000000000,00	 0000000040909,00
1160000	 0000000196540,00	 0000000000000,00	 0000000000000,00	 0000000000000,00
1160100	 0000000000000,00	 0000000000000,00	 0000000000000,00	 0000000000000,00
1160200	 0000000196540,00	 0000000000000,00	 0000000000000,00	 0000000000000,00
1250000	 0000005661363,00	 0000000014061,00	 0000000000000,00	 0000000206103,00
1250100	 0000004629152,00	 0000000000000,00	 0000000000000,00	 0000000106330,00
1250200	 0000001032211,00	 0000000014061,00	 0000000000000,00	 0000000099773,00
1270000	 0000000000000,00	 0000000000000,00	 0000000000000,00	 0000000346403,00
1270100	 0000000000000,00	 0000000000000,00	 0000000000000,00	 0000000000000,00
1270112	 0000000000000,00	 0000000000000,00	 0000000000000,00	 0000000000000,00
1270113	 0000000000000,00	 0000000000000,00	 0000000000000,00	 0000000000000,00
1270116	 0000000000000,00	 0000000000000,00	 0000000000000,00	 0000000000000,00
1270117	 0000000000000,00	 0000000000000,00	 0000000000000,00	 0000000000000,00
1270118	 0000000000000,00	 0000000000000,00	 0000000000000,00	 0000000000000,00
1270190	 0000000000000,00	 0000000000000,00	 0000000000000,00	 0000000000000,00
1270200	 0000000000000,00	 0000000000000,00	 0000000000000,00	 0000000346403,00
1270202	 0000000000000,00	 0000000000000,00	 0000000000000,00	 0000000000000,00
1270203	 0000000000000,00	 0000000000000,00	 0000000000000,00	 0000000346809,00
1270206	 0000000000000,00	 0000000000000,00	 0000000000000,00	 0000000000000,00
1270207	 0000000000000,00	 0000000000000,00	 0000000000000,00	 0000000000000,00
1270208	 0000000000000,00	 0000000000000,00	 0000000000000,00	 0000000000000,00
1270290	 0000000000000,00	 0000000000000,00	 0000000000000,00	-0000000000406,00
1270300	 0000000000000,00	 0000000000000,00	 0000000000000,00	 0000000000000,00
1300000	 0000011044544,00	 0000011976647,00	 0000000114691,00	 0000012915690,00
1302000	 0000008330520,00	 0000004808368,00	 0000000114691,00	 0000011297346,00
1302100	 0000007065964,00	 0000004143388,00	 0000000000038,00	 0000009782956,00
1302101	 0000007065964,00	 0000004142038,00	 0000000000038,00	 0000001431844,00
1302102	 0000000000000,00	 0000000000000,00	 0000000000000,00	 0000004366388,00
1302170	 0000000000000,00	 0000000001281,00	 0000000000000,00	 0000000000000,00
1302180	 0000000000000,00	 0000000000069,00	 0000000000000,00	 0000003984724,00
1302200	 0000000045982,00	 0000000000000,00	 0000000000043,00	 0000000912035,00
1302201	 0000000000000,00	 0000000000000,00	 0000000000000,00	 0000000000000,00
1302202	 0000000037473,00	 0000000000000,00	 0000000000000,00	 0000000589372,00
1302241	 0000000000000,00	 0000000000000,00	 0000000000043,00	 0000000021156,00
1302242	 0000000008509,00	 0000000000000,00	 0000000000000,00	 0000000210110,00
1302281	 0000000000000,00	 0000000000000,00	 0000000000000,00	 0000000004479,00
1302282	 0000000000000,00	 0000000000000,00	 0000000000000,00	 0000000086918,00
1302300	 0000000110368,00	 0000000000000,00	 0000000000000,00	 0000000000000,00
1302500	 0000000570311,00	 0000000018611,00	 0000000000000,00	 0000000144728,00
1302600	 0000000005523,00	 0000000142230,00	 0000000000000,00	 0000000000000,00
1302601	 0000000000870,00	 0000000141685,00	 0000000000000,00	 0000000000000,00
1302602	 0000000000000,00	 0000000000426,00	 0000000000000,00	 0000000000000,00
1302604	 0000000004653,00	 0000000000119,00	 0000000000000,00	 0000000000000,00
1302800	 0000000477217,00	 0000000504139,00	 0000000114610,00	 0000000453402,00
1302900	 0000000055155,00	 0000000000000,00	 0000000000000,00	 0000000004225,00
1304000	 0000000010951,00	 0000007127174,00	 0000000000000,00	 0000001646891,00
1304100	 0000000000000,00	 0000000006185,00	 0000000000000,00	 0000000000000,00
1304101	 0000000000000,00	 0000000006185,00	 0000000000000,00	 0000000000000,00
1304102	 0000000000000,00	 0000000000000,00	 0000000000000,00	 0000000000000,00
1304200	 0000000000000,00	 0000000004050,00	 0000000000000,00	 0000001646891,00
1304400	 0000000000000,00	 0000000000000,00	 0000000000000,00	 0000000000000,00
1304500	 0000000010649,00	 0000006981181,00	 0000000000000,00	 0000000000000,00
1304600	 0000000000000,00	 0000000000000,00	 0000000000000,00	 0000000000000,00
1304800	 0000000000000,00	 0000000000000,00	 0000000000000,00	 0000000000000,00
1304900	 0000000000302,00	 0000000135758,00	 0000000000000,00	 0000000000000,00
1305000	 0000003379273,00	 0000000041105,00	 0000000000000,00	 0000000058740,00
1305100	 0000002126483,00	 0000000040764,00	 0000000000000,00	 0000000017129,00
1305300	 0000000067563,00	 0000000000000,00	 0000000000000,00	 0000000000000,00
1305400	 0000001184347,00	 0000000000000,00	 0000000000000,00	 0000000019286,00
1305800	 0000000000484,00	 0000000000341,00	 0000000000000,00	 0000000000000,00
1305900	 0000000000396,00	 0000000000000,00	 0000000000000,00	 0000000022325,00
1309000	-0000000676200,00	 0000000000000,00	 0000000000000,00	-0000000087287,00
1309100	-0000000386604,00	 0000000000000,00	 0000000000000,00	-0000000067127,00
1309200	-0000000031857,00	 0000000000000,00	 0000000000000,00	-0000000016496,00
1309300	-0000000257739,00	 0000000000000,00	 0000000000000,00	-0000000003664,00
1350000	 0000002580087,00	 0000000775181,00	 0000000000000,00	 0000003403703,00
1350100	 0000002236547,00	 0000000332299,00	 0000000000000,00	 0000000054282,00
1350200	 0000000343540,00	 0000000442882,00	 0000000000000,00	 0000000000000,00
1350300	 0000000000000,00	 0000000000000,00	 0000000000000,00	 0000003349421,00
1360000	 0000000000000,00	 0000000000000,00	 0000000000000,00	 0000000027599,00
1360100	 0000000000000,00	 0000000000000,00	 0000000000000,00	 0000000000000,00
1360200	 0000000000000,00	 0000000000000,00	 0000000000000,00	 0000000000000,00
1360300	 0000000000000,00	 0000000000000,00	 0000000000000,00	 0000000027599,00
1400000	 0000000027845,00	 0000000000000,00	 0000000000000,00	 0000000000000,00
1400100	 0000000027136,00	 0000000000000,00	 0000000000000,00	 0000000000000,00
1400101	 0000000000000,00	 0000000000000,00	 0000000000000,00	 0000000000000,00
1400103	 0000000027136,00	 0000000000000,00	 0000000000000,00	 0000000000000,00
1400200	 0000000000709,00	 0000000000000,00	 0000000000000,00	 0000000000000,00
1500000	 0000000194767,00	 0000000000000,00	 0000000047703,00	 0000000153029,00
1500100	 0000000026397,00	 0000000000000,00	 0000000012609,00	 0000000110598,00
1500200	 0000000168370,00	 0000000000000,00	 0000000035094,00	 0000000042431,00
1600000	 0000000196648,00	 0000000000000,00	 0000000000000,00	 0000000053169,00
1600100	 0000000153000,00	 0000000000000,00	 0000000000000,00	 0000000041067,00
1600200	 0000000043648,00	 0000000000000,00	 0000000000000,00	 0000000012102,00
1650000	 0000000026290,00	 0000000122128,00	 0000000000000,00	 0000000068903,00
1650100	 0000000026290,00	 0000000122128,00	 0000000000000,00	 0000000068903,00
1650200	 0000000000000,00	 0000000000000,00	 0000000000000,00	 0000000000000,00
1700000	 0000000005376,00	 0000000000000,00	 0000000000000,00	 0000000023577,00
1750000	 0000000162130,00	 0000000000000,00	 0000000000000,00	 0000000003191,00
1800000	 0000000358317,00	 0000000000338,00	 0000000037831,00	 0000001037451,00
1800100	 0000000066471,00	 0000000000000,00	 0000000000000,00	 0000000014002,00
1800200	 0000000004390,00	 0000000000000,00	 0000000000000,00	 0000000000000,00
1800900	 0000000287456,00	 0000000000338,00	 0000000037831,00	 0000001023449,00
2000000	 0000025327404,00	 0000006404527,00	 0000000004439,00	 0000021373189,00
2100000	 0000007782592,00	 0000000057515,00	 0000000000000,00	 0000010993937,00
2100100	 0000006367950,00	 0000000000000,00	 0000000000000,00	 0000010168656,00
2100109	 0000004186621,00	 0000000000000,00	 0000000000000,00	 0000009221983,00
2100110	 0000002171305,00	 0000000000000,00	 0000000000000,00	 0000000945958,00
2100200	 0000001095722,00	 0000000000000,00	 0000000000000,00	 0000000000000,00
2100300	 0000000318920,00	 0000000057515,00	 0000000000000,00	 0000000825281,00
2130000	 0000000290506,00	 0000000000000,00	 0000000000000,00	 0000000212632,00
2160000	 0000000087969,00	 0000000010385,00	 0000000000000,00	 0000000108117,00
2160100	 0000000020252,00	 0000000000000,00	 0000000000000,00	 0000000000000,00
2160200	 0000000067717,00	 0000000010385,00	 0000000000000,00	 0000000108117,00
2200000	 0000006739690,00	 0000000114805,00	 0000000000000,00	 0000003679303,00
2200100	 0000006739265,00	 0000000060483,00	 0000000000000,00	 0000003679303,00
2200200	 0000000000000,00	 0000000053861,00	 0000000000000,00	 0000000000000,00
2200900	 0000000000425,00	 0000000000461,00	 0000000000000,00	 0000000000000,00
2250000	 0000005336573,00	 0000000422126,00	 0000000000000,00	 0000000249688,00
2250100	 0000004660429,00	 0000000000308,00	 0000000000000,00	 0000000144118,00
2250200	 0000000676144,00	 0000000421818,00	 0000000000000,00	 0000000105570,00
2300000	 0000004074325,00	 0000000000000,00	 0000000000000,00	 0000002441373,00
2301000	 0000000166785,00	 0000000000000,00	 0000000000000,00	 0000000935308,00
2301001	 0000000000000,00	 0000000000000,00	 0000000000000,00	 0000000935308,00
2302000	 0000000000000,00	 0000000000000,00	 0000000000000,00	 0000001506065,00
2302100	 0000000000000,00	 0000000000000,00	 0000000000000,00	 0000000454767,00
2302200	 0000000000000,00	 0000000000000,00	 0000000000000,00	 0000001051298,00
2303000	 0000003907540,00	 0000000000000,00	 0000000000000,00	 0000000000000,00
2303100	 0000003907540,00	 0000000000000,00	 0000000000000,00	 0000000000000,00
2303900	 0000000000000,00	 0000000000000,00	 0000000000000,00	 0000000000000,00
2400000	 0000000281990,00	 0000005343811,00	 0000000000000,00	 0000001904860,00
2401000	 0000000000000,00	 0000000007365,00	 0000000000000,00	 0000000000000,00
2402000	 0000000281990,00	 0000005336446,00	 0000000000000,00	 0000001904860,00
2402100	 0000000281990,00	 0000004088147,00	 0000000000000,00	 0000001904860,00
2402200	 0000000000000,00	 0000001248299,00	 0000000000000,00	 0000000000000,00
2402300	 0000000000000,00	 0000000000000,00	 0000000000000,00	 0000000000000,00
2500000	 0000000026519,00	 0000000000526,00	 0000000000022,00	 0000001322132,00
2500100	 0000000000000,00	 0000000000526,00	 0000000000022,00	 0000000003431,00
2500200	 0000000026519,00	 0000000000000,00	 0000000000000,00	 0000000002406,00
2500300	 0000000000000,00	 0000000000000,00	 0000000000000,00	 0000001316295,00
2550000	 0000000000000,00	 0000000137250,00	 0000000000000,00	 0000000057874,00
2600000	 0000000005872,00	 0000000000000,00	 0000000000000,00	 0000000000000,00
2650000	 0000000000746,00	 0000000000000,00	 0000000000000,00	 0000000031282,00
2700000	 0000000283234,00	 0000000000000,00	 0000000000000,00	 0000000085277,00
2700100	 0000000044434,00	 0000000000000,00	 0000000000000,00	 0000000040594,00
2700200	 0000000067230,00	 0000000000000,00	 0000000000000,00	 0000000000000,00
2700300	 0000000044207,00	 0000000000000,00	 0000000000000,00	 0000000005494,00
2700400	 0000000127363,00	 0000000000000,00	 0000000000000,00	 0000000039189,00
2700401	 0000000000695,00	 0000000000000,00	 0000000000000,00	 0000000002646,00
2700402	 0000000000000,00	 0000000000000,00	 0000000000000,00	 0000000000000,00
2700411	 0000000041900,00	 0000000000000,00	 0000000000000,00	 0000000036183,00
2700412	 0000000002800,00	 0000000000000,00	 0000000000000,00	 0000000000360,00
2700413	 0000000052800,00	 0000000000000,00	 0000000000000,00	 0000000000000,00
2700421	 0000000000000,00	 0000000000000,00	 0000000000000,00	 0000000000000,00
2700422	 0000000000000,00	 0000000000000,00	 0000000000000,00	 0000000000000,00
2700423	 0000000000000,00	 0000000000000,00	 0000000000000,00	 0000000000000,00
2700490	 0000000029168,00	 0000000000000,00	 0000000000000,00	 0000000000000,00
2800000	 0000000417388,00	 0000000318109,00	 0000000004417,00	 0000000286714,00
3000000	 0000003575692,00	 0000000270450,00	 0000000006457,00	 0000000102172,00
3101000	 0000003655828,00	 0000000000000,00	 0000000000000,00	 0000000000000,00
3102000	 0000000000024,00	 0000000000000,00	 0000000000000,00	 0000000000000,00
3103000	 0000000140982,00	 0000000000000,00	 0000000000000,00	 0000000000000,00
3104000	-0000000221144,00	 0000000270450,00	 0000000006457,00	 0000000101106,00
3104100	 0000000000000,00	 0000000000000,00	 0000000000000,00	 0000000000000,00
3104200	-0000000153914,00	 0000000270450,00	 0000000006457,00	 0000000101106,00
3104300	-0000000067230,00	 0000000000000,00	 0000000000000,00	 0000000000000,00
3200000	 0000000000002,00	 0000000000000,00	 0000000000000,00	 0000000001066,00
5001000	 0000003575690,00	 0000000270450,00	 0000000006457,00	 0000000101106,00
5002000	 0000028903096,00	 0000006674977,00	 0000000010896,00	 0000021475361,00
5100000	 0000011720744,00	 0000011976647,00	 0000000114691,00	 0000013002977,00
