980	SUCURSALES DE BANCOS EXTRANJEROS
4100000	 0000000041140,00	 0000000006049,00	 0000000000000,00	 0000000005050,00
4100100	 0000000000088,00	 0000000000000,00	 0000000000000,00	 0000000000000,00
4100101	 0000000000088,00	 0000000000000,00	 0000000000000,00	 0000000000000,00
4100151	 0000000000000,00	 0000000000000,00	 0000000000000,00	 0000000000000,00
4100200	 0000000000054,00	 0000000000000,00	 0000000000000,00	 0000000000060,00
4100201	 0000000000054,00	 0000000000000,00	 0000000000000,00	 0000000000060,00
4100251	 0000000000000,00	 0000000000000,00	 0000000000000,00	 0000000000000,00
4100300	 0000000037018,00	 0000000006049,00	 0000000000000,00	 0000000003897,00
4100301	 0000000036274,00	 0000000000521,00	 0000000000000,00	 0000000002174,00
4100309	 0000000000010,00	 0000000000000,00	 0000000000000,00	 0000000001723,00
4100310	 0000000000207,00	 0000000000000,00	 0000000000000,00	 0000000000000,00
4100320	 0000000000000,00	 0000000000000,00	 0000000000000,00	 0000000000000,00
4100325	 0000000000000,00	 0000000000000,00	 0000000000000,00	 0000000000000,00
4100330	 0000000000000,00	 0000000000000,00	 0000000000000,00	 0000000000000,00
4100340	 0000000000000,00	 0000000000000,00	 0000000000000,00	 0000000000000,00
4100351	 0000000000370,00	 0000000005528,00	 0000000000000,00	 0000000000000,00
4100359	 0000000000000,00	 0000000000000,00	 0000000000000,00	 0000000000000,00
4100360	 0000000000000,00	 0000000000000,00	 0000000000000,00	 0000000000000,00
4100370	 0000000000000,00	 0000000000000,00	 0000000000000,00	 0000000000000,00
4100375	 0000000000000,00	 0000000000000,00	 0000000000000,00	 0000000000000,00
4100380	 0000000000000,00	 0000000000000,00	 0000000000000,00	 0000000000000,00
4100390	 0000000000000,00	 0000000000000,00	 0000000000000,00	 0000000000000,00
4100399	 0000000000157,00	 0000000000000,00	 0000000000000,00	 0000000000000,00
4100400	 0000000000000,00	 0000000000000,00	 0000000000000,00	 0000000000000,00
4100401	 0000000000000,00	 0000000000000,00	 0000000000000,00	 0000000000000,00
4100402	 0000000000000,00	 0000000000000,00	 0000000000000,00	 0000000000000,00
4100403	 0000000000000,00	 0000000000000,00	 0000000000000,00	 0000000000000,00
4100405	 0000000000000,00	 0000000000000,00	 0000000000000,00	 0000000000000,00
4100407	 0000000000000,00	 0000000000000,00	 0000000000000,00	 0000000000000,00
4100408	 0000000000000,00	 0000000000000,00	 0000000000000,00	 0000000000000,00
4100420	 0000000000000,00	 0000000000000,00	 0000000000000,00	 0000000000000,00
4100430	 0000000000000,00	 0000000000000,00	 0000000000000,00	 0000000000000,00
4100451	 0000000000000,00	 0000000000000,00	 0000000000000,00	 0000000000000,00
4100452	 0000000000000,00	 0000000000000,00	 0000000000000,00	 0000000000000,00
4100455	 0000000000000,00	 0000000000000,00	 0000000000000,00	 0000000000000,00
4100457	 0000000000000,00	 0000000000000,00	 0000000000000,00	 0000000000000,00
4100458	 0000000000000,00	 0000000000000,00	 0000000000000,00	 0000000000000,00
4100480	 0000000000000,00	 0000000000000,00	 0000000000000,00	 0000000000000,00
4100490	 0000000000000,00	 0000000000000,00	 0000000000000,00	 0000000000000,00
4100499	 0000000000000,00	 0000000000000,00	 0000000000000,00	 0000000000000,00
4100500	 0000000000000,00	 0000000000000,00	 0000000000000,00	 0000000000000,00
4100501	 0000000000000,00	 0000000000000,00	 0000000000000,00	 0000000000000,00
4100510	 0000000000000,00	 0000000000000,00	 0000000000000,00	 0000000000000,00
4100520	 0000000000000,00	 0000000000000,00	 0000000000000,00	 0000000000000,00
4100530	 0000000000000,00	 0000000000000,00	 0000000000000,00	 0000000000000,00
4100540	 0000000000000,00	 0000000000000,00	 0000000000000,00	 0000000000000,00
4100590	 0000000000000,00	 0000000000000,00	 0000000000000,00	 0000000000000,00
4100599	 0000000000000,00	 0000000000000,00	 0000000000000,00	 0000000000000,00
4100600	 0000000000673,00	 0000000000000,00	 0000000000000,00	 0000000000709,00
4100601	 0000000000252,00	 0000000000000,00	 0000000000000,00	 0000000000000,00
4100621	 0000000000419,00	 0000000000000,00	 0000000000000,00	 0000000000709,00
4100651	 0000000000002,00	 0000000000000,00	 0000000000000,00	 0000000000000,00
4100671	 0000000000000,00	 0000000000000,00	 0000000000000,00	 0000000000000,00
4100800	 0000000003307,00	 0000000000000,00	 0000000000000,00	 0000000000384,00
4100801	 0000000000297,00	 0000000000000,00	 0000000000000,00	 0000000000055,00
4100804	 0000000002692,00	 0000000000000,00	 0000000000000,00	 0000000000329,00
4100810	 0000000000277,00	 0000000000000,00	 0000000000000,00	 0000000000000,00
4100850	 0000000000041,00	 0000000000000,00	 0000000000000,00	 0000000000000,00
4100900	 0000000000000,00	 0000000000000,00	 0000000000000,00	 0000000000000,00
4150000	-0000000016651,00	-0000000005898,00	-0000000001026,00	-0000000003215,00
4150100	-0000000000379,00	 0000000000000,00	 0000000000000,00	 0000000000000,00
4150101	-0000000000358,00	 0000000000000,00	 0000000000000,00	 0000000000000,00
4150102	 0000000000000,00	 0000000000000,00	 0000000000000,00	 0000000000000,00
4150103	-0000000000021,00	 0000000000000,00	 0000000000000,00	 0000000000000,00
4150151	 0000000000000,00	 0000000000000,00	 0000000000000,00	 0000000000000,00
4150200	-0000000000171,00	 0000000000000,00	 0000000000000,00	 0000000000000,00
4150201	-0000000000171,00	 0000000000000,00	 0000000000000,00	 0000000000000,00
4150251	 0000000000000,00	 0000000000000,00	 0000000000000,00	 0000000000000,00
4150300	-0000000015545,00	-0000000000341,00	 0000000000000,00	-0000000002193,00
4150301	-0000000007391,00	-0000000000078,00	 0000000000000,00	-0000000002193,00
4150302	 0000000000000,00	 0000000000000,00	 0000000000000,00	 0000000000000,00
4150309	-0000000008155,00	-0000000000067,00	 0000000000000,00	 0000000000000,00
4150351	 0000000000001,00	 0000000000001,00	 0000000000000,00	 0000000000000,00
4150352	 0000000000000,00	 0000000000000,00	 0000000000000,00	 0000000000000,00
4150359	 0000000000000,00	-0000000000197,00	 0000000000000,00	 0000000000000,00
4150400	-0000000000238,00	 0000000000000,00	 0000000000000,00	-0000000001022,00
4150401	-0000000000238,00	 0000000000000,00	 0000000000000,00	-0000000001022,00
4150451	 0000000000000,00	 0000000000000,00	 0000000000000,00	 0000000000000,00
4150500	 0000000000000,00	-0000000005557,00	 0000000000000,00	 0000000000000,00
4150501	 0000000000000,00	 0000000000000,00	 0000000000000,00	 0000000000000,00
4150511	 0000000000000,00	-0000000001217,00	 0000000000000,00	 0000000000000,00
4150521	 0000000000000,00	-0000000001345,00	 0000000000000,00	 0000000000000,00
4150522	 0000000000000,00	 0000000000000,00	 0000000000000,00	 0000000000000,00
4150551	 0000000000000,00	 0000000000000,00	 0000000000000,00	 0000000000000,00
4150561	 0000000000000,00	-0000000001981,00	 0000000000000,00	 0000000000000,00
4150571	 0000000000000,00	-0000000001014,00	 0000000000000,00	 0000000000000,00
4150572	 0000000000000,00	 0000000000000,00	 0000000000000,00	 0000000000000,00
4150600	 0000000000000,00	 0000000000000,00	-0000000001026,00	 0000000000000,00
4150601	 0000000000000,00	 0000000000000,00	-0000000001026,00	 0000000000000,00
4150651	 0000000000000,00	 0000000000000,00	 0000000000000,00	 0000000000000,00
4150700	-0000000000215,00	 0000000000000,00	 0000000000000,00	 0000000000000,00
4150701	-0000000000205,00	 0000000000000,00	 0000000000000,00	 0000000000000,00
4150751	-0000000000010,00	 0000000000000,00	 0000000000000,00	 0000000000000,00
4150800	-0000000000103,00	 0000000000000,00	 0000000000000,00	 0000000000000,00
4150801	-0000000000062,00	 0000000000000,00	 0000000000000,00	 0000000000000,00
4150851	-0000000000041,00	 0000000000000,00	 0000000000000,00	 0000000000000,00
4150900	 0000000000000,00	 0000000000000,00	 0000000000000,00	 0000000000000,00
4200000	 0000000033725,00	 0000000000000,00	 0000000000000,00	 0000000008694,00
4200100	 0000000000669,00	 0000000000000,00	 0000000000000,00	 0000000000000,00
4200200	 0000000002083,00	 0000000000000,00	 0000000000000,00	 0000000000213,00
4200300	 0000000000000,00	 0000000000000,00	 0000000000000,00	 0000000000000,00
4200303	 0000000000000,00	 0000000000000,00	 0000000000000,00	 0000000000000,00
4200304	 0000000000000,00	 0000000000000,00	 0000000000000,00	 0000000000000,00
4200305	 0000000000000,00	 0000000000000,00	 0000000000000,00	 0000000000000,00
4200306	 0000000000000,00	 0000000000000,00	 0000000000000,00	 0000000000000,00
4200307	 0000000000000,00	 0000000000000,00	 0000000000000,00	 0000000000000,00
4200309	 0000000000000,00	 0000000000000,00	 0000000000000,00	 0000000000000,00
4200400	 0000000000002,00	 0000000000000,00	 0000000000000,00	 0000000000003,00
4200500	 0000000000016,00	 0000000000000,00	 0000000000000,00	 0000000000001,00
4200600	 0000000006439,00	 0000000000000,00	 0000000000000,00	 0000000000000,00
4200700	 0000000018005,00	 0000000000000,00	 0000000000000,00	 0000000000000,00
4200800	 0000000000000,00	 0000000000000,00	 0000000000000,00	 0000000000000,00
4200900	 0000000006511,00	 0000000000000,00	 0000000000000,00	 0000000008477,00
4250000	-0000000003895,00	 0000000000000,00	 0000000000000,00	-0000000000051,00
4250100	 0000000000000,00	 0000000000000,00	 0000000000000,00	 0000000000000,00
4250101	 0000000000000,00	 0000000000000,00	 0000000000000,00	 0000000000000,00
4250102	 0000000000000,00	 0000000000000,00	 0000000000000,00	 0000000000000,00
4250190	 0000000000000,00	 0000000000000,00	 0000000000000,00	 0000000000000,00
4250200	-0000000000720,00	 0000000000000,00	 0000000000000,00	 0000000000000,00
4250300	-0000000003175,00	 0000000000000,00	 0000000000000,00	-0000000000051,00
4300000	-0000000135427,00	 0000000006082,00	 0000000000000,00	 0000000000002,00
4300100	 0000000008077,00	 0000000006082,00	 0000000000000,00	 0000000000000,00
4300101	 0000000004306,00	 0000000001947,00	 0000000000000,00	 0000000000000,00
4300102	-0000000000487,00	 0000000001130,00	 0000000000000,00	 0000000000000,00
4300103	 0000000006872,00	 0000000003213,00	 0000000000000,00	 0000000000000,00
4300104	-0000000002703,00	-0000000000208,00	 0000000000000,00	 0000000000000,00
4300190	 0000000000089,00	 0000000000000,00	 0000000000000,00	 0000000000000,00
4300200	-0000000143851,00	 0000000000000,00	 0000000000000,00	 0000000000000,00
4300300	-0000000000004,00	 0000000000000,00	 0000000000000,00	 0000000000000,00
4300400	 0000000000351,00	 0000000000000,00	 0000000000000,00	 0000000000000,00
4300500	 0000000000000,00	 0000000000000,00	 0000000000000,00	 0000000000002,00
4350000	 0000000172707,00	 0000000000000,00	-0000000002142,00	 0000000000000,00
4350100	 0000000173269,00	 0000000000000,00	 0000000000000,00	 0000000000000,00
4350200	-0000000000562,00	 0000000000000,00	-0000000002142,00	 0000000000000,00
4350900	 0000000000000,00	 0000000000000,00	 0000000000000,00	 0000000000000,00
4400000	 0000000001299,00	 0000000000000,00	 0000000000000,00	 0000000000332,00
4400100	 0000000000269,00	 0000000000000,00	 0000000000000,00	 0000000000000,00
4400200	 0000000000092,00	 0000000000000,00	 0000000000000,00	 0000000000000,00
4400290	 0000000000000,00	 0000000000000,00	 0000000000000,00	 0000000000000,00
4400300	 0000000000938,00	 0000000000000,00	 0000000000000,00	 0000000000332,00
4500000	-0000000010470,00	 0000000000000,00	 0000000000000,00	 0000000000000,00
4500100	-0000000008240,00	 0000000000000,00	 0000000000000,00	 0000000000000,00
4500101	-0000000008252,00	 0000000000000,00	 0000000000000,00	 0000000000000,00
4500111	 0000000000000,00	 0000000000000,00	 0000000000000,00	 0000000000000,00
4500112	 0000000000000,00	 0000000000000,00	 0000000000000,00	 0000000000000,00
4500190	 0000000000012,00	 0000000000000,00	 0000000000000,00	 0000000000000,00
4500191	 0000000000000,00	 0000000000000,00	 0000000000000,00	 0000000000000,00
4500200	-0000000002244,00	 0000000000000,00	 0000000000000,00	 0000000000000,00
4500700	 0000000000000,00	 0000000000000,00	 0000000000000,00	 0000000000000,00
4500701	 0000000000000,00	 0000000000000,00	 0000000000000,00	 0000000000000,00
4500702	 0000000000000,00	 0000000000000,00	 0000000000000,00	 0000000000000,00
4500703	 0000000000000,00	 0000000000000,00	 0000000000000,00	 0000000000000,00
4500800	 0000000000000,00	 0000000000000,00	 0000000000000,00	 0000000000000,00
4500801	 0000000000000,00	 0000000000000,00	 0000000000000,00	 0000000000000,00
4500802	 0000000000000,00	 0000000000000,00	 0000000000000,00	 0000000000000,00
4500803	 0000000000000,00	 0000000000000,00	 0000000000000,00	 0000000000000,00
4500900	 0000000000014,00	 0000000000000,00	 0000000000000,00	 0000000000000,00
4500901	 0000000000014,00	 0000000000000,00	 0000000000000,00	 0000000000000,00
4500911	 0000000000000,00	 0000000000000,00	 0000000000000,00	 0000000000000,00
4500921	 0000000000000,00	 0000000000000,00	 0000000000000,00	 0000000000000,00
4500931	 0000000000000,00	 0000000000000,00	 0000000000000,00	 0000000000000,00
4600000	-0000000027491,00	 0000000000000,00	 0000000000000,00	-0000000005020,00
4610000	-0000000012644,00	 0000000000000,00	 0000000000000,00	-0000000000328,00
4610100	-0000000010426,00	 0000000000000,00	 0000000000000,00	-0000000000319,00
4610200	-0000000000282,00	 0000000000000,00	 0000000000000,00	-0000000000009,00
4610300	-0000000000021,00	 0000000000000,00	 0000000000000,00	 0000000000000,00
4610400	-0000000000004,00	 0000000000000,00	 0000000000000,00	 0000000000000,00
4610500	-0000000001911,00	 0000000000000,00	 0000000000000,00	 0000000000000,00
4620000	-0000000003625,00	 0000000000000,00	 0000000000000,00	 0000000000000,00
4630000	 0000000000000,00	 0000000000000,00	 0000000000000,00	 0000000000000,00
4650000	-0000000000873,00	 0000000000000,00	 0000000000000,00	 0000000000000,00
4650100	 0000000000000,00	 0000000000000,00	 0000000000000,00	 0000000000000,00
4650200	-0000000000599,00	 0000000000000,00	 0000000000000,00	 0000000000000,00
4650201	-0000000000599,00	 0000000000000,00	 0000000000000,00	 0000000000000,00
4650211	 0000000000000,00	 0000000000000,00	 0000000000000,00	 0000000000000,00
4650290	 0000000000000,00	 0000000000000,00	 0000000000000,00	 0000000000000,00
4650900	-0000000000274,00	 0000000000000,00	 0000000000000,00	 0000000000000,00
4700000	 0000000000009,00	 0000000000000,00	 0000000000000,00	 0000000000000,00
4700100	 0000000000009,00	 0000000000000,00	 0000000000000,00	 0000000000000,00
4700101	 0000000000000,00	 0000000000000,00	 0000000000000,00	 0000000000000,00
4700103	 0000000000000,00	 0000000000000,00	 0000000000000,00	 0000000000000,00
4700110	 0000000000009,00	 0000000000000,00	 0000000000000,00	 0000000000000,00
4700200	 0000000000000,00	 0000000000000,00	 0000000000000,00	 0000000000000,00
4700201	 0000000000000,00	 0000000000000,00	 0000000000000,00	 0000000000000,00
4700203	 0000000000000,00	 0000000000000,00	 0000000000000,00	 0000000000000,00
4700210	 0000000000000,00	 0000000000000,00	 0000000000000,00	 0000000000000,00
4800000	-0000000010090,00	 0000000000000,00	 0000000000000,00	 0000000000000,00
4800001	-0000000013753,00	 0000000000000,00	 0000000000000,00	 0000000000000,00
4850000	 0000000000000,00	 0000000000000,00	 0000000000000,00	 0000000000000,00
4900000	 0000000000001,00	 0000000000000,00	 0000000000000,00	 0000000000000,00
5003000	 0000000024489,00	 0000000000151,00	-0000000001026,00	 0000000001835,00
5004000	 0000000029830,00	 0000000000000,00	 0000000000000,00	 0000000008643,00
5005000	 0000000092898,00	 0000000006233,00	-0000000003168,00	 0000000010812,00
5006000	 0000000082428,00	 0000000006233,00	-0000000003168,00	 0000000010812,00
5007000	 0000000037795,00	 0000000006233,00	-0000000003168,00	 0000000005464,00
5008000	 0000000037804,00	 0000000006233,00	-0000000003168,00	 0000000005464,00
5009000	 0000000027714,00	 0000000006233,00	-0000000003168,00	 0000000005464,00
5010000	 0000000027714,00	 0000000006233,00	-0000000003168,00	 0000000005464,00
5020000	 0000000027713,00	 0000000006233,00	-0000000003168,00	 0000000005464,00
