009	BANCO INTERNACIONAL
100000000	 2141375244463,00	 2443468712533,00	 0000000000000,00	 0446972896494,00
105000000	 0127966874259,00	 0000000000000,00	 0000000000000,00	 0131475168477,00
105000100	 0004350288035,00	 0000000000000,00	 0000000000000,00	 0001224363365,00
105000101	 0002423609346,00	 0000000000000,00	 0000000000000,00	 0001224363365,00
105000102	 0000170680000,00	 0000000000000,00	 0000000000000,00	 0000000000000,00
105000103	 0001755998689,00	 0000000000000,00	 0000000000000,00	 0000000000000,00
105000200	 0118354125006,00	 0000000000000,00	 0000000000000,00	 0096658362934,00
105000201	 0053354125006,00	 0000000000000,00	 0000000000000,00	 0000449062934,00
105000202	 0000000000000,00	 0000000000000,00	 0000000000000,00	 0096209300000,00
105000209	 0065000000000,00	 0000000000000,00	 0000000000000,00	 0000000000000,00
105000300	 0000000000000,00	 0000000000000,00	 0000000000000,00	 0000000000000,00
105000301	 0000000000000,00	 0000000000000,00	 0000000000000,00	 0000000000000,00
105000302	 0000000000000,00	 0000000000000,00	 0000000000000,00	 0000000000000,00
105000309	 0000000000000,00	 0000000000000,00	 0000000000000,00	 0000000000000,00
105000400	 0005262461218,00	 0000000000000,00	 0000000000000,00	 0000331202825,00
105000500	 0000000000000,00	 0000000000000,00	 0000000000000,00	 0033261239353,00
107000000	 0039682921591,00	 0000000000000,00	 0000000000000,00	 0026600343203,00
107000100	 0003911164480,00	 0000000000000,00	 0000000000000,00	 0000244681757,00
107000101	 0000000000000,00	 0000000000000,00	 0000000000000,00	 0000000000000,00
107000102	 0003911164480,00	 0000000000000,00	 0000000000000,00	 0000057300239,00
107000103	 0000000000000,00	 0000000000000,00	 0000000000000,00	 0000187381518,00
107000200	 0000000000000,00	 0000000000000,00	 0000000000000,00	 0000000000000,00
107000201	 0000000000000,00	 0000000000000,00	 0000000000000,00	 0000000000000,00
107000202	 0000000000000,00	 0000000000000,00	 0000000000000,00	 0000000000000,00
107000300	 0000000000000,00	 0000000000000,00	 0000000000000,00	 0000000000000,00
107000400	 0035771757111,00	 0000000000000,00	 0000000000000,00	 0026355661446,00
107000401	 0029850126311,00	 0000000000000,00	 0000000000000,00	 0000000000000,00
107000409	 0000000000000,00	 0000000000000,00	 0000000000000,00	 0023688039946,00
107000411	 0003212175300,00	 0000000000000,00	 0000000000000,00	 0000000000000,00
107000419	 0002709455500,00	 0000000000000,00	 0000000000000,00	 0002667621500,00
110000000	 0227798515195,00	 0176892723711,00	 0000000000000,00	 0004436601975,00
111000100	 0192834624485,00	 0176892723711,00	 0000000000000,00	 0000000000000,00
111000101	 0039113394455,00	 0000000000000,00	 0000000000000,00	 0000000000000,00
111000102	 0153721230030,00	 0176892723711,00	 0000000000000,00	 0000000000000,00
111000103	 0000000000000,00	 0000000000000,00	 0000000000000,00	 0000000000000,00
111000104	 0000000000000,00	 0000000000000,00	 0000000000000,00	 0000000000000,00
111000105	 0000000000000,00	 0000000000000,00	 0000000000000,00	 0000000000000,00
111000109	 0000000000000,00	 0000000000000,00	 0000000000000,00	 0000000000000,00
112000000	 0000000000000,00	 0000000000000,00	 0000000000000,00	 0004436601975,00
112000100	 0000000000000,00	 0000000000000,00	 0000000000000,00	 0000000000000,00
112000101	 0000000000000,00	 0000000000000,00	 0000000000000,00	 0000000000000,00
112000102	 0000000000000,00	 0000000000000,00	 0000000000000,00	 0000000000000,00
112000109	 0000000000000,00	 0000000000000,00	 0000000000000,00	 0000000000000,00
112000200	 0000000000000,00	 0000000000000,00	 0000000000000,00	 0000000000000,00
112000201	 0000000000000,00	 0000000000000,00	 0000000000000,00	 0000000000000,00
112000202	 0000000000000,00	 0000000000000,00	 0000000000000,00	 0000000000000,00
112000209	 0000000000000,00	 0000000000000,00	 0000000000000,00	 0000000000000,00
112000300	 0000000000000,00	 0000000000000,00	 0000000000000,00	 0004436601975,00
112000301	 0000000000000,00	 0000000000000,00	 0000000000000,00	 0000000000000,00
112000302	 0000000000000,00	 0000000000000,00	 0000000000000,00	 0000000000000,00
112000303	 0000000000000,00	 0000000000000,00	 0000000000000,00	 0004436601975,00
112000304	 0000000000000,00	 0000000000000,00	 0000000000000,00	 0000000000000,00
112000309	 0000000000000,00	 0000000000000,00	 0000000000000,00	 0000000000000,00
113000000	 0034963890710,00	 0000000000000,00	 0000000000000,00	 0000000000000,00
113000100	 0034963890710,00	 0000000000000,00	 0000000000000,00	 0000000000000,00
113000101	 0030641178289,00	 0000000000000,00	 0000000000000,00	 0000000000000,00
113000102	 0004322712421,00	 0000000000000,00	 0000000000000,00	 0000000000000,00
113000200	 0000000000000,00	 0000000000000,00	 0000000000000,00	 0000000000000,00
113000201	 0000000000000,00	 0000000000000,00	 0000000000000,00	 0000000000000,00
113000202	 0000000000000,00	 0000000000000,00	 0000000000000,00	 0000000000000,00
113000300	 0000000000000,00	 0000000000000,00	 0000000000000,00	 0000000000000,00
113000301	 0000000000000,00	 0000000000000,00	 0000000000000,00	 0000000000000,00
113000302	 0000000000000,00	 0000000000000,00	 0000000000000,00	 0000000000000,00
113000303	 0000000000000,00	 0000000000000,00	 0000000000000,00	 0000000000000,00
113000304	 0000000000000,00	 0000000000000,00	 0000000000000,00	 0000000000000,00
113000400	 0000000000000,00	 0000000000000,00	 0000000000000,00	 0000000000000,00
115000000	 0000278636984,00	 0000000000000,00	 0000000000000,00	 0000000000000,00
115250000	 0000278636984,00	 0000000000000,00	 0000000000000,00	 0000000000000,00
115250100	 0000000000000,00	 0000000000000,00	 0000000000000,00	 0000000000000,00
115250101	 0000000000000,00	 0000000000000,00	 0000000000000,00	 0000000000000,00
115250102	 0000000000000,00	 0000000000000,00	 0000000000000,00	 0000000000000,00
115250109	 0000000000000,00	 0000000000000,00	 0000000000000,00	 0000000000000,00
115250200	 0000000000000,00	 0000000000000,00	 0000000000000,00	 0000000000000,00
115250201	 0000000000000,00	 0000000000000,00	 0000000000000,00	 0000000000000,00
115250202	 0000000000000,00	 0000000000000,00	 0000000000000,00	 0000000000000,00
115250209	 0000000000000,00	 0000000000000,00	 0000000000000,00	 0000000000000,00
115250300	 0000278636984,00	 0000000000000,00	 0000000000000,00	 0000000000000,00
115250301	 0000000000000,00	 0000000000000,00	 0000000000000,00	 0000000000000,00
115250302	 0000000000000,00	 0000000000000,00	 0000000000000,00	 0000000000000,00
115250303	 0000278636984,00	 0000000000000,00	 0000000000000,00	 0000000000000,00
115250304	 0000000000000,00	 0000000000000,00	 0000000000000,00	 0000000000000,00
115250309	 0000000000000,00	 0000000000000,00	 0000000000000,00	 0000000000000,00
115500000	 0000000000000,00	 0000000000000,00	 0000000000000,00	 0000000000000,00
115500100	 0000000000000,00	 0000000000000,00	 0000000000000,00	 0000000000000,00
115500101	 0000000000000,00	 0000000000000,00	 0000000000000,00	 0000000000000,00
115500102	 0000000000000,00	 0000000000000,00	 0000000000000,00	 0000000000000,00
115500300	 0000000000000,00	 0000000000000,00	 0000000000000,00	 0000000000000,00
115500301	 0000000000000,00	 0000000000000,00	 0000000000000,00	 0000000000000,00
115500302	 0000000000000,00	 0000000000000,00	 0000000000000,00	 0000000000000,00
115500303	 0000000000000,00	 0000000000000,00	 0000000000000,00	 0000000000000,00
115500304	 0000000000000,00	 0000000000000,00	 0000000000000,00	 0000000000000,00
115500400	 0000000000000,00	 0000000000000,00	 0000000000000,00	 0000000000000,00
118000000	 0000000000000,00	 0000000000000,00	 0000000000000,00	 0000000000000,00
118250000	 0000000000000,00	 0000000000000,00	 0000000000000,00	 0000000000000,00
118250100	 0000000000000,00	 0000000000000,00	 0000000000000,00	 0000000000000,00
118250101	 0000000000000,00	 0000000000000,00	 0000000000000,00	 0000000000000,00
118250102	 0000000000000,00	 0000000000000,00	 0000000000000,00	 0000000000000,00
118250109	 0000000000000,00	 0000000000000,00	 0000000000000,00	 0000000000000,00
118250200	 0000000000000,00	 0000000000000,00	 0000000000000,00	 0000000000000,00
118250201	 0000000000000,00	 0000000000000,00	 0000000000000,00	 0000000000000,00
118250202	 0000000000000,00	 0000000000000,00	 0000000000000,00	 0000000000000,00
118250209	 0000000000000,00	 0000000000000,00	 0000000000000,00	 0000000000000,00
118250300	 0000000000000,00	 0000000000000,00	 0000000000000,00	 0000000000000,00
118250301	 0000000000000,00	 0000000000000,00	 0000000000000,00	 0000000000000,00
118250302	 0000000000000,00	 0000000000000,00	 0000000000000,00	 0000000000000,00
118250303	 0000000000000,00	 0000000000000,00	 0000000000000,00	 0000000000000,00
118250304	 0000000000000,00	 0000000000000,00	 0000000000000,00	 0000000000000,00
118250309	 0000000000000,00	 0000000000000,00	 0000000000000,00	 0000000000000,00
118500000	 0000000000000,00	 0000000000000,00	 0000000000000,00	 0000000000000,00
118500300	 0000000000000,00	 0000000000000,00	 0000000000000,00	 0000000000000,00
118500301	 0000000000000,00	 0000000000000,00	 0000000000000,00	 0000000000000,00
118500302	 0000000000000,00	 0000000000000,00	 0000000000000,00	 0000000000000,00
118500303	 0000000000000,00	 0000000000000,00	 0000000000000,00	 0000000000000,00
118500304	 0000000000000,00	 0000000000000,00	 0000000000000,00	 0000000000000,00
118500400	 0000000000000,00	 0000000000000,00	 0000000000000,00	 0000000000000,00
120000000	 0193181216986,00	 0321525976178,00	 0000000000000,00	 0000000000000,00
122000000	 0193181216986,00	 0321525976178,00	 0000000000000,00	 0000000000000,00
122000100	 0165571992672,00	 0302084200668,00	 0000000000000,00	 0000000000000,00
122000101	 0091591286146,00	 0000000000000,00	 0000000000000,00	 0000000000000,00
122000102	 0073980706526,00	 0302084200668,00	 0000000000000,00	 0000000000000,00
122000109	 0000000000000,00	 0000000000000,00	 0000000000000,00	 0000000000000,00
122000200	 0027609224314,00	 0019441775510,00	 0000000000000,00	 0000000000000,00
122000201	 0027609224314,00	 0019441336897,00	 0000000000000,00	 0000000000000,00
122000202	 0000000000000,00	 0000000438613,00	 0000000000000,00	 0000000000000,00
122000209	 0000000000000,00	 0000000000000,00	 0000000000000,00	 0000000000000,00
122000300	 0000000000000,00	 0000000000000,00	 0000000000000,00	 0000000000000,00
122000301	 0000000000000,00	 0000000000000,00	 0000000000000,00	 0000000000000,00
122000302	 0000000000000,00	 0000000000000,00	 0000000000000,00	 0000000000000,00
122000303	 0000000000000,00	 0000000000000,00	 0000000000000,00	 0000000000000,00
122000304	 0000000000000,00	 0000000000000,00	 0000000000000,00	 0000000000000,00
122000309	 0000000000000,00	 0000000000000,00	 0000000000000,00	 0000000000000,00
123000000	 0000000000000,00	 0000000000000,00	 0000000000000,00	 0000000000000,00
123000300	 0000000000000,00	 0000000000000,00	 0000000000000,00	 0000000000000,00
123000301	 0000000000000,00	 0000000000000,00	 0000000000000,00	 0000000000000,00
123000302	 0000000000000,00	 0000000000000,00	 0000000000000,00	 0000000000000,00
123000303	 0000000000000,00	 0000000000000,00	 0000000000000,00	 0000000000000,00
123000304	 0000000000000,00	 0000000000000,00	 0000000000000,00	 0000000000000,00
123000400	 0000000000000,00	 0000000000000,00	 0000000000000,00	 0000000000000,00
130000000	 0042466210834,00	 0000000000000,00	 0000000000000,00	 0000000000000,00
130000100	 0042466210834,00	 0000000000000,00	 0000000000000,00	 0000000000000,00
130000101	 0000000000000,00	 0000000000000,00	 0000000000000,00	 0000000000000,00
130000102	 0042466210834,00	 0000000000000,00	 0000000000000,00	 0000000000000,00
130000103	 0000000000000,00	 0000000000000,00	 0000000000000,00	 0000000000000,00
130000104	 0000000000000,00	 0000000000000,00	 0000000000000,00	 0000000000000,00
130000105	 0000000000000,00	 0000000000000,00	 0000000000000,00	 0000000000000,00
130000190	 0000000000000,00	 0000000000000,00	 0000000000000,00	 0000000000000,00
140000000	 1249539739852,00	 1944841349362,00	 0000000000000,00	 0247440110362,00
141000000	 0000000000000,00	 0000000000000,00	 0000000000000,00	 0000000000000,00
141000100	 0000000000000,00	 0000000000000,00	 0000000000000,00	 0000000000000,00
141000101	 0000000000000,00	 0000000000000,00	 0000000000000,00	 0000000000000,00
141000102	 0000000000000,00	 0000000000000,00	 0000000000000,00	 0000000000000,00
141000103	 0000000000000,00	 0000000000000,00	 0000000000000,00	 0000000000000,00
141000200	 0000000000000,00	 0000000000000,00	 0000000000000,00	 0000000000000,00
141000201	 0000000000000,00	 0000000000000,00	 0000000000000,00	 0000000000000,00
141000202	 0000000000000,00	 0000000000000,00	 0000000000000,00	 0000000000000,00
141000203	 0000000000000,00	 0000000000000,00	 0000000000000,00	 0000000000000,00
141000300	 0000000000000,00	 0000000000000,00	 0000000000000,00	 0000000000000,00
141000301	 0000000000000,00	 0000000000000,00	 0000000000000,00	 0000000000000,00
141000302	 0000000000000,00	 0000000000000,00	 0000000000000,00	 0000000000000,00
141000400	 0000000000000,00	 0000000000000,00	 0000000000000,00	 0000000000000,00
141000401	 0000000000000,00	 0000000000000,00	 0000000000000,00	 0000000000000,00
141000402	 0000000000000,00	 0000000000000,00	 0000000000000,00	 0000000000000,00
141000900	 0000000000000,00	 0000000000000,00	 0000000000000,00	 0000000000000,00
141000901	 0000000000000,00	 0000000000000,00	 0000000000000,00	 0000000000000,00
141000902	 0000000000000,00	 0000000000000,00	 0000000000000,00	 0000000000000,00
141000903	 0000000000000,00	 0000000000000,00	 0000000000000,00	 0000000000000,00
141500000	 0165429260264,00	 0000000000000,00	 0000000000000,00	 0000000000000,00
141500100	 0165429260264,00	 0000000000000,00	 0000000000000,00	 0000000000000,00
141500101	 0165429260264,00	 0000000000000,00	 0000000000000,00	 0000000000000,00
141500102	 0000000000000,00	 0000000000000,00	 0000000000000,00	 0000000000000,00
141500109	 0000000000000,00	 0000000000000,00	 0000000000000,00	 0000000000000,00
141500200	 0000000000000,00	 0000000000000,00	 0000000000000,00	 0000000000000,00
141500201	 0000000000000,00	 0000000000000,00	 0000000000000,00	 0000000000000,00
141500202	 0000000000000,00	 0000000000000,00	 0000000000000,00	 0000000000000,00
141500209	 0000000000000,00	 0000000000000,00	 0000000000000,00	 0000000000000,00
141500300	 0000000000000,00	 0000000000000,00	 0000000000000,00	 0000000000000,00
141500301	 0000000000000,00	 0000000000000,00	 0000000000000,00	 0000000000000,00
141500302	 0000000000000,00	 0000000000000,00	 0000000000000,00	 0000000000000,00
141500303	 0000000000000,00	 0000000000000,00	 0000000000000,00	 0000000000000,00
141500304	 0000000000000,00	 0000000000000,00	 0000000000000,00	 0000000000000,00
141500309	 0000000000000,00	 0000000000000,00	 0000000000000,00	 0000000000000,00
141500900	 0000000000000,00	 0000000000000,00	 0000000000000,00	 0000000000000,00
141500901	 0000000000000,00	 0000000000000,00	 0000000000000,00	 0000000000000,00
141500902	 0000000000000,00	 0000000000000,00	 0000000000000,00	 0000000000000,00
141500903	 0000000000000,00	 0000000000000,00	 0000000000000,00	 0000000000000,00
143000000	 0000000000000,00	 0000000000000,00	 0000000000000,00	 0000000000000,00
143100100	 0000000000000,00	 0000000000000,00	 0000000000000,00	 0000000000000,00
143100101	 0000000000000,00	 0000000000000,00	 0000000000000,00	 0000000000000,00
143100102	 0000000000000,00	 0000000000000,00	 0000000000000,00	 0000000000000,00
143100103	 0000000000000,00	 0000000000000,00	 0000000000000,00	 0000000000000,00
143100104	 0000000000000,00	 0000000000000,00	 0000000000000,00	 0000000000000,00
143100105	 0000000000000,00	 0000000000000,00	 0000000000000,00	 0000000000000,00
143100106	 0000000000000,00	 0000000000000,00	 0000000000000,00	 0000000000000,00
143100107	 0000000000000,00	 0000000000000,00	 0000000000000,00	 0000000000000,00
143100190	 0000000000000,00	 0000000000000,00	 0000000000000,00	 0000000000000,00
143150100	 0000000000000,00	 0000000000000,00	 0000000000000,00	 0000000000000,00
143150101	 0000000000000,00	 0000000000000,00	 0000000000000,00	 0000000000000,00
143150102	 0000000000000,00	 0000000000000,00	 0000000000000,00	 0000000000000,00
143150103	 0000000000000,00	 0000000000000,00	 0000000000000,00	 0000000000000,00
143200100	 0000000000000,00	 0000000000000,00	 0000000000000,00	 0000000000000,00
143200101	 0000000000000,00	 0000000000000,00	 0000000000000,00	 0000000000000,00
143200102	 0000000000000,00	 0000000000000,00	 0000000000000,00	 0000000000000,00
143200103	 0000000000000,00	 0000000000000,00	 0000000000000,00	 0000000000000,00
143200104	 0000000000000,00	 0000000000000,00	 0000000000000,00	 0000000000000,00
143200105	 0000000000000,00	 0000000000000,00	 0000000000000,00	 0000000000000,00
143200106	 0000000000000,00	 0000000000000,00	 0000000000000,00	 0000000000000,00
143200107	 0000000000000,00	 0000000000000,00	 0000000000000,00	 0000000000000,00
143200108	 0000000000000,00	 0000000000000,00	 0000000000000,00	 0000000000000,00
143200190	 0000000000000,00	 0000000000000,00	 0000000000000,00	 0000000000000,00
143250100	 0000000000000,00	 0000000000000,00	 0000000000000,00	 0000000000000,00
143250101	 0000000000000,00	 0000000000000,00	 0000000000000,00	 0000000000000,00
143250102	 0000000000000,00	 0000000000000,00	 0000000000000,00	 0000000000000,00
143250103	 0000000000000,00	 0000000000000,00	 0000000000000,00	 0000000000000,00
143300100	 0000000000000,00	 0000000000000,00	 0000000000000,00	 0000000000000,00
143300101	 0000000000000,00	 0000000000000,00	 0000000000000,00	 0000000000000,00
143300102	 0000000000000,00	 0000000000000,00	 0000000000000,00	 0000000000000,00
143300103	 0000000000000,00	 0000000000000,00	 0000000000000,00	 0000000000000,00
143400100	 0000000000000,00	 0000000000000,00	 0000000000000,00	 0000000000000,00
143400101	 0000000000000,00	 0000000000000,00	 0000000000000,00	 0000000000000,00
143400102	 0000000000000,00	 0000000000000,00	 0000000000000,00	 0000000000000,00
143400103	 0000000000000,00	 0000000000000,00	 0000000000000,00	 0000000000000,00
144000000	 1084110479588,00	 1944841349362,00	 0000000000000,00	 0247440110362,00
145000000	 0933721687176,00	 1844832579300,00	 0000000000000,00	 0247269978139,00
145400100	 0795363576025,00	 1450902578563,00	 0000000000000,00	 0155726686421,00
145400101	 0795363576025,00	 1246007710194,00	 0000000000000,00	 0155726686421,00
145400102	 0000000000000,00	 0000000000000,00	 0000000000000,00	 0000000000000,00
145400103	 0000000000000,00	 0202563523966,00	 0000000000000,00	 0000000000000,00
145400104	 0000000000000,00	 0000779838111,00	 0000000000000,00	 0000000000000,00
145400105	 0000000000000,00	 0001551506292,00	 0000000000000,00	 0000000000000,00
145400106	 0000000000000,00	 0000000000000,00	 0000000000000,00	 0000000000000,00
145400200	 0009069734012,00	 0000000000000,00	 0000000000000,00	 0090901327056,00
145400201	 0000000000000,00	 0000000000000,00	 0000000000000,00	 0000000000000,00
145400202	 0007322679476,00	 0000000000000,00	 0000000000000,00	 0039315906813,00
145400203	 0000000000000,00	 0000000000000,00	 0000000000000,00	 0002116912269,00
145400204	 0001747054536,00	 0000000000000,00	 0000000000000,00	 0049468507974,00
145400205	 0000000000000,00	 0000000000000,00	 0000000000000,00	 0000000000000,00
145400290	 0000000000000,00	 0000000000000,00	 0000000000000,00	 0000000000000,00
145400300	 0021186112129,00	 0000000000000,00	 0000000000000,00	 0000000000000,00
145400400	 0002178434930,00	 0000000000000,00	 0000000000000,00	 0000115583124,00
145400401	 0001120772416,00	 0000000000000,00	 0000000000000,00	 0000000000000,00
145400402	 0001057662514,00	 0000000000000,00	 0000000000000,00	 0000115583124,00
145400500	 0023414169007,00	 0000000000000,00	 0000000000000,00	 0000526381538,00
145400501	 0023414169007,00	 0000000000000,00	 0000000000000,00	 0000526381538,00
145400502	 0000000000000,00	 0000000000000,00	 0000000000000,00	 0000000000000,00
145400600	 0082191793228,00	 0119837096284,00	 0000000000000,00	 0000000000000,00
145400601	 0018443321750,00	 0097895344097,00	 0000000000000,00	 0000000000000,00
145400602	 0063748471478,00	 0021941752187,00	 0000000000000,00	 0000000000000,00
145400700	 0000000000000,00	 0273420112924,00	 0000000000000,00	 0000000000000,00
145400701	 0000000000000,00	 0272714046593,00	 0000000000000,00	 0000000000000,00
145400702	 0000000000000,00	 0000706066331,00	 0000000000000,00	 0000000000000,00
145400703	 0000000000000,00	 0000000000000,00	 0000000000000,00	 0000000000000,00
145400900	 0000317867845,00	 0000672791529,00	 0000000000000,00	 0000000000000,00
145400901	 0000000000000,00	 0000000000000,00	 0000000000000,00	 0000000000000,00
145400902	 0000200229558,00	 0000672791529,00	 0000000000000,00	 0000000000000,00
145400990	 0000117638287,00	 0000000000000,00	 0000000000000,00	 0000000000000,00
146000000	 0000000000000,00	 0100007608257,00	 0000000000000,00	 0000000000000,00
146000100	 0000000000000,00	 0006963503170,00	 0000000000000,00	 0000000000000,00
146000200	 0000000000000,00	 0007757462749,00	 0000000000000,00	 0000000000000,00
146000300	 0000000000000,00	 0000000000000,00	 0000000000000,00	 0000000000000,00
146000400	 0000000000000,00	 0085286642338,00	 0000000000000,00	 0000000000000,00
146000401	 0000000000000,00	 0085286642338,00	 0000000000000,00	 0000000000000,00
146000402	 0000000000000,00	 0000000000000,00	 0000000000000,00	 0000000000000,00
146000500	 0000000000000,00	 0000000000000,00	 0000000000000,00	 0000000000000,00
146000900	 0000000000000,00	 0000000000000,00	 0000000000000,00	 0000000000000,00
146000901	 0000000000000,00	 0000000000000,00	 0000000000000,00	 0000000000000,00
146000902	 0000000000000,00	 0000000000000,00	 0000000000000,00	 0000000000000,00
146000903	 0000000000000,00	 0000000000000,00	 0000000000000,00	 0000000000000,00
146000909	 0000000000000,00	 0000000000000,00	 0000000000000,00	 0000000000000,00
148000000	 0220770246031,00	 0000001161805,00	 0000000000000,00	 0000170132223,00
148000100	 0216524781862,00	 0000001161805,00	 0000000000000,00	 0000000000000,00
148000200	 0001332128927,00	 0000000000000,00	 0000000000000,00	 0000000000000,00
148000300	 0002912926035,00	 0000000000000,00	 0000000000000,00	 0000170132223,00
148000301	 0001860654174,00	 0000000000000,00	 0000000000000,00	 0000000000000,00
148000302	 0001052271861,00	 0000000000000,00	 0000000000000,00	 0000170132223,00
148000400	 0000000000000,00	 0000000000000,00	 0000000000000,00	 0000000000000,00
148000900	 0000000409207,00	 0000000000000,00	 0000000000000,00	 0000000000000,00
148000901	 0000000000000,00	 0000000000000,00	 0000000000000,00	 0000000000000,00
148000902	 0000000409207,00	 0000000000000,00	 0000000000000,00	 0000000000000,00
149000000	-0070381453619,00	 0000000000000,00	 0000000000000,00	 0000000000000,00
149500100	-0060616589665,00	 0000000000000,00	 0000000000000,00	 0000000000000,00
149500101	-0018443016564,00	 0000000000000,00	 0000000000000,00	 0000000000000,00
149500102	-0007617080944,00	 0000000000000,00	 0000000000000,00	 0000000000000,00
149500103	-0026696399888,00	 0000000000000,00	 0000000000000,00	 0000000000000,00
149500104	-0005248422878,00	 0000000000000,00	 0000000000000,00	 0000000000000,00
149500105	-0001535026700,00	 0000000000000,00	 0000000000000,00	 0000000000000,00
149500109	-0001076642691,00	 0000000000000,00	 0000000000000,00	 0000000000000,00
149600100	-0000220320893,00	 0000000000000,00	 0000000000000,00	 0000000000000,00
149600101	-0000175019869,00	 0000000000000,00	 0000000000000,00	 0000000000000,00
149600102	-0000045301024,00	 0000000000000,00	 0000000000000,00	 0000000000000,00
149700100	-0009544543061,00	 0000000000000,00	 0000000000000,00	 0000000000000,00
149700101	-0006309386050,00	 0000000000000,00	 0000000000000,00	 0000000000000,00
149700102	-0003235157011,00	 0000000000000,00	 0000000000000,00	 0000000000000,00
150000000	 0000228043698,00	 0000000000000,00	 0000000000000,00	 0000000000000,00
150000100	 0000000000000,00	 0000000000000,00	 0000000000000,00	 0000000000000,00
150000200	 0000000000000,00	 0000000000000,00	 0000000000000,00	 0000000000000,00
150000201	 0000000000000,00	 0000000000000,00	 0000000000000,00	 0000000000000,00
150000202	 0000000000000,00	 0000000000000,00	 0000000000000,00	 0000000000000,00
150000300	 0000000000000,00	 0000000000000,00	 0000000000000,00	 0000000000000,00
150000400	 0000000000000,00	 0000000000000,00	 0000000000000,00	 0000000000000,00
150000500	 0000000000000,00	 0000000000000,00	 0000000000000,00	 0000000000000,00
150000600	 0000000000000,00	 0000000000000,00	 0000000000000,00	 0000000000000,00
150000700	 0000228043698,00	 0000000000000,00	 0000000000000,00	 0000000000000,00
150000800	 0000000000000,00	 0000000000000,00	 0000000000000,00	 0000000000000,00
160000000	 0029393861418,00	 0000000000000,00	 0000000000000,00	 0000000000000,00
160000100	 0000624867330,00	 0000000000000,00	 0000000000000,00	 0000000000000,00
160000200	 0013838967893,00	 0000000000000,00	 0000000000000,00	 0000000000000,00
160000201	 0000000000000,00	 0000000000000,00	 0000000000000,00	 0000000000000,00
160000202	 0000000000000,00	 0000000000000,00	 0000000000000,00	 0000000000000,00
160000203	 0000000000000,00	 0000000000000,00	 0000000000000,00	 0000000000000,00
160000204	 0000000000000,00	 0000000000000,00	 0000000000000,00	 0000000000000,00
160000205	 0000000000000,00	 0000000000000,00	 0000000000000,00	 0000000000000,00
160000206	 0000000000000,00	 0000000000000,00	 0000000000000,00	 0000000000000,00
160000207	 0000000000000,00	 0000000000000,00	 0000000000000,00	 0000000000000,00
160000208	 0000000000000,00	 0000000000000,00	 0000000000000,00	 0000000000000,00
160000209	 0013838967893,00	 0000000000000,00	 0000000000000,00	 0000000000000,00
160000219	 0000000000000,00	 0000000000000,00	 0000000000000,00	 0000000000000,00
160000300	 0014930026195,00	 0000000000000,00	 0000000000000,00	 0000000000000,00
160000301	 0017142528451,00	 0000000000000,00	 0000000000000,00	 0000000000000,00
160000302	 0000000000000,00	 0000000000000,00	 0000000000000,00	 0000000000000,00
160000303	 0000000000000,00	 0000000000000,00	 0000000000000,00	 0000000000000,00
160000309	 0000331645779,00	 0000000000000,00	 0000000000000,00	 0000000000000,00
160000319	-0002544148035,00	 0000000000000,00	 0000000000000,00	 0000000000000,00
170000000	 0002284820718,00	 0000000000000,00	 0000000000000,00	 0000000000000,00
170000100	 0000031388037,00	 0000000000000,00	 0000000000000,00	 0000000000000,00
170000101	 0000033396273,00	 0000000000000,00	 0000000000000,00	 0000000000000,00
170000102	 0000000000000,00	 0000000000000,00	 0000000000000,00	 0000000000000,00
170000119	-0000002008236,00	 0000000000000,00	 0000000000000,00	 0000000000000,00
170000200	 0002253432681,00	 0000000000000,00	 0000000000000,00	 0000000000000,00
170000201	 0005263069844,00	 0000000000000,00	 0000000000000,00	 0000000000000,00
170000209	 0004471479301,00	 0000000000000,00	 0000000000000,00	 0000000000000,00
170000219	-0007481116464,00	 0000000000000,00	 0000000000000,00	 0000000000000,00
175000000	 0022047249713,00	 0000000000000,00	 0000000000000,00	 0000000000000,00
175000100	 0016011695340,00	 0000000000000,00	 0000000000000,00	 0000000000000,00
175000101	 0028671521925,00	 0000000000000,00	 0000000000000,00	 0000000000000,00
175000102	 0000000000000,00	 0000000000000,00	 0000000000000,00	 0000000000000,00
175000119	-0012659826585,00	 0000000000000,00	 0000000000000,00	 0000000000000,00
175000200	 0006035554373,00	 0000000000000,00	 0000000000000,00	 0000000000000,00
175000201	 0010607296259,00	 0000000000000,00	 0000000000000,00	 0000000000000,00
175000219	-0004571741886,00	 0000000000000,00	 0000000000000,00	 0000000000000,00
175000300	 0000000000000,00	 0000000000000,00	 0000000000000,00	 0000000000000,00
175000301	 0000000000000,00	 0000000000000,00	 0000000000000,00	 0000000000000,00
175000309	 0000000000000,00	 0000000000000,00	 0000000000000,00	 0000000000000,00
175000319	 0000000000000,00	 0000000000000,00	 0000000000000,00	 0000000000000,00
175000400	 0000000000000,00	 0000000000000,00	 0000000000000,00	 0000000000000,00
175000401	 0000000000000,00	 0000000000000,00	 0000000000000,00	 0000000000000,00
175000409	 0000000000000,00	 0000000000000,00	 0000000000000,00	 0000000000000,00
175000419	 0000000000000,00	 0000000000000,00	 0000000000000,00	 0000000000000,00
180000000	 0013604299100,00	 0000000000000,00	 0000000000000,00	 0000000000000,00
185000000	 0039200635007,00	 0000000000000,00	 0000000000000,00	 0000000000000,00
190000000	 0135050187061,00	 0000208663282,00	 0000000000000,00	 0037020672477,00
190000100	 0000168520000,00	 0000040000000,00	 0000000000000,00	 0000000000000,00
190000101	 0000168520000,00	 0000040000000,00	 0000000000000,00	 0000000000000,00
190000102	 0000000000000,00	 0000000000000,00	 0000000000000,00	 0000000000000,00
190000103	 0000000000000,00	 0000000000000,00	 0000000000000,00	 0000000000000,00
190000200	 0011581941013,00	 0000000000000,00	 0000000000000,00	 0000000000000,00
190000201	 0011581941013,00	 0000000000000,00	 0000000000000,00	 0000000000000,00
190000202	 0000000000000,00	 0000000000000,00	 0000000000000,00	 0000000000000,00
190000203	 0000000000000,00	 0000000000000,00	 0000000000000,00	 0000000000000,00
190000204	 0000000000000,00	 0000000000000,00	 0000000000000,00	 0000000000000,00
190000300	 0000000000000,00	 0000000000000,00	 0000000000000,00	 0000000000000,00
190000301	 0000000000000,00	 0000000000000,00	 0000000000000,00	 0000000000000,00
190000302	 0000000000000,00	 0000000000000,00	 0000000000000,00	 0000000000000,00
190000303	 0000000000000,00	 0000000000000,00	 0000000000000,00	 0000000000000,00
190000400	 0000000000000,00	 0000000000000,00	 0000000000000,00	 0000000000000,00
190000401	 0000000000000,00	 0000000000000,00	 0000000000000,00	 0000000000000,00
190000402	 0000000000000,00	 0000000000000,00	 0000000000000,00	 0000000000000,00
190000500	 0079171167856,00	 0000168663282,00	 0000000000000,00	 0000205570001,00
190000501	 0000000000000,00	 0000000000000,00	 0000000000000,00	 0000000000000,00
190000502	 0000000000000,00	 0000000000000,00	 0000000000000,00	 0000000000000,00
190000503	 0000358808652,00	 0000000000000,00	 0000000000000,00	 0000000000000,00
190000504	 0010983408050,00	 0000000000000,00	 0000000000000,00	 0000000000000,00
190000505	 0003354546024,00	 0000000000000,00	 0000000000000,00	 0000000000000,00
190000509	 0064474405130,00	 0000168663282,00	 0000000000000,00	 0000205570001,00
190000600	 0000049798764,00	 0000000000000,00	 0000000000000,00	 0000000000000,00
190000700	 0000000000000,00	 0000000000000,00	 0000000000000,00	 0000000000000,00
190000701	 0000000000000,00	 0000000000000,00	 0000000000000,00	 0000000000000,00
190000702	 0000000000000,00	 0000000000000,00	 0000000000000,00	 0000000000000,00
190000800	 0001657147052,00	 0000000000000,00	 0000000000000,00	 0000000000000,00
190000900	 0012830685859,00	 0000000000000,00	 0000000000000,00	 0000000000000,00
190001000	 0000000000000,00	 0000000000000,00	 0000000000000,00	 0000000000000,00
190001100	 0000000000000,00	 0000000000000,00	 0000000000000,00	 0000000000000,00
190001200	 0000000000000,00	 0000000000000,00	 0000000000000,00	 0000000000000,00
190001300	 0000000000000,00	 0000000000000,00	 0000000000000,00	 0000000000000,00
190001400	 0000000000000,00	 0000000000000,00	 0000000000000,00	 0000000000000,00
190001500	 0000083068977,00	 0000000000000,00	 0000000000000,00	 0000001534206,00
190002900	 0029507857540,00	 0000000000000,00	 0000000000000,00	 0036813568270,00
192500100	 0000000000000,00	 0000000000000,00	 0000000000000,00	 0000000000000,00
192500101	 0000000000000,00	 0000000000000,00	 0000000000000,00	 0000000000000,00
192500102	 0000000000000,00	 0000000000000,00	 0000000000000,00	 0000000000000,00
192500103	 0000000000000,00	 0000000000000,00	 0000000000000,00	 0000000000000,00
195000000	 0018652032047,00	 0000000000000,00	 0000000000000,00	 0000000000000,00
195000100	 0006243996365,00	 0000000000000,00	 0000000000000,00	 0000000000000,00
195000101	 0000643234550,00	 0000000000000,00	 0000000000000,00	 0000000000000,00
195000102	 0006060261825,00	 0000000000000,00	 0000000000000,00	 0000000000000,00
195000103	-0000459500010,00	 0000000000000,00	 0000000000000,00	 0000000000000,00
195000200	 0012408035682,00	 0000000000000,00	 0000000000000,00	 0000000000000,00
195000201	 0000000000000,00	 0000000000000,00	 0000000000000,00	 0000000000000,00
195000202	 0000000000000,00	 0000000000000,00	 0000000000000,00	 0000000000000,00
195000203	 0000000000000,00	 0000000000000,00	 0000000000000,00	 0000000000000,00
195000204	 0011663734221,00	 0000000000000,00	 0000000000000,00	 0000000000000,00
195000219	 0000744301461,00	 0000000000000,00	 0000000000000,00	 0000000000000,00
195000300	 0000000000000,00	 0000000000000,00	 0000000000000,00	 0000000000000,00
200000000	 2463222019316,00	 1571358117693,00	 0000000000000,00	 0657642889098,00
207000000	 0033806792696,00	 0000000000000,00	 0000000000000,00	 0028702582622,00
207000100	 0000000000000,00	 0000000000000,00	 0000000000000,00	 0000000000000,00
207000101	 0000000000000,00	 0000000000000,00	 0000000000000,00	 0000000000000,00
207000102	 0000000000000,00	 0000000000000,00	 0000000000000,00	 0000000000000,00
207000200	 0000000000000,00	 0000000000000,00	 0000000000000,00	 0000000000000,00
207000300	 0033806792696,00	 0000000000000,00	 0000000000000,00	 0028702582622,00
207000301	 0023377912095,00	 0000000000000,00	 0000000000000,00	 0000000000000,00
207000309	 0000000000000,00	 0000000000000,00	 0000000000000,00	 0025237674200,00
207000311	 0010428880601,00	 0000000000000,00	 0000000000000,00	 0000000000000,00
207000319	 0000000000000,00	 0000000000000,00	 0000000000000,00	 0003464908422,00
210000000	 0187902977273,00	 0146118646130,00	 0000000000000,00	 0000000000000,00
211000100	 0187902977273,00	 0146118646130,00	 0000000000000,00	 0000000000000,00
211000101	 0044718416830,00	 0000000000000,00	 0000000000000,00	 0000000000000,00
211000102	 0143184560443,00	 0146118646130,00	 0000000000000,00	 0000000000000,00
211000103	 0000000000000,00	 0000000000000,00	 0000000000000,00	 0000000000000,00
211000104	 0000000000000,00	 0000000000000,00	 0000000000000,00	 0000000000000,00
211000105	 0000000000000,00	 0000000000000,00	 0000000000000,00	 0000000000000,00
211000190	 0000000000000,00	 0000000000000,00	 0000000000000,00	 0000000000000,00
213000100	 0000000000000,00	 0000000000000,00	 0000000000000,00	 0000000000000,00
213000101	 0000000000000,00	 0000000000000,00	 0000000000000,00	 0000000000000,00
213000102	 0000000000000,00	 0000000000000,00	 0000000000000,00	 0000000000000,00
213000103	 0000000000000,00	 0000000000000,00	 0000000000000,00	 0000000000000,00
213000109	 0000000000000,00	 0000000000000,00	 0000000000000,00	 0000000000000,00
218000000	 0000000000000,00	 0000000000000,00	 0000000000000,00	 0000000000000,00
218000001	 0000000000000,00	 0000000000000,00	 0000000000000,00	 0000000000000,00
218000002	 0000000000000,00	 0000000000000,00	 0000000000000,00	 0000000000000,00
218000003	 0000000000000,00	 0000000000000,00	 0000000000000,00	 0000000000000,00
218000009	 0000000000000,00	 0000000000000,00	 0000000000000,00	 0000000000000,00
230000000	 0054989353733,00	 0000000000000,00	 0000000000000,00	 0000000000000,00
230000100	 0054989353733,00	 0000000000000,00	 0000000000000,00	 0000000000000,00
230000101	 0000000000000,00	 0000000000000,00	 0000000000000,00	 0000000000000,00
230000102	 0054989353733,00	 0000000000000,00	 0000000000000,00	 0000000000000,00
230000103	 0000000000000,00	 0000000000000,00	 0000000000000,00	 0000000000000,00
230000104	 0000000000000,00	 0000000000000,00	 0000000000000,00	 0000000000000,00
230000105	 0000000000000,00	 0000000000000,00	 0000000000000,00	 0000000000000,00
230000190	 0000000000000,00	 0000000000000,00	 0000000000000,00	 0000000000000,00
240000000	 2045770644286,00	 1252754784508,00	 0000000000000,00	 0608144334656,00
241000000	 0195691774647,00	 0013963437675,00	 0000000000000,00	 0021704400552,00
241000100	 0141922103394,00	 0000000000000,00	 0000000000000,00	 0019963833861,00
241000101	 0000202164721,00	 0000000000000,00	 0000000000000,00	 0000000000000,00
241000102	 0000000000000,00	 0000000000000,00	 0000000000000,00	 0000000000000,00
241000103	 0133077600790,00	 0000000000000,00	 0000000000000,00	 0019130467164,00
241000104	 0008642337883,00	 0000000000000,00	 0000000000000,00	 0000833366697,00
241000200	 0000212436888,00	 0000000000000,00	 0000000000000,00	 0000000000000,00
241000201	 0000000000000,00	 0000000000000,00	 0000000000000,00	 0000000000000,00
241000202	 0000212436888,00	 0000000000000,00	 0000000000000,00	 0000000000000,00
241000300	 0024134563370,00	 0000000000000,00	 0000000000000,00	 0000000000000,00
241000301	 0024134563370,00	 0000000000000,00	 0000000000000,00	 0000000000000,00
241000400	 0000000000000,00	 0000000000000,00	 0000000000000,00	 0000000000000,00
241000401	 0000000000000,00	 0000000000000,00	 0000000000000,00	 0000000000000,00
241000402	 0000000000000,00	 0000000000000,00	 0000000000000,00	 0000000000000,00
241000500	 0029422670995,00	 0013963437675,00	 0000000000000,00	 0001740566691,00
241000501	 0000229841626,00	 0000000000000,00	 0000000000000,00	 0000000000000,00
241000502	 0000000000000,00	 0000000000000,00	 0000000000000,00	 0000000000000,00
241000503	 0000000000000,00	 0000000000000,00	 0000000000000,00	 0000000000000,00
241000504	 0000211977953,00	 0000000000000,00	 0000000000000,00	 0000000000000,00
241000505	 0002750466791,00	 0012761916511,00	 0000000000000,00	 0000677967923,00
241000506	 0003589871488,00	 0000000000000,00	 0000000000000,00	 0000000000000,00
241000507	 0000000000000,00	 0000000000000,00	 0000000000000,00	 0000010988945,00
241000508	 0000000000000,00	 0000000000000,00	 0000000000000,00	 0000000000000,00
241000509	 0007608544154,00	 0000000000000,00	 0000000000000,00	 0000113069402,00
241000510	 0000975347336,00	 0000000000000,00	 0000000000000,00	 0000000367502,00
241000511	 0000649264143,00	 0001201521164,00	 0000000000000,00	 0000762347677,00
241000512	 0000000000000,00	 0000000000000,00	 0000000000000,00	 0000000000000,00
241000513	 0000000000000,00	 0000000000000,00	 0000000000000,00	 0000000000000,00
241000590	 0013407357504,00	 0000000000000,00	 0000000000000,00	 0000175825242,00
242000000	 1429747616656,00	 0310984886016,00	 0000000000000,00	 0133906205635,00
242000100	 1429671122916,00	 0310954079564,00	 0000000000000,00	 0133906205635,00
242000200	 0000000000000,00	 0000018641318,00	 0000000000000,00	 0000000000000,00
242000201	 0000000000000,00	 0000005915966,00	 0000000000000,00	 0000000000000,00
242000202	 0000000000000,00	 0000012725352,00	 0000000000000,00	 0000000000000,00
242000300	 0000076493740,00	 0000012165134,00	 0000000000000,00	 0000000000000,00
242000301	 0000076493740,00	 0000012165134,00	 0000000000000,00	 0000000000000,00
242000302	 0000000000000,00	 0000000000000,00	 0000000000000,00	 0000000000000,00
242000390	 0000000000000,00	 0000000000000,00	 0000000000000,00	 0000000000000,00
243000000	 0000000000000,00	 0000000000000,00	 0000000000000,00	 0000000000000,00
243000100	 0000000000000,00	 0000000000000,00	 0000000000000,00	 0000000000000,00
243000101	 0000000000000,00	 0000000000000,00	 0000000000000,00	 0000000000000,00
243000102	 0000000000000,00	 0000000000000,00	 0000000000000,00	 0000000000000,00
243000103	 0000000000000,00	 0000000000000,00	 0000000000000,00	 0000000000000,00
243000200	 0000000000000,00	 0000000000000,00	 0000000000000,00	 0000000000000,00
243000201	 0000000000000,00	 0000000000000,00	 0000000000000,00	 0000000000000,00
243000202	 0000000000000,00	 0000000000000,00	 0000000000000,00	 0000000000000,00
243000203	 0000000000000,00	 0000000000000,00	 0000000000000,00	 0000000000000,00
243000300	 0000000000000,00	 0000000000000,00	 0000000000000,00	 0000000000000,00
243000301	 0000000000000,00	 0000000000000,00	 0000000000000,00	 0000000000000,00
243000302	 0000000000000,00	 0000000000000,00	 0000000000000,00	 0000000000000,00
243000400	 0000000000000,00	 0000000000000,00	 0000000000000,00	 0000000000000,00
243000401	 0000000000000,00	 0000000000000,00	 0000000000000,00	 0000000000000,00
243000402	 0000000000000,00	 0000000000000,00	 0000000000000,00	 0000000000000,00
244000000	 0358643245796,00	 0000000000000,00	 0000000000000,00	 0452533728469,00
244250000	 0023820929266,00	 0000000000000,00	 0000000000000,00	 0000000000000,00
244250100	 0000000000000,00	 0000000000000,00	 0000000000000,00	 0000000000000,00
244250101	 0000000000000,00	 0000000000000,00	 0000000000000,00	 0000000000000,00
244250102	 0000000000000,00	 0000000000000,00	 0000000000000,00	 0000000000000,00
244250103	 0000000000000,00	 0000000000000,00	 0000000000000,00	 0000000000000,00
244250200	 0023820929266,00	 0000000000000,00	 0000000000000,00	 0000000000000,00
244250201	 0000000000000,00	 0000000000000,00	 0000000000000,00	 0000000000000,00
244250202	 0000000000000,00	 0000000000000,00	 0000000000000,00	 0000000000000,00
244250203	 0000000000000,00	 0000000000000,00	 0000000000000,00	 0000000000000,00
244250204	 0000000000000,00	 0000000000000,00	 0000000000000,00	 0000000000000,00
244250209	 0023820929266,00	 0000000000000,00	 0000000000000,00	 0000000000000,00
244500000	 0000000000000,00	 0000000000000,00	 0000000000000,00	 0452533728469,00
244500100	 0000000000000,00	 0000000000000,00	 0000000000000,00	 0107564521504,00
244500101	 0000000000000,00	 0000000000000,00	 0000000000000,00	 0002116912269,00
244500102	 0000000000000,00	 0000000000000,00	 0000000000000,00	 0000000000000,00
244500103	 0000000000000,00	 0000000000000,00	 0000000000000,00	 0105447609235,00
244500200	 0000000000000,00	 0000000000000,00	 0000000000000,00	 0344969206965,00
244500201	 0000000000000,00	 0000000000000,00	 0000000000000,00	 0000000000000,00
244500202	 0000000000000,00	 0000000000000,00	 0000000000000,00	 0344969206965,00
244500203	 0000000000000,00	 0000000000000,00	 0000000000000,00	 0000000000000,00
244500204	 0000000000000,00	 0000000000000,00	 0000000000000,00	 0000000000000,00
244500209	 0000000000000,00	 0000000000000,00	 0000000000000,00	 0000000000000,00
244700000	 0334822316530,00	 0000000000000,00	 0000000000000,00	 0000000000000,00
244700100	 0334822316530,00	 0000000000000,00	 0000000000000,00	 0000000000000,00
244700200	 0000000000000,00	 0000000000000,00	 0000000000000,00	 0000000000000,00
244900000	 0000000000000,00	 0000000000000,00	 0000000000000,00	 0000000000000,00
244900100	 0000000000000,00	 0000000000000,00	 0000000000000,00	 0000000000000,00
244900200	 0000000000000,00	 0000000000000,00	 0000000000000,00	 0000000000000,00
245000000	 0060045150021,00	 0926686530618,00	 0000000000000,00	 0000000000000,00
245000100	 0000000000000,00	 0008201477798,00	 0000000000000,00	 0000000000000,00
245000101	 0000000000000,00	 0006601169197,00	 0000000000000,00	 0000000000000,00
245000102	 0000000000000,00	 0001600308601,00	 0000000000000,00	 0000000000000,00
245000200	 0060045150021,00	 0918485052820,00	 0000000000000,00	 0000000000000,00
245000201	 0060045150021,00	 0918485052820,00	 0000000000000,00	 0000000000000,00
245000203	 0000000000000,00	 0000000000000,00	 0000000000000,00	 0000000000000,00
246000000	 0001642857166,00	 0001119930199,00	 0000000000000,00	 0000000000000,00
246000100	 0001642857166,00	 0001119930199,00	 0000000000000,00	 0000000000000,00
246000101	 0001642857166,00	 0001119930199,00	 0000000000000,00	 0000000000000,00
246000102	 0000000000000,00	 0000000000000,00	 0000000000000,00	 0000000000000,00
246000200	 0000000000000,00	 0000000000000,00	 0000000000000,00	 0000000000000,00
246000201	 0000000000000,00	 0000000000000,00	 0000000000000,00	 0000000000000,00
246000202	 0000000000000,00	 0000000000000,00	 0000000000000,00	 0000000000000,00
246000203	 0000000000000,00	 0000000000000,00	 0000000000000,00	 0000000000000,00
246000204	 0000000000000,00	 0000000000000,00	 0000000000000,00	 0000000000000,00
246000205	 0000000000000,00	 0000000000000,00	 0000000000000,00	 0000000000000,00
246000206	 0000000000000,00	 0000000000000,00	 0000000000000,00	 0000000000000,00
246000207	 0000000000000,00	 0000000000000,00	 0000000000000,00	 0000000000000,00
246000208	 0000000000000,00	 0000000000000,00	 0000000000000,00	 0000000000000,00
246000290	 0000000000000,00	 0000000000000,00	 0000000000000,00	 0000000000000,00
246000300	 0000000000000,00	 0000000000000,00	 0000000000000,00	 0000000000000,00
246000301	 0000000000000,00	 0000000000000,00	 0000000000000,00	 0000000000000,00
246000302	 0000000000000,00	 0000000000000,00	 0000000000000,00	 0000000000000,00
246000303	 0000000000000,00	 0000000000000,00	 0000000000000,00	 0000000000000,00
246000304	 0000000000000,00	 0000000000000,00	 0000000000000,00	 0000000000000,00
246000305	 0000000000000,00	 0000000000000,00	 0000000000000,00	 0000000000000,00
246000390	 0000000000000,00	 0000000000000,00	 0000000000000,00	 0000000000000,00
250000000	 0000000000000,00	 0016318181405,00	 0000000000000,00	 0000000000000,00
255000000	 0000000000000,00	 0154849775584,00	 0000000000000,00	 0000000000000,00
255000100	 0000000000000,00	 0154849775584,00	 0000000000000,00	 0000000000000,00
255000101	 0000000000000,00	 0000000000000,00	 0000000000000,00	 0000000000000,00
255000102	 0000000000000,00	 0154849775584,00	 0000000000000,00	 0000000000000,00
255000200	 0000000000000,00	 0000000000000,00	 0000000000000,00	 0000000000000,00
255000300	 0000000000000,00	 0000000000000,00	 0000000000000,00	 0000000000000,00
260000000	 0005488004587,00	 0000000000000,00	 0000000000000,00	 0000000000000,00
260000100	 0003358242293,00	 0000000000000,00	 0000000000000,00	 0000000000000,00
260000101	 0003298242293,00	 0000000000000,00	 0000000000000,00	 0000000000000,00
260000102	 0000000000000,00	 0000000000000,00	 0000000000000,00	 0000000000000,00
260000103	 0000000000000,00	 0000000000000,00	 0000000000000,00	 0000000000000,00
260000104	 0000000000000,00	 0000000000000,00	 0000000000000,00	 0000000000000,00
260000105	 0000000000000,00	 0000000000000,00	 0000000000000,00	 0000000000000,00
260000106	 0000000000000,00	 0000000000000,00	 0000000000000,00	 0000000000000,00
260000107	 0000000000000,00	 0000000000000,00	 0000000000000,00	 0000000000000,00
260000109	 0000060000000,00	 0000000000000,00	 0000000000000,00	 0000000000000,00
260000200	 0000000000000,00	 0000000000000,00	 0000000000000,00	 0000000000000,00
260000300	 0000000000000,00	 0000000000000,00	 0000000000000,00	 0000000000000,00
260000400	 0000493999228,00	 0000000000000,00	 0000000000000,00	 0000000000000,00
260000500	 0000000000000,00	 0000000000000,00	 0000000000000,00	 0000000000000,00
260000600	 0000000000000,00	 0000000000000,00	 0000000000000,00	 0000000000000,00
260000900	 0001635763066,00	 0000000000000,00	 0000000000000,00	 0000000000000,00
265000000	 0016622767402,00	 0000000000000,00	 0000000000000,00	 0000000000000,00
265000100	 0016622767402,00	 0000000000000,00	 0000000000000,00	 0000000000000,00
265000101	 0016622767402,00	 0000000000000,00	 0000000000000,00	 0000000000000,00
265000102	 0000000000000,00	 0000000000000,00	 0000000000000,00	 0000000000000,00
265000200	 0000000000000,00	 0000000000000,00	 0000000000000,00	 0000000000000,00
265000300	 0000000000000,00	 0000000000000,00	 0000000000000,00	 0000000000000,00
270000000	 0024959359936,00	 0000000000000,00	 0000000000000,00	 0000000000000,00
271000000	 0002007202567,00	 0000000000000,00	 0000000000000,00	 0000000000000,00
271000100	 0000232170534,00	 0000000000000,00	 0000000000000,00	 0000000000000,00
271000200	 0000039032317,00	 0000000000000,00	 0000000000000,00	 0000000000000,00
271000400	 0001016118669,00	 0000000000000,00	 0000000000000,00	 0000000000000,00
271000500	 0000000000000,00	 0000000000000,00	 0000000000000,00	 0000000000000,00
271000501	 0000000000000,00	 0000000000000,00	 0000000000000,00	 0000000000000,00
271000502	 0000000000000,00	 0000000000000,00	 0000000000000,00	 0000000000000,00
271000503	 0000000000000,00	 0000000000000,00	 0000000000000,00	 0000000000000,00
271000504	 0000000000000,00	 0000000000000,00	 0000000000000,00	 0000000000000,00
271000505	 0000000000000,00	 0000000000000,00	 0000000000000,00	 0000000000000,00
271000600	 0000236194511,00	 0000000000000,00	 0000000000000,00	 0000000000000,00
271000601	 0000236194511,00	 0000000000000,00	 0000000000000,00	 0000000000000,00
271000602	 0000000000000,00	 0000000000000,00	 0000000000000,00	 0000000000000,00
271000700	 0000483686536,00	 0000000000000,00	 0000000000000,00	 0000000000000,00
271000701	 0000302345178,00	 0000000000000,00	 0000000000000,00	 0000000000000,00
271000702	 0000126224807,00	 0000000000000,00	 0000000000000,00	 0000000000000,00
271000703	 0000009072366,00	 0000000000000,00	 0000000000000,00	 0000000000000,00
271000704	 0000046044185,00	 0000000000000,00	 0000000000000,00	 0000000000000,00
271000705	 0000000000000,00	 0000000000000,00	 0000000000000,00	 0000000000000,00
271000800	 0000000000000,00	 0000000000000,00	 0000000000000,00	 0000000000000,00
271000900	 0000000000000,00	 0000000000000,00	 0000000000000,00	 0000000000000,00
272000000	 0000370501606,00	 0000000000000,00	 0000000000000,00	 0000000000000,00
273000000	 0000000000000,00	 0000000000000,00	 0000000000000,00	 0000000000000,00
274000000	 0022581655763,00	 0000000000000,00	 0000000000000,00	 0000000000000,00
274000100	 0022581655763,00	 0000000000000,00	 0000000000000,00	 0000000000000,00
274000200	 0000000000000,00	 0000000000000,00	 0000000000000,00	 0000000000000,00
274000300	 0000000000000,00	 0000000000000,00	 0000000000000,00	 0000000000000,00
275000000	 0000000000000,00	 0000000000000,00	 0000000000000,00	 0000000000000,00
275000100	 0000000000000,00	 0000000000000,00	 0000000000000,00	 0000000000000,00
275000200	 0000000000000,00	 0000000000000,00	 0000000000000,00	 0000000000000,00
275000300	 0000000000000,00	 0000000000000,00	 0000000000000,00	 0000000000000,00
275000400	 0000000000000,00	 0000000000000,00	 0000000000000,00	 0000000000000,00
275000500	 0000000000000,00	 0000000000000,00	 0000000000000,00	 0000000000000,00
275000600	 0000000000000,00	 0000000000000,00	 0000000000000,00	 0000000000000,00
279000000	 0000000000000,00	 0000000000000,00	 0000000000000,00	 0000000000000,00
279000100	 0000000000000,00	 0000000000000,00	 0000000000000,00	 0000000000000,00
279000200	 0000000000000,00	 0000000000000,00	 0000000000000,00	 0000000000000,00
279000300	 0000000000000,00	 0000000000000,00	 0000000000000,00	 0000000000000,00
280000000	 0011559100723,00	 0000000000000,00	 0000000000000,00	 0000000000000,00
285000000	 0013988405579,00	 0000000000000,00	 0000000000000,00	 0000000000000,00
290000000	 0068134613101,00	 0001316730066,00	 0000000000000,00	 0020795971820,00
290000100	 0002174518151,00	 0000000000000,00	 0000000000000,00	 0020781208459,00
290000101	 0002174518151,00	 0000000000000,00	 0000000000000,00	 0020781208459,00
290000102	 0000000000000,00	 0000000000000,00	 0000000000000,00	 0000000000000,00
290000103	 0000000000000,00	 0000000000000,00	 0000000000000,00	 0000000000000,00
290000104	 0000000000000,00	 0000000000000,00	 0000000000000,00	 0000000000000,00
290000200	 0000000000000,00	 0000000000000,00	 0000000000000,00	 0000000000000,00
290000201	 0000000000000,00	 0000000000000,00	 0000000000000,00	 0000000000000,00
290000202	 0000000000000,00	 0000000000000,00	 0000000000000,00	 0000000000000,00
290000203	 0000000000000,00	 0000000000000,00	 0000000000000,00	 0000000000000,00
290000300	 0031929024902,00	 0001316730066,00	 0000000000000,00	 0000000000000,00
290000301	 0000095677870,00	 0000000000000,00	 0000000000000,00	 0000000000000,00
290000302	 0000949654655,00	 0000000000000,00	 0000000000000,00	 0000000000000,00
290000303	 0000000000000,00	 0000000000000,00	 0000000000000,00	 0000000000000,00
290000304	 0000000000000,00	 0000000000000,00	 0000000000000,00	 0000000000000,00
290000305	 0001764271093,00	 0000000000000,00	 0000000000000,00	 0000000000000,00
290000306	 0000460101696,00	 0000000000000,00	 0000000000000,00	 0000000000000,00
290000307	 0006280041903,00	 0001316730066,00	 0000000000000,00	 0000000000000,00
290000308	 0000659298699,00	 0000000000000,00	 0000000000000,00	 0000000000000,00
290000309	 0000000000000,00	 0000000000000,00	 0000000000000,00	 0000000000000,00
290000390	 0021719978986,00	 0000000000000,00	 0000000000000,00	 0000000000000,00
290000400	 0000000000000,00	 0000000000000,00	 0000000000000,00	 0000000000000,00
290000500	 0000022783326,00	 0000000000000,00	 0000000000000,00	 0000000000000,00
290000501	 0000022783326,00	 0000000000000,00	 0000000000000,00	 0000000000000,00
290000502	 0000000000000,00	 0000000000000,00	 0000000000000,00	 0000000000000,00
290000700	 0001076554050,00	 0000000000000,00	 0000000000000,00	 0000000000000,00
290000800	 0000159145377,00	 0000000000000,00	 0000000000000,00	 0000000000000,00
290000801	 0000000000000,00	 0000000000000,00	 0000000000000,00	 0000000000000,00
290000802	 0000000000000,00	 0000000000000,00	 0000000000000,00	 0000000000000,00
290000803	 0000000000000,00	 0000000000000,00	 0000000000000,00	 0000000000000,00
290000809	 0000159145377,00	 0000000000000,00	 0000000000000,00	 0000000000000,00
290000900	 0001390456628,00	 0000000000000,00	 0000000000000,00	 0000000000000,00
290001000	 0000000000000,00	 0000000000000,00	 0000000000000,00	 0000000000000,00
290001100	 0000133170954,00	 0000000000000,00	 0000000000000,00	 0000001746225,00
290001200	 0031248959713,00	 0000000000000,00	 0000000000000,00	 0000013017136,00
295000000	 0000000000000,00	 0000000000000,00	 0000000000000,00	 0000000000000,00
300000000	 0339593827383,00	 0000000000000,00	 0000000000000,00	 0000000000000,00
310000000	 0195387851559,00	 0000000000000,00	 0000000000000,00	 0000000000000,00
311000000	 0195387851559,00	 0000000000000,00	 0000000000000,00	 0000000000000,00
311000100	 0195387851559,00	 0000000000000,00	 0000000000000,00	 0000000000000,00
311000200	 0000000000000,00	 0000000000000,00	 0000000000000,00	 0000000000000,00
311000300	 0000000000000,00	 0000000000000,00	 0000000000000,00	 0000000000000,00
311000400	 0000000000000,00	 0000000000000,00	 0000000000000,00	 0000000000000,00
311000500	 0000000000000,00	 0000000000000,00	 0000000000000,00	 0000000000000,00
311000600	 0000000000000,00	 0000000000000,00	 0000000000000,00	 0000000000000,00
312000000	 0000000000000,00	 0000000000000,00	 0000000000000,00	 0000000000000,00
313000000	 0000000000000,00	 0000000000000,00	 0000000000000,00	 0000000000000,00
320000000	 0006665436132,00	 0000000000000,00	 0000000000000,00	 0000000000000,00
320000100	-0000112360132,00	 0000000000000,00	 0000000000000,00	 0000000000000,00
320000200	 0006777796264,00	 0000000000000,00	 0000000000000,00	 0000000000000,00
320000300	 0000000000000,00	 0000000000000,00	 0000000000000,00	 0000000000000,00
320000400	 0000000000000,00	 0000000000000,00	 0000000000000,00	 0000000000000,00
330000000	 0005814155647,00	 0000000000000,00	 0000000000000,00	 0000000000000,00
331000000	 0000000000000,00	 0000000000000,00	 0000000000000,00	 0000000000000,00
331000100	 0000000000000,00	 0000000000000,00	 0000000000000,00	 0000000000000,00
331000200	 0000000000000,00	 0000000000000,00	 0000000000000,00	 0000000000000,00
331000201	 0000000000000,00	 0000000000000,00	 0000000000000,00	 0000000000000,00
331000202	 0000000000000,00	 0000000000000,00	 0000000000000,00	 0000000000000,00
331000203	 0000000000000,00	 0000000000000,00	 0000000000000,00	 0000000000000,00
331000209	 0000000000000,00	 0000000000000,00	 0000000000000,00	 0000000000000,00
331000300	 0000000000000,00	 0000000000000,00	 0000000000000,00	 0000000000000,00
331000400	 0000000000000,00	 0000000000000,00	 0000000000000,00	 0000000000000,00
331000500	 0000000000000,00	 0000000000000,00	 0000000000000,00	 0000000000000,00
331000900	 0000000000000,00	 0000000000000,00	 0000000000000,00	 0000000000000,00
332000000	 0005814155647,00	 0000000000000,00	 0000000000000,00	 0000000000000,00
332000100	 0000457930142,00	 0000000000000,00	 0000000000000,00	 0000000000000,00
332000200	 0000000000000,00	 0000000000000,00	 0000000000000,00	 0000000000000,00
332000300	 0000000000000,00	 0000000000000,00	 0000000000000,00	 0000000000000,00
332000400	 0005388295984,00	 0000000000000,00	 0000000000000,00	 0000000000000,00
332000500	 0000000000000,00	 0000000000000,00	 0000000000000,00	 0000000000000,00
332000600	 0000000000000,00	 0000000000000,00	 0000000000000,00	 0000000000000,00
332000700	 0000000000000,00	 0000000000000,00	 0000000000000,00	 0000000000000,00
332000900	-0000032070479,00	 0000000000000,00	 0000000000000,00	 0000000000000,00
340000000	 0091643998166,00	 0000000000000,00	 0000000000000,00	 0000000000000,00
340000100	 0000040438333,00	 0000000000000,00	 0000000000000,00	 0000000000000,00
340000200	 0091603559833,00	 0000000000000,00	 0000000000000,00	 0000000000000,00
350000000	 0055409224674,00	 0000000000000,00	 0000000000000,00	 0000000000000,00
360000000	-0016622767402,00	 0000000000000,00	 0000000000000,00	 0000000000000,00
360000100	-0016622767402,00	 0000000000000,00	 0000000000000,00	 0000000000000,00
360000101	-0016622767402,00	 0000000000000,00	 0000000000000,00	 0000000000000,00
360000102	 0000000000000,00	 0000000000000,00	 0000000000000,00	 0000000000000,00
360000200	 0000000000000,00	 0000000000000,00	 0000000000000,00	 0000000000000,00
360000300	 0000000000000,00	 0000000000000,00	 0000000000000,00	 0000000000000,00
365000000	 0000000000000,00	 0000000000000,00	 0000000000000,00	 0000000000000,00
380000000	 0338297898776,00	 0000000000000,00	 0000000000000,00	 0000000000000,00
390000000	 0001295928607,00	 0000000000000,00	 0000000000000,00	 0000000000000,00
500000000	 1154491933207,00	 1944841349362,00	 0000000000000,00	 0247440110362,00
505000000	 1154491933207,00	 1944841349362,00	 0000000000000,00	 0247440110362,00
510000000	 2802815846699,00	 1571358117693,00	 0000000000000,00	 0657642889098,00
