999	SISTEMA FINANCIERO
100000000	 184831885354011,00	 132109347928980,00	 0746518508044,00	 74972195754621,00
105000000	 10270673161552,00	 0000000000000,00	 0000000000000,00	 8902006901443,00
105000100	 3052383653587,00	 0000000000000,00	 0000000000000,00	 0537465783596,00
105000101	 1422678615523,00	 0000000000000,00	 0000000000000,00	 0439401164443,00
105000102	 1628866834152,00	 0000000000000,00	 0000000000000,00	 0055765073589,00
105000103	 0000838203912,00	 0000000000000,00	 0000000000000,00	 0042299545564,00
105000200	 7050243560692,00	 0000000000000,00	 0000000000000,00	 1029529601021,00
105000201	 3064970088471,00	 0000000000000,00	 0000000000000,00	 0706673162667,00
105000202	 0943273472221,00	 0000000000000,00	 0000000000000,00	 0322856438354,00
105000209	 3042000000000,00	 0000000000000,00	 0000000000000,00	 0000000000000,00
105000300	 0000000000000,00	 0000000000000,00	 0000000000000,00	 2714765704831,00
105000301	 0000000000000,00	 0000000000000,00	 0000000000000,00	 0819342492226,00
105000302	 0000000000000,00	 0000000000000,00	 0000000000000,00	 0009823989976,00
105000309	 0000000000000,00	 0000000000000,00	 0000000000000,00	 1885599222629,00
105000400	 0155813292833,00	 0000000000000,00	 0000000000000,00	 0025475591185,00
105000500	 0012232654440,00	 0000000000000,00	 0000000000000,00	 4594770220810,00
107000000	 2296383737237,00	 0023058710477,00	 0000000000000,00	 2292148943432,00
107000100	 0363804219902,00	 0000000000000,00	 0000000000000,00	 0058052462933,00
107000101	 0002138258048,00	 0000000000000,00	 0000000000000,00	 0006448132668,00
107000102	 0350214832385,00	 0000000000000,00	 0000000000000,00	 0039411002138,00
107000103	 0011451129469,00	 0000000000000,00	 0000000000000,00	 0012193328127,00
107000200	 0001465600000,00	 0000000000000,00	 0000000000000,00	 0000000000000,00
107000201	 0000000000000,00	 0000000000000,00	 0000000000000,00	 0000000000000,00
107000202	 0001465600000,00	 0000000000000,00	 0000000000000,00	 0000000000000,00
107000300	 0079132876143,00	 0000000000000,00	 0000000000000,00	 0000000000000,00
107000400	 1851981041192,00	 0023058710477,00	 0000000000000,00	 2234096480499,00
107000401	 1031102354737,00	 0000000000000,00	 0000000000000,00	 0000000480096,00
107000409	 0130884640657,00	 0000000000000,00	 0000000000000,00	 1907404428670,00
107000411	 0652562935340,00	 0023058710477,00	 0000000000000,00	 0019075923267,00
107000419	 0037431110458,00	 0000000000000,00	 0000000000000,00	 0307615648466,00
110000000	 36256404142485,00	 1732530696274,00	 0000000000000,00	 2172477501498,00
111000100	 30337402455148,00	 0358674231171,00	 0000000000000,00	 1730288276550,00
111000101	 4854721201608,00	 0000032675028,00	 0000000000000,00	 0094480035909,00
111000102	 25461128947605,00	 0358641556143,00	 0000000000000,00	 1635793887907,00
111000103	 0005498056959,00	 0000000000000,00	 0000000000000,00	 0000008578577,00
111000104	 0010443267593,00	 0000000000000,00	 0000000000000,00	 0000005774157,00
111000105	 0000236858370,00	 0000000000000,00	 0000000000000,00	 0000000000000,00
111000109	 0005374123013,00	 0000000000000,00	 0000000000000,00	 0000000000000,00
112000000	 5187543712246,00	 1373856465103,00	 0000000000000,00	 0404236646116,00
112000100	 3538064339334,00	 0788726777862,00	 0000000000000,00	 0000000000000,00
112000101	 3070236712013,00	 0001102494754,00	 0000000000000,00	 0000000000000,00
112000102	 0467610832244,00	 0787624283108,00	 0000000000000,00	 0000000000000,00
112000109	 0000216795077,00	 0000000000000,00	 0000000000000,00	 0000000000000,00
112000200	 1649479372912,00	 0585129687241,00	 0000000000000,00	 0007338024802,00
112000201	 1605804238881,00	 0518615190092,00	 0000000000000,00	 0007338024802,00
112000202	 0016581449537,00	 0066514497149,00	 0000000000000,00	 0000000000000,00
112000209	 0027093684494,00	 0000000000000,00	 0000000000000,00	 0000000000000,00
112000300	 0000000000000,00	 0000000000000,00	 0000000000000,00	 0396898621314,00
112000301	 0000000000000,00	 0000000000000,00	 0000000000000,00	 0004318594308,00
112000302	 0000000000000,00	 0000000000000,00	 0000000000000,00	 0392539963615,00
112000303	 0000000000000,00	 0000000000000,00	 0000000000000,00	 0000000000000,00
112000304	 0000000000000,00	 0000000000000,00	 0000000000000,00	 0000000000000,00
112000309	 0000000000000,00	 0000000000000,00	 0000000000000,00	 0000040063391,00
113000000	 0731457975091,00	 0000000000000,00	 0000000000000,00	 0037952578832,00
113000100	 0692572866331,00	 0000000000000,00	 0000000000000,00	 0037943688886,00
113000101	 0632051909961,00	 0000000000000,00	 0000000000000,00	 0001028735933,00
113000102	 0060520956370,00	 0000000000000,00	 0000000000000,00	 0036914952953,00
113000200	 0038207506159,00	 0000000000000,00	 0000000000000,00	 0000000000000,00
113000201	 0037884503083,00	 0000000000000,00	 0000000000000,00	 0000000000000,00
113000202	 0000323003076,00	 0000000000000,00	 0000000000000,00	 0000000000000,00
113000300	 0000000000000,00	 0000000000000,00	 0000000000000,00	 0000000000000,00
113000301	 0000000000000,00	 0000000000000,00	 0000000000000,00	 0000000000000,00
113000302	 0000000000000,00	 0000000000000,00	 0000000000000,00	 0000000000000,00
113000303	 0000000000000,00	 0000000000000,00	 0000000000000,00	 0000000000000,00
113000304	 0000000000000,00	 0000000000000,00	 0000000000000,00	 0000000000000,00
113000400	 0000677602601,00	 0000000000000,00	 0000000000000,00	 0000008889946,00
115000000	 0000227693599,00	 0000000000000,00	 0000000000000,00	 0112718267362,00
115250000	 0000227693599,00	 0000000000000,00	 0000000000000,00	 0002432362202,00
115250100	 0000000000000,00	 0000000000000,00	 0000000000000,00	 0000000000000,00
115250101	 0000000000000,00	 0000000000000,00	 0000000000000,00	 0000000000000,00
115250102	 0000000000000,00	 0000000000000,00	 0000000000000,00	 0000000000000,00
115250109	 0000000000000,00	 0000000000000,00	 0000000000000,00	 0000000000000,00
115250200	 0000000000000,00	 0000000000000,00	 0000000000000,00	 0000000000000,00
115250201	 0000000000000,00	 0000000000000,00	 0000000000000,00	 0000000000000,00
115250202	 0000000000000,00	 0000000000000,00	 0000000000000,00	 0000000000000,00
115250209	 0000000000000,00	 0000000000000,00	 0000000000000,00	 0000000000000,00
115250300	 0000227693599,00	 0000000000000,00	 0000000000000,00	 0002432362202,00
115250301	 0000000000000,00	 0000000000000,00	 0000000000000,00	 0000000000000,00
115250302	 0000000000000,00	 0000000000000,00	 0000000000000,00	 0000000000000,00
115250303	 0000227693599,00	 0000000000000,00	 0000000000000,00	 0000000000000,00
115250304	 0000000000000,00	 0000000000000,00	 0000000000000,00	 0002432362202,00
115250309	 0000000000000,00	 0000000000000,00	 0000000000000,00	 0000000000000,00
115500000	 0000000000000,00	 0000000000000,00	 0000000000000,00	 0110285905160,00
115500100	 0000000000000,00	 0000000000000,00	 0000000000000,00	 0000000000000,00
115500101	 0000000000000,00	 0000000000000,00	 0000000000000,00	 0000000000000,00
115500102	 0000000000000,00	 0000000000000,00	 0000000000000,00	 0000000000000,00
115500300	 0000000000000,00	 0000000000000,00	 0000000000000,00	 0110285905160,00
115500301	 0000000000000,00	 0000000000000,00	 0000000000000,00	 0000000000000,00
115500302	 0000000000000,00	 0000000000000,00	 0000000000000,00	 0110285905160,00
115500303	 0000000000000,00	 0000000000000,00	 0000000000000,00	 0000000000000,00
115500304	 0000000000000,00	 0000000000000,00	 0000000000000,00	 0000000000000,00
115500400	 0000000000000,00	 0000000000000,00	 0000000000000,00	 0000000000000,00
118000000	 0000000000000,00	 0000000000000,00	 0000000000000,00	 0000000000000,00
118250000	 0000000000000,00	 0000000000000,00	 0000000000000,00	 0000000000000,00
118250100	 0000000000000,00	 0000000000000,00	 0000000000000,00	 0000000000000,00
118250101	 0000000000000,00	 0000000000000,00	 0000000000000,00	 0000000000000,00
118250102	 0000000000000,00	 0000000000000,00	 0000000000000,00	 0000000000000,00
118250109	 0000000000000,00	 0000000000000,00	 0000000000000,00	 0000000000000,00
118250200	 0000000000000,00	 0000000000000,00	 0000000000000,00	 0000000000000,00
118250201	 0000000000000,00	 0000000000000,00	 0000000000000,00	 0000000000000,00
118250202	 0000000000000,00	 0000000000000,00	 0000000000000,00	 0000000000000,00
118250209	 0000000000000,00	 0000000000000,00	 0000000000000,00	 0000000000000,00
118250300	 0000000000000,00	 0000000000000,00	 0000000000000,00	 0000000000000,00
118250301	 0000000000000,00	 0000000000000,00	 0000000000000,00	 0000000000000,00
118250302	 0000000000000,00	 0000000000000,00	 0000000000000,00	 0000000000000,00
118250303	 0000000000000,00	 0000000000000,00	 0000000000000,00	 0000000000000,00
118250304	 0000000000000,00	 0000000000000,00	 0000000000000,00	 0000000000000,00
118250309	 0000000000000,00	 0000000000000,00	 0000000000000,00	 0000000000000,00
118500000	 0000000000000,00	 0000000000000,00	 0000000000000,00	 0000000000000,00
118500300	 0000000000000,00	 0000000000000,00	 0000000000000,00	 0000000000000,00
118500301	 0000000000000,00	 0000000000000,00	 0000000000000,00	 0000000000000,00
118500302	 0000000000000,00	 0000000000000,00	 0000000000000,00	 0000000000000,00
118500303	 0000000000000,00	 0000000000000,00	 0000000000000,00	 0000000000000,00
118500304	 0000000000000,00	 0000000000000,00	 0000000000000,00	 0000000000000,00
118500400	 0000000000000,00	 0000000000000,00	 0000000000000,00	 0000000000000,00
120000000	 35174484306180,00	 5551741824064,00	 0000000000000,00	 7075726110774,00
122000000	 35085032580726,00	 5538939211029,00	 0000000000000,00	 7042547156957,00
122000100	 31507164271866,00	 2922540734267,00	 0000000000000,00	 0355345309999,00
122000101	 24539104979159,00	 0000544828653,00	 0000000000000,00	 0000000000000,00
122000102	 6968059292707,00	 2904097588126,00	 0000000000000,00	 0246720502342,00
122000109	 0000000000000,00	 0017898317488,00	 0000000000000,00	 0108624807657,00
122000200	 3581611957931,00	 2616398476762,00	 0000000000000,00	 0143820086627,00
122000201	 3452104169243,00	 1830620752652,00	 0000000000000,00	 0023817937983,00
122000202	 0127344347341,00	 0785777724110,00	 0000000000000,00	 0044164140387,00
122000209	 0002163441347,00	 0000000000000,00	 0000000000000,00	 0075838008257,00
122000300	-0003743649071,00	 0000000000000,00	 0000000000000,00	 6543381760331,00
122000301	 0000000000000,00	 0000000000000,00	 0000000000000,00	 0020782550776,00
122000302	 0000000000000,00	 0000000000000,00	 0000000000000,00	 5039072815837,00
122000303	-0002690893766,00	 0000000000000,00	 0000000000000,00	 0409033292334,00
122000304	-0001052755305,00	 0000000000000,00	 0000000000000,00	 0029585320794,00
122000309	 0000000000000,00	 0000000000000,00	 0000000000000,00	 1044907780590,00
123000000	 0089451725454,00	 0012802613035,00	 0000000000000,00	 0033178953817,00
123000300	 0083330807556,00	 0012802613035,00	 0000000000000,00	 0026486977699,00
123000301	 0000000000000,00	 0000000000000,00	 0000000000000,00	 0000000000000,00
123000302	 0083330807556,00	 0012802613035,00	 0000000000000,00	 0026486977699,00
123000303	 0000000000000,00	 0000000000000,00	 0000000000000,00	 0000000000000,00
123000304	 0000000000000,00	 0000000000000,00	 0000000000000,00	 0000000000000,00
123000400	 0006120917898,00	 0000000000000,00	 0000000000000,00	 0006691976118,00
130000000	 2170494980286,00	 0113894364613,00	 0000000000000,00	 0439287389249,00
130000100	 2170494980286,00	 0113894364613,00	 0000000000000,00	 0439287389249,00
130000101	 0024638307888,00	 0017497568715,00	 0000000000000,00	 0007694836410,00
130000102	 2145856672398,00	 0096396795898,00	 0000000000000,00	 0431592552839,00
130000103	 0000000000000,00	 0000000000000,00	 0000000000000,00	 0000000000000,00
130000104	 0000000000000,00	 0000000000000,00	 0000000000000,00	 0000000000000,00
130000105	 0000000000000,00	 0000000000000,00	 0000000000000,00	 0000000000000,00
130000190	 0000000000000,00	 0000000000000,00	 0000000000000,00	 0000000000000,00
140000000	 86694877159197,00	 124245738579899,00	 0653854080805,00	 47278531418800,00
141000000	 0484640930166,00	 0000000000000,00	 0000000000000,00	 0120757738029,00
141000100	 0000000000000,00	 0000000000000,00	 0000000000000,00	 0000000000000,00
141000101	 0000000000000,00	 0000000000000,00	 0000000000000,00	 0000000000000,00
141000102	 0000000000000,00	 0000000000000,00	 0000000000000,00	 0000000000000,00
141000103	 0000000000000,00	 0000000000000,00	 0000000000000,00	 0000000000000,00
141000200	 0000000000000,00	 0000000000000,00	 0000000000000,00	 0064583028137,00
141000201	 0000000000000,00	 0000000000000,00	 0000000000000,00	 0004774441733,00
141000202	 0000000000000,00	 0000000000000,00	 0000000000000,00	 0059808586404,00
141000203	 0000000000000,00	 0000000000000,00	 0000000000000,00	 0000000000000,00
141000300	 0484699447406,00	 0000000000000,00	 0000000000000,00	 0000000000000,00
141000301	 0484699447406,00	 0000000000000,00	 0000000000000,00	 0000000000000,00
141000302	 0000000000000,00	 0000000000000,00	 0000000000000,00	 0000000000000,00
141000400	 0000000000000,00	 0000000000000,00	 0000000000000,00	 0056174709892,00
141000401	 0000000000000,00	 0000000000000,00	 0000000000000,00	 0056174709892,00
141000402	 0000000000000,00	 0000000000000,00	 0000000000000,00	 0000000000000,00
141000900	-0000058517240,00	 0000000000000,00	 0000000000000,00	 0000000000000,00
141000901	-0000058517240,00	 0000000000000,00	 0000000000000,00	 0000000000000,00
141000902	 0000000000000,00	 0000000000000,00	 0000000000000,00	 0000000000000,00
141000903	 0000000000000,00	 0000000000000,00	 0000000000000,00	 0000000000000,00
141500000	 7943975620373,00	 3708213118491,00	 0000000000000,00	 3020637896004,00
141500100	 6834009193850,00	 2889725398836,00	 0000000000000,00	 0021061081287,00
141500101	 0000000000000,00	 0000000000000,00	 0000000000000,00	 0000000000000,00
141500102	 6834009193850,00	 2889725398836,00	 0000000000000,00	 0000000000000,00
141500109	 0000000000000,00	 0000000000000,00	 0000000000000,00	 0021061081287,00
141500200	 1121406826487,00	 0823228016073,00	 0000000000000,00	 0000791547936,00
141500201	 1051571036890,00	 0767767355491,00	 0000000000000,00	 0000791547936,00
141500202	 0049392572133,00	 0055460660582,00	 0000000000000,00	 0000000000000,00
141500209	 0020443217464,00	 0000000000000,00	 0000000000000,00	 0000000000000,00
141500300	 0000000000000,00	 0000000000000,00	 0000000000000,00	 3025628697298,00
141500301	 0000000000000,00	 0000000000000,00	 0000000000000,00	 0000000000000,00
141500302	 0000000000000,00	 0000000000000,00	 0000000000000,00	 0418015962344,00
141500303	 0000000000000,00	 0000000000000,00	 0000000000000,00	 0056666662475,00
141500304	 0000000000000,00	 0000000000000,00	 0000000000000,00	 0055974951778,00
141500309	 0000000000000,00	 0000000000000,00	 0000000000000,00	 2494971120701,00
141500900	-0011440399964,00	-0004740296418,00	 0000000000000,00	-0026843430517,00
141500901	-0004862780375,00	-0000396894875,00	 0000000000000,00	-0013143829354,00
141500902	-0001841776412,00	-0004343401543,00	 0000000000000,00	 0000000000000,00
141500903	-0004735843177,00	 0000000000000,00	 0000000000000,00	-0013699601163,00
143000000	 3189654756759,00	 0000000000000,00	 0000000000000,00	 1863104232830,00
143100100	 0000000000000,00	 0000000000000,00	 0000000000000,00	 0028525904958,00
143100101	 0000000000000,00	 0000000000000,00	 0000000000000,00	 0028525904958,00
143100102	 0000000000000,00	 0000000000000,00	 0000000000000,00	 0000000000000,00
143100103	 0000000000000,00	 0000000000000,00	 0000000000000,00	 0000000000000,00
143100104	 0000000000000,00	 0000000000000,00	 0000000000000,00	 0000000000000,00
143100105	 0000000000000,00	 0000000000000,00	 0000000000000,00	 0000000000000,00
143100106	 0000000000000,00	 0000000000000,00	 0000000000000,00	 0000000000000,00
143100107	 0000000000000,00	 0000000000000,00	 0000000000000,00	 0000000000000,00
143100190	 0000000000000,00	 0000000000000,00	 0000000000000,00	 0000000000000,00
143150100	-0000017732749,00	 0000000000000,00	 0000000000000,00	 0000000000000,00
143150101	-0000017732749,00	 0000000000000,00	 0000000000000,00	 0000000000000,00
143150102	 0000000000000,00	 0000000000000,00	 0000000000000,00	 0000000000000,00
143150103	 0000000000000,00	 0000000000000,00	 0000000000000,00	 0000000000000,00
143200100	 0000000000000,00	 0000000000000,00	 0000000000000,00	 1808529316613,00
143200101	 0000000000000,00	 0000000000000,00	 0000000000000,00	 0240833095067,00
143200102	 0000000000000,00	 0000000000000,00	 0000000000000,00	 1006385958534,00
143200103	 0000000000000,00	 0000000000000,00	 0000000000000,00	 0000000000000,00
143200104	 0000000000000,00	 0000000000000,00	 0000000000000,00	 0298302334212,00
143200105	 0000000000000,00	 0000000000000,00	 0000000000000,00	 0000000000000,00
143200106	 0000000000000,00	 0000000000000,00	 0000000000000,00	 0263007928800,00
143200107	 0000000000000,00	 0000000000000,00	 0000000000000,00	 0000000000000,00
143200108	 0000000000000,00	 0000000000000,00	 0000000000000,00	 0000000000000,00
143200190	 0000000000000,00	 0000000000000,00	 0000000000000,00	 0000000000000,00
143250100	-0001690189414,00	 0000000000000,00	 0000000000000,00	-0001778804391,00
143250101	-0001690189414,00	 0000000000000,00	 0000000000000,00	-0001778804391,00
143250102	 0000000000000,00	 0000000000000,00	 0000000000000,00	 0000000000000,00
143250103	 0000000000000,00	 0000000000000,00	 0000000000000,00	 0000000000000,00
143300100	 3191362678922,00	 0000000000000,00	 0000000000000,00	 0000000000000,00
143300101	 0002436408708,00	 0000000000000,00	 0000000000000,00	 0000000000000,00
143300102	 2875728888889,00	 0000000000000,00	 0000000000000,00	 0000000000000,00
143300103	 0313197381325,00	 0000000000000,00	 0000000000000,00	 0000000000000,00
143400100	 0000000000000,00	 0000000000000,00	 0000000000000,00	 0027827815650,00
143400101	 0000000000000,00	 0000000000000,00	 0000000000000,00	 0000000000000,00
143400102	 0000000000000,00	 0000000000000,00	 0000000000000,00	 0027827815650,00
143400103	 0000000000000,00	 0000000000000,00	 0000000000000,00	 0000000000000,00
144000000	 75076605851899,00	 120537525461408,00	 0653854080805,00	 42274031551937,00
145000000	 52760060258829,00	 43001076139723,00	 0655814045820,00	 38381134136125,00
145400100	 45217319001110,00	 35287176100950,00	 0042128238331,00	 26530704299560,00
145400101	 45136423972534,00	 29332736884152,00	 0042128238331,00	 10500407479369,00
145400102	 0000000000000,00	 0000000000000,00	 0000000000000,00	 9058813603142,00
145400103	 0000000000000,00	 0513598556132,00	 0000000000000,00	 0000000000000,00
145400104	 0000005037043,00	 0135820667730,00	 0000000000000,00	 0000000000000,00
145400105	 0000173690822,00	 1374408633973,00	 0000000000000,00	 6971483217049,00
145400106	 0080716300711,00	 3930611358963,00	 0000000000000,00	 0000000000000,00
145400200	 0525348837163,00	 0002318337144,00	 0000471518626,00	 9848949865720,00
145400201	 0000000000000,00	 0000000000000,00	 0000000000000,00	 0021941680080,00
145400202	 0398827540507,00	 0002183413540,00	 0000000000000,00	 6355112514342,00
145400203	 0028775026112,00	 0000000000000,00	 0000185173210,00	 0845364553928,00
145400204	 0097746270544,00	 0000134923604,00	 0000285951870,00	 2276649107719,00
145400205	 0000000000000,00	 0000000000000,00	 0000000393546,00	 0035013037589,00
145400290	 0000000000000,00	 0000000000000,00	 0000000000000,00	 0314868972062,00
145400300	 1017081413180,00	 0000000000000,00	 0000000000000,00	 0012712219246,00
145400400	 0328201709419,00	 0000000001320,00	 0000000000000,00	 0036036276593,00
145400401	 0237327365205,00	 0000000001320,00	 0000000000000,00	 0035932179944,00
145400402	 0090874344214,00	 0000000000000,00	 0000000000000,00	 0000104096649,00
145400500	 2522823798839,00	 0201565129712,00	 0000506844990,00	 1125389119556,00
145400501	 1147749171988,00	 0013314644454,00	 0000000000000,00	 0146857115252,00
145400502	 1375074626851,00	 0188250485258,00	 0000506844990,00	 0978532004304,00
145400600	 2919294364350,00	 4467416553989,00	 0610062161201,00	 0826202360214,00
145400601	 0604775620804,00	 3237319786040,00	 0127012924113,00	 0672046820053,00
145400602	 2314518743546,00	 1230096767949,00	 0483049237088,00	 0154155540161,00
145400700	 0002080312854,00	 3012037855419,00	 0000000000000,00	 0000000000000,00
145400701	 0000363766415,00	 2891341361924,00	 0000000000000,00	 0000000000000,00
145400702	 0000000000086,00	 0017986498702,00	 0000000000000,00	 0000000000000,00
145400703	 0001716546353,00	 0102709994793,00	 0000000000000,00	 0000000000000,00
145400900	 0227910821914,00	 0030562161189,00	 0002645282672,00	 0001139995236,00
145400901	 0000000000000,00	 0000000000000,00	 0000000000000,00	 0000000000000,00
145400902	 0023268573230,00	 0013687488619,00	 0000000000000,00	 0000022778748,00
145400990	 0204642248684,00	 0016874672570,00	 0002645282672,00	 0001117216488,00
146000000	 0285951732922,00	 77451762465390,00	 0000000000000,00	 3655824756710,00
146000100	 0000019060320,00	 0373229702563,00	 0000000000000,00	 0000000000000,00
146000200	 0000869150155,00	 2852641336479,00	 0000000000000,00	 2967091925808,00
146000300	 0001829708335,00	 0085132811456,00	 0000000000000,00	 0000000000000,00
146000400	 0207484867479,00	 73501005352951,00	 0000000000000,00	 0395453983733,00
146000401	 0124923646734,00	 37337850058663,00	 0000000000000,00	 0000000000000,00
146000402	 0082561220745,00	 36163155294288,00	 0000000000000,00	 0395453983733,00
146000500	 0000000000000,00	 0039392568685,00	 0000000000000,00	 0293278847169,00
146000900	 0075748946633,00	 0600360693256,00	 0000000000000,00	 0000000000000,00
146000901	 0001488084115,00	 0579767985500,00	 0000000000000,00	 0000000000000,00
146000902	 0000001073962,00	 0008284864234,00	 0000000000000,00	 0000000000000,00
146000903	 0000000000000,00	 0000000000124,00	 0000000000000,00	 0000000000000,00
146000909	 0074259788556,00	 0012307843398,00	 0000000000000,00	 0000000000000,00
148000000	 27462450965945,00	 0089463276926,00	 0000000000000,00	 1061454460702,00
148000100	 15052619300435,00	 0089139864368,00	 0000000000000,00	 0562019589972,00
148000200	 1006883796116,00	 0000000000000,00	 0000000000000,00	 0001288932900,00
148000300	 11396470958167,00	 0000000000000,00	 0000000000000,00	 0422569351517,00
148000301	 7873031565585,00	 0000000000000,00	 0000000000000,00	 0422435230801,00
148000302	 3523439392582,00	 0000000000000,00	 0000000000000,00	 0000134120716,00
148000400	 0003244904942,00	 0000323412558,00	 0000000000000,00	 0000077696412,00
148000900	 0003232006285,00	 0000000000000,00	 0000000000000,00	 0075498889901,00
148000901	 0000464747689,00	 0000000000000,00	 0000000000000,00	 0074801055654,00
148000902	 0002767258596,00	 0000000000000,00	 0000000000000,00	 0000697834247,00
149000000	-5431857105797,00	-0004776420631,00	-0001959965015,00	-0824381801600,00
149500100	-2758157423836,00	-0004674387190,00	-0001959965015,00	-0688765054457,00
149500101	-0479810062294,00	-0000572636534,00	-0001669735966,00	-0318623518788,00
149500102	-0174814065276,00	 0000000000000,00	-0000065259622,00	-0059730214392,00
149500103	-0883121444416,00	-0004078031122,00	-0000216825566,00	-0281821747006,00
149500104	-0314476854593,00	-0000001660926,00	-0000008143861,00	-0013149770902,00
149500105	-0787695317800,00	-0000022058608,00	 0000000000000,00	-0015439803369,00
149500109	-0118239679457,00	 0000000000000,00	 0000000000000,00	 0000000000000,00
149600100	-0428347172903,00	-0000102033441,00	 0000000000000,00	-0065382738251,00
149600101	-0136035357461,00	-0000015713001,00	 0000000000000,00	-0057419609227,00
149600102	-0292311815442,00	-0000086320440,00	 0000000000000,00	-0007963129024,00
149700100	-2245352509058,00	 0000000000000,00	 0000000000000,00	-0070234008892,00
149700101	-1142800557210,00	 0000000000000,00	 0000000000000,00	-0033508214481,00
149700102	-1102551951848,00	 0000000000000,00	 0000000000000,00	-0036725794411,00
150000000	 0220491445342,00	 0000000000000,00	 0000000000000,00	 0112750686065,00
150000100	 0000000000000,00	 0000000000000,00	 0000000000000,00	 0000000000000,00
150000200	 0000000000000,00	 0000000000000,00	 0000000000000,00	 0000000000000,00
150000201	 0000000000000,00	 0000000000000,00	 0000000000000,00	 0000000000000,00
150000202	 0000000000000,00	 0000000000000,00	 0000000000000,00	 0000000000000,00
150000300	 0176935295722,00	 0000000000000,00	 0000000000000,00	 0000000000000,00
150000400	 0000000000000,00	 0000000000000,00	 0000000000000,00	 0000000000000,00
150000500	 0009079556317,00	 0000000000000,00	 0000000000000,00	 0000000000000,00
150000600	 0000000000000,00	 0000000000000,00	 0000000000000,00	 0000000000000,00
150000700	 0031256977989,00	 0000000000000,00	 0000000000000,00	 0000046347347,00
150000800	 0003219615314,00	 0000000000000,00	 0000000000000,00	 0112704338718,00
160000000	 1513182184594,00	 0000000000000,00	 0031137957665,00	 0195735498546,00
160000100	 0512130032012,00	 0000000000000,00	 0012913088251,00	 0127965960804,00
160000200	 0131255440195,00	 0000000000000,00	 0018224869414,00	 0011454185540,00
160000201	 0061260522747,00	 0000000000000,00	 0000000000000,00	 0000000000000,00
160000202	 0138425434255,00	 0000000000000,00	 0000000000000,00	 0000000000000,00
160000203	 0111635885343,00	 0000000000000,00	 0050201875000,00	 0049991859200,00
160000204	 0056155418102,00	 0000000000000,00	 0014458140000,00	 0000000000000,00
160000205	 0002538440057,00	 0000000000000,00	 0000000000000,00	 0000000000000,00
160000206	 0008507939406,00	 0000000000000,00	 0000000000000,00	 0000000000000,00
160000207	 0009954529722,00	 0000000000000,00	 0000000000000,00	 0000000000000,00
160000208	 0000000000000,00	 0000000000000,00	 0000000000000,00	 0000867910494,00
160000209	 0003201770452,00	 0000000000000,00	 0003220952300,00	 0002307686400,00
160000219	-0260424499889,00	 0000000000000,00	-0049656097886,00	-0041713270554,00
160000300	 0869796712387,00	 0000000000000,00	 0000000000000,00	 0056315352202,00
160000301	 1146115285976,00	 0000000000000,00	 0000000000000,00	 0044138267299,00
160000302	 1082571199439,00	 0000000000000,00	 0000000000000,00	 0073328931093,00
160000303	 0000000000000,00	 0000000000000,00	 0000000000000,00	 0000000000000,00
160000309	 0018032061300,00	 0000000000000,00	 0000000000000,00	 0007591819554,00
160000319	-1376921834328,00	 0000000000000,00	 0000000000000,00	-0068743665744,00
170000000	 1078367049268,00	 0000000000000,00	 0000000000000,00	 0068107389066,00
170000100	 0672897205424,00	 0000000000000,00	 0000000000000,00	 0049428814985,00
170000101	 0857167853179,00	 0000000000000,00	 0000000000000,00	 0032837999152,00
170000102	 0177784742949,00	 0000000000000,00	 0000000000000,00	 0023654875216,00
170000119	-0362055390704,00	 0000000000000,00	 0000000000000,00	-0007064059383,00
170000200	 0405469843844,00	 0000000000000,00	 0000000000000,00	 0018678574081,00
170000201	 1200021060764,00	 0000000000000,00	 0000000000000,00	 0060509608172,00
170000209	 0545335188777,00	 0000000000000,00	 0000000000000,00	 0009471706343,00
170000219	-1339886405697,00	 0000000000000,00	 0000000000000,00	-0051302740434,00
175000000	 0534866387626,00	 0351700400780,00	 0000000000000,00	 0070386000226,00
175000100	 0426875380290,00	 0291014378409,00	 0000000000000,00	 0058112708945,00
175000101	 0740508889527,00	 0466586082728,00	 0000000000000,00	 0107588652410,00
175000102	 0000869900133,00	 0000000000000,00	 0000000000000,00	 0000000000000,00
175000119	-0314503409370,00	-0175571704319,00	 0000000000000,00	-0049475943465,00
175000200	 0107214663135,00	 0060686022371,00	 0000000000000,00	 0012273291281,00
175000201	 0282299531027,00	 0133019411919,00	 0000000000000,00	 0029940929353,00
175000219	-0175084867892,00	-0072333389548,00	 0000000000000,00	-0017667638072,00
175000300	 0000000000000,00	 0000000000000,00	 0000000000000,00	 0000000000000,00
175000301	 0000000000000,00	 0000000000000,00	 0000000000000,00	 0000000000000,00
175000309	 0000000000000,00	 0000000000000,00	 0000000000000,00	 0000000000000,00
175000319	 0000000000000,00	 0000000000000,00	 0000000000000,00	 0000000000000,00
175000400	 0000776344201,00	 0000000000000,00	 0000000000000,00	 0000000000000,00
175000401	 0000000000000,00	 0000000000000,00	 0000000000000,00	 0000000000000,00
175000409	 0001458463273,00	 0000000000000,00	 0000000000000,00	 0000000000000,00
175000419	-0000682119072,00	 0000000000000,00	 0000000000000,00	 0000000000000,00
180000000	 0386025493762,00	 0009629055213,00	 0000000000000,00	 0046518622155,00
185000000	 4020218097692,00	 0000000000000,00	 0000000000000,00	 0209562914198,00
190000000	 4041318787693,00	 0081054297660,00	 0061526469574,00	 5986165182290,00
190000100	 0402997203107,00	 0047157734257,00	 0022218656154,00	 0023405082753,00
190000101	 0402905570575,00	 0047157734257,00	 0022218656154,00	 0020610188647,00
190000102	 0000000000000,00	 0000000000000,00	 0000000000000,00	 0002417651482,00
190000103	 0000091632532,00	 0000000000000,00	 0000000000000,00	 0000377242624,00
190000200	 0632286499991,00	 0000000000000,00	 0000000000000,00	 4630842057857,00
190000201	 0196174997275,00	 0000000000000,00	 0000000000000,00	 0001216011976,00
190000202	 0000072797074,00	 0000000000000,00	 0000000000000,00	 0282988082340,00
190000203	 0398352691496,00	 0000000000000,00	 0000000000000,00	 0466549870239,00
190000204	 0037686014146,00	 0000000000000,00	 0000000000000,00	 3880088093302,00
190000300	 0716826893197,00	 0000000000000,00	 0000000000000,00	 0005531679909,00
190000301	 0527644696072,00	 0000000000000,00	 0000000000000,00	 0005531679909,00
190000302	 0189182197125,00	 0000000000000,00	 0000000000000,00	 0000000000000,00
190000303	 0000000000000,00	 0000000000000,00	 0000000000000,00	 0000000000000,00
190000400	 0000000000000,00	 0000000000000,00	 0000000000000,00	 0000000000000,00
190000401	 0000000000000,00	 0000000000000,00	 0000000000000,00	 0000000000000,00
190000402	 0000000000000,00	 0000000000000,00	 0000000000000,00	 0000000000000,00
190000500	 1066520230473,00	 0011097318910,00	 0001130147681,00	 0127016852487,00
190000501	 0008544283842,00	 0000000000000,00	 0000000000000,00	 0000000000000,00
190000502	 0000000000000,00	 0000000000000,00	 0000000000000,00	 0000730950433,00
190000503	 0415293908643,00	 0004984007967,00	 0000000000000,00	 0000000000000,00
190000504	 0012296554358,00	 0003903515973,00	 0000000000000,00	 0000000000000,00
190000505	 0042683602582,00	 0000518317921,00	 0000000000000,00	 0007583600690,00
190000509	 0587701881048,00	 0001691477049,00	 0001130147681,00	 0118702301364,00
190000600	 0003462842858,00	 0000000000000,00	 0000000000000,00	 0000000000000,00
190000700	 0011941049097,00	 0000000000000,00	 0000000000000,00	 0002930935844,00
190000701	 0017628656634,00	 0000000000000,00	 0000000000000,00	 0005632708885,00
190000702	-0005687607537,00	 0000000000000,00	 0000000000000,00	-0002701773041,00
190000800	 0076905806181,00	 0000000000000,00	 0000000000000,00	 0000411936965,00
190000900	 0445032882641,00	 0000000000000,00	 0000000000000,00	 0029595962718,00
190001000	 0186722421099,00	 0000000000000,00	 0000000000000,00	 0000000000000,00
190001100	 0000000000000,00	 0000000000000,00	 0000000000000,00	 0418037473219,00
190001200	 0034741972407,00	 0000000000000,00	 0000000000000,00	 0001044462287,00
190001300	 0000709494987,00	 0000000000000,00	 0000000000000,00	 0007096194164,00
190001400	 0025105523446,00	 0003894363247,00	 0000000000000,00	 0519841841128,00
190001500	 0096121288054,00	 0000031614158,00	 0000001694598,00	 0077035665425,00
190002900	 0344045222604,00	 0018873267088,00	 0038175971141,00	 0143375037534,00
192500100	-0002100542449,00	 0000000000000,00	 0000000000000,00	 0000000000000,00
192500101	-0001652321449,00	 0000000000000,00	 0000000000000,00	 0000000000000,00
192500102	-0000036998574,00	 0000000000000,00	 0000000000000,00	 0000000000000,00
192500103	-0000411222426,00	 0000000000000,00	 0000000000000,00	 0000000000000,00
195000000	 0173870727498,00	 0000000000000,00	 0000000000000,00	 0010072929517,00
195000100	 0096309542806,00	 0000000000000,00	 0000000000000,00	 0002344405776,00
195000101	 0018295072278,00	 0000000000000,00	 0000000000000,00	 0014278911996,00
195000102	 0082454224925,00	 0000000000000,00	 0000000000000,00	 0000000000000,00
195000103	-0004439754397,00	 0000000000000,00	 0000000000000,00	-0011934506220,00
195000200	 0077561184692,00	 0000000000000,00	 0000000000000,00	 0007728523741,00
195000201	 0000000000000,00	 0000000000000,00	 0000000000000,00	 0000000000000,00
195000202	 0000000000000,00	 0000000000000,00	 0000000000000,00	 0000000000000,00
195000203	 0002393789707,00	 0000000000000,00	 0000000000000,00	 0000108528901,00
195000204	 0075167394985,00	 0000000000000,00	 0000000000000,00	 0007619994840,00
195000219	 0000000000000,00	 0000000000000,00	 0000000000000,00	 0000000000000,00
195000300	 0000000000000,00	 0000000000000,00	 0000000000000,00	 0000000000000,00
200000000	 206637525046994,00	 71263266624566,00	 0087651395596,00	 85288478516103,00
207000000	 1875364823053,00	 0023058710477,00	 0000000000000,00	 2378809874905,00
207000100	 0001559766559,00	 0000000000000,00	 0000000000000,00	 0000000000000,00
207000101	 0000000000000,00	 0000000000000,00	 0000000000000,00	 0000000000000,00
207000102	 0001559766559,00	 0000000000000,00	 0000000000000,00	 0000000000000,00
207000200	 0215400556569,00	 0000000000000,00	 0000000000000,00	 0000000000000,00
207000300	 1658404499925,00	 0023058710477,00	 0000000000000,00	 2378809874905,00
207000301	 1099720628891,00	 0000000000000,00	 0000000000000,00	 0033740820552,00
207000309	 0124246123696,00	 0000000000000,00	 0000000000000,00	 1997430101288,00
207000311	 0330309046249,00	 0023058710477,00	 0000000000000,00	 0072490053473,00
207000319	 0104128701089,00	 0000000000000,00	 0000000000000,00	 0275148899592,00
210000000	 28834873593563,00	 0290723129459,00	 0000000000000,00	 1624171539075,00
211000100	 28833954193347,00	 0290723129459,00	 0000000000000,00	 1623832702921,00
211000101	 5462978723961,00	 0000000000000,00	 0000000000000,00	 0063312118241,00
211000102	 23350696024004,00	 0290723129459,00	 0000000000000,00	 1560326109509,00
211000103	 0003484384045,00	 0000000000000,00	 0000000000000,00	 0000008586818,00
211000104	 0013506851501,00	 0000000000000,00	 0000000000000,00	 0000185888353,00
211000105	 0000055088001,00	 0000000000000,00	 0000000000000,00	 0000000000000,00
211000190	 0003233121835,00	 0000000000000,00	 0000000000000,00	 0000000000000,00
213000100	 0000919400216,00	 0000000000000,00	 0000000000000,00	 0000338836154,00
213000101	 0000000000000,00	 0000000000000,00	 0000000000000,00	 0000000000000,00
213000102	 0000000000000,00	 0000000000000,00	 0000000000000,00	 0000000000000,00
213000103	 0000000000000,00	 0000000000000,00	 0000000000000,00	 0000000000000,00
213000109	 0000919400216,00	 0000000000000,00	 0000000000000,00	 0000338836154,00
218000000	 0000000000000,00	 0000000000000,00	 0000000000000,00	 0000000000000,00
218000001	 0000000000000,00	 0000000000000,00	 0000000000000,00	 0000000000000,00
218000002	 0000000000000,00	 0000000000000,00	 0000000000000,00	 0000000000000,00
218000003	 0000000000000,00	 0000000000000,00	 0000000000000,00	 0000000000000,00
218000009	 0000000000000,00	 0000000000000,00	 0000000000000,00	 0000000000000,00
230000000	 6051861156960,00	 1405017856840,00	 0000000000000,00	 0499747545370,00
230000100	 6051861156960,00	 1405017856840,00	 0000000000000,00	 0499747545370,00
230000101	 0011151482050,00	 0042680300000,00	 0000000000000,00	 0057245608592,00
230000102	 6040709674910,00	 1362337556840,00	 0000000000000,00	 0442501936778,00
230000103	 0000000000000,00	 0000000000000,00	 0000000000000,00	 0000000000000,00
230000104	 0000000000000,00	 0000000000000,00	 0000000000000,00	 0000000000000,00
230000105	 0000000000000,00	 0000000000000,00	 0000000000000,00	 0000000000000,00
230000190	 0000000000000,00	 0000000000000,00	 0000000000000,00	 0000000000000,00
240000000	 160698994432200,00	 59482526321674,00	 0079426025518,00	 75846182706490,00
241000000	 53768059038755,00	 1205673787854,00	 0000042596545,00	 23253381301733,00
241000100	 40393142434511,00	 0000000000000,00	 0000000000000,00	 19980487593775,00
241000101	 0015163960152,00	 0000000000000,00	 0000000000000,00	 0005266079028,00
241000102	 0033316489206,00	 0000000000000,00	 0000000000000,00	 0098722113001,00
241000103	 27481420886188,00	 0000000000000,00	 0000000000000,00	 17777301659131,00
241000104	 12863241098965,00	 0000000000000,00	 0000000000000,00	 2099197742615,00
241000200	 7569193976459,00	 0000000000000,00	 0000000000000,00	 1124817142091,00
241000201	 0420873077102,00	 0000000000000,00	 0000000000000,00	 0000000000000,00
241000202	 7148320899357,00	 0000000000000,00	 0000000000000,00	 1124817142091,00
241000300	 1524475298152,00	 0000000000000,00	 0000000000000,00	 0003151675200,00
241000301	 1524475298152,00	 0000000000000,00	 0000000000000,00	 0003151675200,00
241000400	 0027616857430,00	 0000000000000,00	 0000000000000,00	 0000000000000,00
241000401	 0027515728193,00	 0000000000000,00	 0000000000000,00	 0000000000000,00
241000402	 0000101129237,00	 0000000000000,00	 0000000000000,00	 0000000000000,00
241000500	 4253630472203,00	 1205673787854,00	 0000042596545,00	 2144924890667,00
241000501	 0012929300825,00	 0000000000000,00	 0000000000000,00	 0000000000000,00
241000502	 0001109545391,00	 0056610348060,00	 0000000000000,00	 0000003908855,00
241000503	 0000482055472,00	 0000000000000,00	 0000000000000,00	 0000000000000,00
241000504	 0591696885750,00	 0000020656114,00	 0000000000000,00	 0003568595378,00
241000505	 0263144711163,00	 0328694899478,00	 0000042596545,00	 0042798645515,00
241000506	 0859439276826,00	 0006313004874,00	 0000000000000,00	 0006539826493,00
241000507	 0003827827716,00	 0000056671556,00	 0000000000000,00	 0151347568024,00
241000508	 0013357829932,00	 0000000000000,00	 0000000000000,00	 0000545848978,00
241000509	 0364711488467,00	 0005120057287,00	 0000000000000,00	 0022527513116,00
241000510	 0174057413793,00	 0000000000000,00	 0000000000000,00	 0014082538286,00
241000511	 0218659301668,00	 0000417377722,00	 0000000000000,00	 0024017754616,00
241000512	 0000000000000,00	 0000000000000,00	 0000000000000,00	 0000000000000,00
241000513	 0000174182886,00	 0000000000000,00	 0000000000000,00	 0000000000000,00
241000590	 1750040652314,00	 0808440772763,00	 0000000000000,00	 1879492691406,00
242000000	 71842773696414,00	 15631324094512,00	 0000001195079,00	 25510065909897,00
242000100	 67509257668698,00	 8162083226100,00	 0000001195079,00	 25402056922382,00
242000200	 3439568167713,00	 7097362422229,00	 0000000000000,00	 0017631119290,00
242000201	 2485954001784,00	 6173448040630,00	 0000000000000,00	 0017631119290,00
242000202	 0953614165929,00	 0923914381599,00	 0000000000000,00	 0000000000000,00
242000300	 0893947860003,00	 0371878446183,00	 0000000000000,00	 0090377868225,00
242000301	 0010903810257,00	 0020749551598,00	 0000000000000,00	 0017162653946,00
242000302	 0000000000000,00	 0000000000000,00	 0000000000000,00	 0000000000000,00
242000390	 0883044049746,00	 0351128894585,00	 0000000000000,00	 0073215214279,00
243000000	 2052281095598,00	 0004588880750,00	 0000000000000,00	 0891273276594,00
243000100	 0050067348497,00	 0000000000000,00	 0000000000000,00	 0000000000000,00
243000101	 0050067348497,00	 0000000000000,00	 0000000000000,00	 0000000000000,00
243000102	 0000000000000,00	 0000000000000,00	 0000000000000,00	 0000000000000,00
243000103	 0000000000000,00	 0000000000000,00	 0000000000000,00	 0000000000000,00
243000200	 0040141219529,00	 0000000000000,00	 0000000000000,00	 0437728003433,00
243000201	 0040141219529,00	 0000000000000,00	 0000000000000,00	 0260281373656,00
243000202	 0000000000000,00	 0000000000000,00	 0000000000000,00	 0177446629777,00
243000203	 0000000000000,00	 0000000000000,00	 0000000000000,00	 0000000000000,00
243000300	 1961688948894,00	 0004588880750,00	 0000000000000,00	 0442093216795,00
243000301	 1961557283966,00	 0004588880750,00	 0000000000000,00	 0442093216795,00
243000302	 0000131664928,00	 0000000000000,00	 0000000000000,00	 0000000000000,00
243000400	 0000383578678,00	 0000000000000,00	 0000000000000,00	 0011452056366,00
243000401	 0000383578678,00	 0000000000000,00	 0000000000000,00	 0011452056366,00
243000402	 0000000000000,00	 0000000000000,00	 0000000000000,00	 0000000000000,00
244000000	 28972587055051,00	 0000000000000,00	 0000312852616,00	 12262002358472,00
244250000	 0492431580220,00	 0000000000000,00	 0000000000000,00	 0028506449650,00
244250100	 0000000000000,00	 0000000000000,00	 0000000000000,00	 0012466980588,00
244250101	 0000000000000,00	 0000000000000,00	 0000000000000,00	 0000000000000,00
244250102	 0000000000000,00	 0000000000000,00	 0000000000000,00	 0012466980588,00
244250103	 0000000000000,00	 0000000000000,00	 0000000000000,00	 0000000000000,00
244250200	 0492431580220,00	 0000000000000,00	 0000000000000,00	 0016039469062,00
244250201	 0018116886002,00	 0000000000000,00	 0000000000000,00	 0000000000000,00
244250202	 0307387411304,00	 0000000000000,00	 0000000000000,00	 0016039469062,00
244250203	 0000286399026,00	 0000000000000,00	 0000000000000,00	 0000000000000,00
244250204	 0000000000000,00	 0000000000000,00	 0000000000000,00	 0000000000000,00
244250209	 0166640883888,00	 0000000000000,00	 0000000000000,00	 0000000000000,00
244500000	 0000000000000,00	 0000000000000,00	 0000312852616,00	 12233495908822,00
244500100	 0000000000000,00	 0000000000000,00	 0000312852616,00	 5920456919692,00
244500101	 0000000000000,00	 0000000000000,00	 0000312852616,00	 4568071698599,00
244500102	 0000000000000,00	 0000000000000,00	 0000000000000,00	 1101624694417,00
244500103	 0000000000000,00	 0000000000000,00	 0000000000000,00	 0250760526676,00
244500200	 0000000000000,00	 0000000000000,00	 0000000000000,00	 6313038989130,00
244500201	 0000000000000,00	 0000000000000,00	 0000000000000,00	 1780734798359,00
244500202	 0000000000000,00	 0000000000000,00	 0000000000000,00	 3511617936513,00
244500203	 0000000000000,00	 0000000000000,00	 0000000000000,00	 0163378675297,00
244500204	 0000000000000,00	 0000000000000,00	 0000000000000,00	 0049026025743,00
244500209	 0000000000000,00	 0000000000000,00	 0000000000000,00	 0808281553218,00
244700000	 28480155474831,00	 0000000000000,00	 0000000000000,00	 0000000000000,00
244700100	 28480155474831,00	 0000000000000,00	 0000000000000,00	 0000000000000,00
244700200	 0000000000000,00	 0000000000000,00	 0000000000000,00	 0000000000000,00
244900000	 0000000000000,00	 0000000000000,00	 0000000000000,00	 0000000000000,00
244900100	 0000000000000,00	 0000000000000,00	 0000000000000,00	 0000000000000,00
244900200	 0000000000000,00	 0000000000000,00	 0000000000000,00	 0000000000000,00
245000000	 2937313247784,00	 42478044501978,00	 0000000000000,00	 11873992712338,00
245000100	 0000022895744,00	 0544245319943,00	 0000000000000,00	 0000000000000,00
245000101	 0000013794342,00	 0401058987805,00	 0000000000000,00	 0000000000000,00
245000102	 0000009101402,00	 0143186332138,00	 0000000000000,00	 0000000000000,00
245000200	 2937290352040,00	 41933799182035,00	 0000000000000,00	 11873992712338,00
245000201	 2937290352040,00	 41855308522236,00	 0000000000000,00	 11873992712338,00
245000203	 0000000000000,00	 0078490659799,00	 0000000000000,00	 0000000000000,00
246000000	 1125980298598,00	 0162895056580,00	 0079069381278,00	 2055467147456,00
246000100	 0000000000000,00	 0003498409548,00	 0079069381278,00	 0000500800000,00
246000101	 0000000000000,00	 0003498409548,00	 0079069381278,00	 0000500800000,00
246000102	 0000000000000,00	 0000000000000,00	 0000000000000,00	 0000000000000,00
246000200	 1123623163380,00	 0159396647032,00	 0000000000000,00	 0154488955412,00
246000201	 0148319244321,00	 0000000000000,00	 0000000000000,00	 0025327974073,00
246000202	 0000000000000,00	 0000000000000,00	 0000000000000,00	 0000000000000,00
246000203	 0000000000000,00	 0000000000000,00	 0000000000000,00	 0000000000000,00
246000204	 0757449380263,00	 0000000000000,00	 0000000000000,00	 0003260624320,00
246000205	 0000000157961,00	 0000000000000,00	 0000000000000,00	 0000000000000,00
246000206	 0000000000000,00	 0000000000000,00	 0000000000000,00	 0000000000000,00
246000207	 0000076697707,00	 0000000000000,00	 0000000000000,00	 0000000000000,00
246000208	 0000000000000,00	 0000000000000,00	 0000000000000,00	 0125900357019,00
246000290	 0217777683128,00	 0159396647032,00	 0000000000000,00	 0000000000000,00
246000300	 0002357135218,00	 0000000000000,00	 0000000000000,00	 1900477392044,00
246000301	 0000000000000,00	 0000000000000,00	 0000000000000,00	 0000000000000,00
246000302	 0002357071057,00	 0000000000000,00	 0000000000000,00	 0001909171283,00
246000303	 0000000000000,00	 0000000000000,00	 0000000000000,00	 0000000000000,00
246000304	 0000000000000,00	 0000000000000,00	 0000000000000,00	 0034512940504,00
246000305	 0000000000000,00	 0000000000000,00	 0000000000000,00	 1554484007097,00
246000390	 0000000064161,00	 0000000000000,00	 0000000000000,00	 0309571273160,00
250000000	 0169539970307,00	 0590653232350,00	 0000185951074,00	 0066929068861,00
255000000	 0000194420599,00	 8778721640282,00	 0000000000000,00	 0885763085769,00
255000100	 0000194420599,00	 8778721640282,00	 0000000000000,00	 0328769470047,00
255000101	 0000000000000,00	 0000000000000,00	 0000000000000,00	 0000000000000,00
255000102	 0000194420599,00	 8778721640282,00	 0000000000000,00	 0328769470047,00
255000200	 0000000000000,00	 0000000000000,00	 0000000000000,00	 0556993615722,00
255000300	 0000000000000,00	 0000000000000,00	 0000000000000,00	 0000000000000,00
260000000	 0815015859729,00	 0000000000000,00	 0000000000000,00	 0100638745786,00
260000100	 0582991618982,00	 0000000000000,00	 0000000000000,00	 0093032037955,00
260000101	 0430982680733,00	 0000000000000,00	 0000000000000,00	 0020461059546,00
260000102	 0000192401709,00	 0000000000000,00	 0000000000000,00	 0000000000000,00
260000103	 0105922891486,00	 0000000000000,00	 0000000000000,00	 0011590740127,00
260000104	 0018844026866,00	 0000000000000,00	 0000000000000,00	 0005807801339,00
260000105	 0006610648120,00	 0000000000000,00	 0000000000000,00	 0005055925272,00
260000106	 0000000000000,00	 0000000000000,00	 0000000000000,00	 0000000000000,00
260000107	 0000000000000,00	 0000000000000,00	 0000000000000,00	 0023562135999,00
260000109	 0020438970068,00	 0000000000000,00	 0000000000000,00	 0026554375672,00
260000200	 0000000000000,00	 0000000000000,00	 0000000000000,00	 0000000000000,00
260000300	 0007222268318,00	 0000000000000,00	 0000000000000,00	 0000000000000,00
260000400	 0031752252007,00	 0000000000000,00	 0000000000000,00	 0001614169587,00
260000500	 0069311483880,00	 0000000000000,00	 0000000000000,00	 0001856123149,00
260000600	 0018271735828,00	 0000000000000,00	 0000000000000,00	 0000105863578,00
260000900	 0105466500714,00	 0000000000000,00	 0000000000000,00	 0004030551517,00
265000000	 0887449833509,00	 0000000000000,00	 0000000000000,00	 0004609854670,00
265000100	 0887449833509,00	 0000000000000,00	 0000000000000,00	 0000000000000,00
265000101	 0887449833509,00	 0000000000000,00	 0000000000000,00	 0000000000000,00
265000102	 0000000000000,00	 0000000000000,00	 0000000000000,00	 0000000000000,00
265000200	 0000000000000,00	 0000000000000,00	 0000000000000,00	 0004609854670,00
265000300	 0000000000000,00	 0000000000000,00	 0000000000000,00	 0000000000000,00
270000000	 3115996649939,00	 0000130400314,00	 0001167226163,00	 0113257070840,00
271000000	 0248206365813,00	 0000130400314,00	 0001167226163,00	 0086271513326,00
271000100	 0002736330848,00	 0000000000000,00	 0000000000000,00	 0026554305716,00
271000200	 0000967864095,00	 0000000000000,00	 0000000000000,00	 0002545421654,00
271000400	 0138443852798,00	 0000000000000,00	 0001164897748,00	 0010907612170,00
271000500	 0039178952210,00	 0000000000000,00	 0000000000000,00	 0011362970370,00
271000501	 0013333393046,00	 0000000000000,00	 0000000000000,00	 0008630898410,00
271000502	 0001633610334,00	 0000000000000,00	 0000000000000,00	 0002601725162,00
271000503	 0005778354470,00	 0000000000000,00	 0000000000000,00	 0000130346798,00
271000504	 0018433594360,00	 0000000000000,00	 0000000000000,00	 0000000000000,00
271000505	 0000000000000,00	 0000000000000,00	 0000000000000,00	 0000000000000,00
271000600	 0023401670303,00	 0000130400314,00	 0000000586006,00	 0006346960002,00
271000601	 0007527515283,00	 0000000000000,00	 0000000000000,00	 0000000000000,00
271000602	 0015874155020,00	 0000130400314,00	 0000000586006,00	 0006346960002,00
271000700	 0043382956904,00	 0000000000000,00	 0000001742409,00	 0028528521244,00
271000701	 0006655876656,00	 0000000000000,00	 0000001742409,00	 0000363965395,00
271000702	 0002134347724,00	 0000000000000,00	 0000000000000,00	 0002851035728,00
271000703	 0004811003142,00	 0000000000000,00	 0000000000000,00	 0000174070252,00
271000704	 0029781729382,00	 0000000000000,00	 0000000000000,00	 0025139449869,00
271000705	 0000000000000,00	 0000000000000,00	 0000000000000,00	 0000000000000,00
271000800	 0000000000000,00	 0000000000000,00	 0000000000000,00	 0000025722170,00
271000900	 0000094738655,00	 0000000000000,00	 0000000000000,00	 0000000000000,00
272000000	 0028741215964,00	 0000000000000,00	 0000000000000,00	 0008631495835,00
273000000	 0000000000000,00	 0000000000000,00	 0000000000000,00	 0000000000000,00
274000000	 2827586270769,00	 0000000000000,00	 0000000000000,00	 0018354061679,00
274000100	 1663500767943,00	 0000000000000,00	 0000000000000,00	 0008466030379,00
274000200	 0417922152117,00	 0000000000000,00	 0000000000000,00	 0000000000000,00
274000300	 0746163350709,00	 0000000000000,00	 0000000000000,00	 0009888031300,00
275000000	 0008165797393,00	 0000000000000,00	 0000000000000,00	 0000000000000,00
275000100	 0000899841663,00	 0000000000000,00	 0000000000000,00	 0000000000000,00
275000200	 0007264760615,00	 0000000000000,00	 0000000000000,00	 0000000000000,00
275000300	 0000000835000,00	 0000000000000,00	 0000000000000,00	 0000000000000,00
275000400	 0000000000000,00	 0000000000000,00	 0000000000000,00	 0000000000000,00
275000500	 0000000000000,00	 0000000000000,00	 0000000000000,00	 0000000000000,00
275000600	 0000000360115,00	 0000000000000,00	 0000000000000,00	 0000000000000,00
279000000	 0003297000000,00	 0000000000000,00	 0000000000000,00	 0000000000000,00
279000100	 0000000000000,00	 0000000000000,00	 0000000000000,00	 0000000000000,00
279000200	 0000000000000,00	 0000000000000,00	 0000000000000,00	 0000000000000,00
279000300	 0003297000000,00	 0000000000000,00	 0000000000000,00	 0000000000000,00
280000000	 0383601798955,00	 0000000000000,00	 0000000000000,00	 0003238086610,00
285000000	 0011899487881,00	 0000000000000,00	 0000000000000,00	 0000000000000,00
290000000	 3792733020299,00	 0692435333170,00	 0006872192841,00	 3765130937727,00
290000100	 0309375442846,00	 0000000000000,00	 0000000000000,00	 3366929884187,00
290000101	 0157272440456,00	 0000000000000,00	 0000000000000,00	 0038290043187,00
290000102	 0000000000000,00	 0000000000000,00	 0000000000000,00	 0396833748466,00
290000103	 0152102456388,00	 0000000000000,00	 0000000000000,00	 1062920909478,00
290000104	 0000000546002,00	 0000000000000,00	 0000000000000,00	 1868885183056,00
290000200	 0528702205862,00	 0000000000000,00	 0000000000000,00	 0005651633930,00
290000201	 0321065240483,00	 0000000000000,00	 0000000000000,00	 0005612910658,00
290000202	 0200831507610,00	 0000000000000,00	 0000000000000,00	 0000000000000,00
290000203	 0006805457769,00	 0000000000000,00	 0000000000000,00	 0000038723272,00
290000300	 1501153372924,00	 0354736752710,00	 0003476443126,00	 0346255712256,00
290000301	 0037441287471,00	 0000000000000,00	 0000000000000,00	 0000197944416,00
290000302	 0039283526921,00	 0000000000000,00	 0000000000000,00	 0000070648951,00
290000303	 0002383731191,00	 0000000000000,00	 0000000000000,00	 0000000000000,00
290000304	 0000017106423,00	 0000000000000,00	 0000000000000,00	 0000000000000,00
290000305	 0040996040668,00	 0000000000000,00	 0000000000000,00	 0004754084319,00
290000306	 0139146327379,00	 0000000000000,00	 0000000000000,00	 0000000000000,00
290000307	 0085039104757,00	 0021650572276,00	 0002908880887,00	 0000469417167,00
290000308	 0398861267688,00	 0030849528224,00	 0000000000000,00	 0087506976161,00
290000309	 0026851383804,00	 0024154926671,00	 0000089148967,00	 0002765218596,00
290000390	 0731133596622,00	 0278081725539,00	 0000478413272,00	 0250491422646,00
290000400	 0000107208907,00	 0000000000000,00	 0000000000000,00	 0000000000000,00
290000500	 0432078226886,00	 0000035388077,00	 0000000000000,00	 0000154862757,00
290000501	 0432078226886,00	 0000035388077,00	 0000000000000,00	 0000154862757,00
290000502	 0000000000000,00	 0000000000000,00	 0000000000000,00	 0000000000000,00
290000700	 0183503208191,00	 0000000000000,00	 0000000000000,00	 0000000000000,00
290000800	 0491241197239,00	 0000000000000,00	 0003340856474,00	 0020113715083,00
290000801	 0048542137282,00	 0000000000000,00	 0003340856474,00	 0000000000000,00
290000802	 0022252538708,00	 0000000000000,00	 0000000000000,00	 0000055077919,00
290000803	 0008011021656,00	 0000000000000,00	 0000000000000,00	 0000000000000,00
290000809	 0412435499593,00	 0000000000000,00	 0000000000000,00	 0020058637164,00
290000900	 0087695079064,00	 0000000000000,00	 0000000000000,00	 0001610071752,00
290001000	 0000281849782,00	 0000380467657,00	 0000000000000,00	 0000128711369,00
290001100	 0060546444308,00	 0000002987765,00	 0000000044861,00	 0012152331919,00
290001200	 0198048784290,00	 0337279736961,00	 0000054848380,00	 0012134014474,00
295000000	 0000000000000,00	 0000000000000,00	 0000000000000,00	 0000000000000,00
300000000	 27346933894650,00	 1756226311478,00	 0120865912846,00	 0158999843423,00
310000000	 15663547752866,00	 0000000000000,00	 0000000000000,00	 0000000000000,00
311000000	 15538136337953,00	 0000000000000,00	 0000000000000,00	 0000000000000,00
311000100	 14071551528258,00	 0000000000000,00	 0000000000000,00	 0000000000000,00
311000200	 1454814999841,00	 0000000000000,00	 0000000000000,00	 0000000000000,00
311000300	 0000000000000,00	 0000000000000,00	 0000000000000,00	 0000000000000,00
311000400	 0000000000000,00	 0000000000000,00	 0000000000000,00	 0000000000000,00
311000500	 0000000000000,00	 0000000000000,00	 0000000000000,00	 0000000000000,00
311000600	 0011769809854,00	 0000000000000,00	 0000000000000,00	 0000000000000,00
312000000	 0125411414913,00	 0000000000000,00	 0000000000000,00	 0000000000000,00
313000000	 0000000000000,00	 0000000000000,00	 0000000000000,00	 0000000000000,00
320000000	 6612876594885,00	 0000000000000,00	 0000000000000,00	 0000000000000,00
320000100	 0328661588364,00	 0000000000000,00	 0000000000000,00	 0000000000000,00
320000200	 6284215006521,00	 0000000000000,00	 0000000000000,00	 0000000000000,00
320000300	 0000000000000,00	 0000000000000,00	 0000000000000,00	 0000000000000,00
320000400	 0000000000000,00	 0000000000000,00	 0000000000000,00	 0000000000000,00
330000000	-0257567949032,00	-0004954543013,00	 0000000000000,00	 0021322496593,00
331000000	 0001303754281,00	 0000000000000,00	 0000000000000,00	-0000605108932,00
331000100	-0008457401236,00	 0000000000000,00	 0000000000000,00	-0003415946690,00
331000200	 0009720896087,00	 0000000000000,00	 0000000000000,00	 0002810837758,00
331000201	 0009720896087,00	 0000000000000,00	 0000000000000,00	 0002810837758,00
331000202	 0000000000000,00	 0000000000000,00	 0000000000000,00	 0000000000000,00
331000203	 0000000000000,00	 0000000000000,00	 0000000000000,00	 0000000000000,00
331000209	 0000000000000,00	 0000000000000,00	 0000000000000,00	 0000000000000,00
331000300	 0000000000000,00	 0000000000000,00	 0000000000000,00	 0000000000000,00
331000400	 0000000000000,00	 0000000000000,00	 0000000000000,00	 0000000000000,00
331000500	 0000000000000,00	 0000000000000,00	 0000000000000,00	 0000000000000,00
331000900	 0000040259430,00	 0000000000000,00	 0000000000000,00	 0000000000000,00
332000000	-0258871703313,00	-0004954543013,00	 0000000000000,00	 0021927605525,00
332000100	-0628170952399,00	-0012042398153,00	 0000000000000,00	 0008051728648,00
332000200	 0217567152806,00	 0000000000000,00	 0000000000000,00	 0025324769439,00
332000300	-0015263913634,00	 0000000000000,00	 0000000000000,00	-0012637134754,00
332000400	 0172344839796,00	 0007087855140,00	 0000000000000,00	 0001187671557,00
332000500	 0000000000000,00	 0000000000000,00	 0000000000000,00	 0000000000000,00
332000600	-0005102439474,00	 0000000000000,00	 0000000000000,00	 0000000000000,00
332000700	 0000000000000,00	 0000000000000,00	 0000000000000,00	 0000000000000,00
332000900	-0000246390408,00	 0000000000000,00	 0000000000000,00	 0000000570635,00
340000000	 5482471536934,00	 0000000000000,00	 0000000000000,00	 0000147436906,00
340000100	 5331670780286,00	 0000000000000,00	 0000000000000,00	 0000147436906,00
340000200	 0150800756648,00	 0000000000000,00	 0000000000000,00	 0000000000000,00
350000000	 0308504379005,00	 1761180854491,00	 0120865912846,00	 0139962328368,00
360000000	-0889992323881,00	 0000000000000,00	 0000000000000,00	-0004609854670,00
360000100	-0889992323881,00	 0000000000000,00	 0000000000000,00	 0000000000000,00
360000101	-0889992323881,00	 0000000000000,00	 0000000000000,00	 0000000000000,00
360000102	 0000000000000,00	 0000000000000,00	 0000000000000,00	 0000000000000,00
360000200	 0000000000000,00	 0000000000000,00	 0000000000000,00	-0004609854670,00
360000300	 0000000000000,00	 0000000000000,00	 0000000000000,00	 0000000000000,00
365000000	 0000000000000,00	 0000000000000,00	 0000000000000,00	 0000000000000,00
380000000	 26919839990777,00	 1756226311478,00	 0120865912846,00	 0156822407197,00
390000000	 0427093903873,00	 0000000000000,00	 0000000000000,00	 0002177436226,00
500000000	 80591793765252,00	 120555104495074,00	 0655814045820,00	 45072241457967,00
505000000	 80508462957696,00	 120542301882039,00	 0655814045820,00	 44935468575108,00
510000000	 233984458941644,00	 73019492936044,00	 0208517308442,00	 85447478359526,00
