053	BANCO RIPLEY
1000000	 0000001091013,00	 0000000052963,00	 0000000000000,00	 0000000004806,00
1100000	 0000000030014,00	 0000000000000,00	 0000000000000,00	 0000000000948,00
1100100	 0000000001838,00	 0000000000000,00	 0000000000000,00	 0000000000009,00
1100200	 0000000020386,00	 0000000000000,00	 0000000000000,00	 0000000000001,00
1100300	 0000000007790,00	 0000000000000,00	 0000000000000,00	 0000000000880,00
1100400	 0000000000000,00	 0000000000000,00	 0000000000000,00	 0000000000058,00
1130000	 0000000000392,00	 0000000000000,00	 0000000000000,00	 0000000000000,00
1130100	 0000000000392,00	 0000000000000,00	 0000000000000,00	 0000000000000,00
1130200	 0000000000000,00	 0000000000000,00	 0000000000000,00	 0000000000000,00
1150000	 0000000116377,00	 0000000015295,00	 0000000000000,00	 0000000000000,00
1150100	 0000000000000,00	 0000000015295,00	 0000000000000,00	 0000000000000,00
1150200	 0000000066371,00	 0000000000000,00	 0000000000000,00	 0000000000000,00
1150300	 0000000000000,00	 0000000000000,00	 0000000000000,00	 0000000000000,00
1150400	 0000000050006,00	 0000000000000,00	 0000000000000,00	 0000000000000,00
1160000	 0000000000000,00	 0000000000000,00	 0000000000000,00	 0000000000000,00
1160100	 0000000000000,00	 0000000000000,00	 0000000000000,00	 0000000000000,00
1160200	 0000000000000,00	 0000000000000,00	 0000000000000,00	 0000000000000,00
1250000	 0000000014549,00	 0000000000000,00	 0000000000000,00	 0000000000000,00
1250100	 0000000005457,00	 0000000000000,00	 0000000000000,00	 0000000000000,00
1250200	 0000000009092,00	 0000000000000,00	 0000000000000,00	 0000000000000,00
1270000	 0000000000000,00	 0000000000000,00	 0000000000000,00	 0000000000000,00
1270100	 0000000000000,00	 0000000000000,00	 0000000000000,00	 0000000000000,00
1270112	 0000000000000,00	 0000000000000,00	 0000000000000,00	 0000000000000,00
1270113	 0000000000000,00	 0000000000000,00	 0000000000000,00	 0000000000000,00
1270116	 0000000000000,00	 0000000000000,00	 0000000000000,00	 0000000000000,00
1270117	 0000000000000,00	 0000000000000,00	 0000000000000,00	 0000000000000,00
1270118	 0000000000000,00	 0000000000000,00	 0000000000000,00	 0000000000000,00
1270190	 0000000000000,00	 0000000000000,00	 0000000000000,00	 0000000000000,00
1270200	 0000000000000,00	 0000000000000,00	 0000000000000,00	 0000000000000,00
1270202	 0000000000000,00	 0000000000000,00	 0000000000000,00	 0000000000000,00
1270203	 0000000000000,00	 0000000000000,00	 0000000000000,00	 0000000000000,00
1270206	 0000000000000,00	 0000000000000,00	 0000000000000,00	 0000000000000,00
1270207	 0000000000000,00	 0000000000000,00	 0000000000000,00	 0000000000000,00
1270208	 0000000000000,00	 0000000000000,00	 0000000000000,00	 0000000000000,00
1270290	 0000000000000,00	 0000000000000,00	 0000000000000,00	 0000000000000,00
1270300	 0000000000000,00	 0000000000000,00	 0000000000000,00	 0000000000000,00
1300000	 0000000742599,00	 0000000027912,00	 0000000000000,00	 0000000000000,00
1302000	 0000000000000,00	 0000000001327,00	 0000000000000,00	 0000000000000,00
1302100	 0000000000000,00	 0000000000384,00	 0000000000000,00	 0000000000000,00
1302101	 0000000000000,00	 0000000000000,00	 0000000000000,00	 0000000000000,00
1302102	 0000000000000,00	 0000000000000,00	 0000000000000,00	 0000000000000,00
1302170	 0000000000000,00	 0000000000384,00	 0000000000000,00	 0000000000000,00
1302180	 0000000000000,00	 0000000000000,00	 0000000000000,00	 0000000000000,00
1302200	 0000000000000,00	 0000000000000,00	 0000000000000,00	 0000000000000,00
1302201	 0000000000000,00	 0000000000000,00	 0000000000000,00	 0000000000000,00
1302202	 0000000000000,00	 0000000000000,00	 0000000000000,00	 0000000000000,00
1302241	 0000000000000,00	 0000000000000,00	 0000000000000,00	 0000000000000,00
1302242	 0000000000000,00	 0000000000000,00	 0000000000000,00	 0000000000000,00
1302281	 0000000000000,00	 0000000000000,00	 0000000000000,00	 0000000000000,00
1302282	 0000000000000,00	 0000000000000,00	 0000000000000,00	 0000000000000,00
1302300	 0000000000000,00	 0000000000000,00	 0000000000000,00	 0000000000000,00
1302500	 0000000000000,00	 0000000000000,00	 0000000000000,00	 0000000000000,00
1302600	 0000000000000,00	 0000000000943,00	 0000000000000,00	 0000000000000,00
1302601	 0000000000000,00	 0000000000943,00	 0000000000000,00	 0000000000000,00
1302602	 0000000000000,00	 0000000000000,00	 0000000000000,00	 0000000000000,00
1302604	 0000000000000,00	 0000000000000,00	 0000000000000,00	 0000000000000,00
1302800	 0000000000000,00	 0000000000000,00	 0000000000000,00	 0000000000000,00
1302900	 0000000000000,00	 0000000000000,00	 0000000000000,00	 0000000000000,00
1304000	 0000000000000,00	 0000000026695,00	 0000000000000,00	 0000000000000,00
1304100	 0000000000000,00	 0000000022582,00	 0000000000000,00	 0000000000000,00
1304101	 0000000000000,00	 0000000022582,00	 0000000000000,00	 0000000000000,00
1304102	 0000000000000,00	 0000000000000,00	 0000000000000,00	 0000000000000,00
1304200	 0000000000000,00	 0000000000077,00	 0000000000000,00	 0000000000000,00
1304400	 0000000000000,00	 0000000000000,00	 0000000000000,00	 0000000000000,00
1304500	 0000000000000,00	 0000000000000,00	 0000000000000,00	 0000000000000,00
1304600	 0000000000000,00	 0000000000000,00	 0000000000000,00	 0000000000000,00
1304800	 0000000000000,00	 0000000000000,00	 0000000000000,00	 0000000000000,00
1304900	 0000000000000,00	 0000000004036,00	 0000000000000,00	 0000000000000,00
1305000	 0000000845848,00	 0000000000000,00	 0000000000000,00	 0000000000000,00
1305100	 0000000144350,00	 0000000000000,00	 0000000000000,00	 0000000000000,00
1305300	 0000000000000,00	 0000000000000,00	 0000000000000,00	 0000000000000,00
1305400	 0000000701498,00	 0000000000000,00	 0000000000000,00	 0000000000000,00
1305800	 0000000000000,00	 0000000000000,00	 0000000000000,00	 0000000000000,00
1305900	 0000000000000,00	 0000000000000,00	 0000000000000,00	 0000000000000,00
1309000	-0000000103249,00	-0000000000110,00	 0000000000000,00	 0000000000000,00
1309100	-0000000000171,00	-0000000000040,00	 0000000000000,00	 0000000000000,00
1309200	-0000000000047,00	-0000000000070,00	 0000000000000,00	 0000000000000,00
1309300	-0000000103031,00	 0000000000000,00	 0000000000000,00	 0000000000000,00
1350000	 0000000034219,00	 0000000009756,00	 0000000000000,00	 0000000000000,00
1350100	 0000000034219,00	 0000000009756,00	 0000000000000,00	 0000000000000,00
1350200	 0000000000000,00	 0000000000000,00	 0000000000000,00	 0000000000000,00
1350300	 0000000000000,00	 0000000000000,00	 0000000000000,00	 0000000000000,00
1360000	 0000000000000,00	 0000000000000,00	 0000000000000,00	 0000000000000,00
1360100	 0000000000000,00	 0000000000000,00	 0000000000000,00	 0000000000000,00
1360200	 0000000000000,00	 0000000000000,00	 0000000000000,00	 0000000000000,00
1360300	 0000000000000,00	 0000000000000,00	 0000000000000,00	 0000000000000,00
1400000	 0000000000012,00	 0000000000000,00	 0000000000000,00	 0000000000000,00
1400100	 0000000000000,00	 0000000000000,00	 0000000000000,00	 0000000000000,00
1400101	 0000000000000,00	 0000000000000,00	 0000000000000,00	 0000000000000,00
1400103	 0000000000000,00	 0000000000000,00	 0000000000000,00	 0000000000000,00
1400200	 0000000000012,00	 0000000000000,00	 0000000000000,00	 0000000000000,00
1500000	 0000000022587,00	 0000000000000,00	 0000000000000,00	 0000000000000,00
1500100	 0000000000000,00	 0000000000000,00	 0000000000000,00	 0000000000000,00
1500200	 0000000022587,00	 0000000000000,00	 0000000000000,00	 0000000000000,00
1600000	 0000000003065,00	 0000000000000,00	 0000000000000,00	 0000000000000,00
1600100	 0000000000000,00	 0000000000000,00	 0000000000000,00	 0000000000000,00
1600200	 0000000003065,00	 0000000000000,00	 0000000000000,00	 0000000000000,00
1650000	 0000000019713,00	 0000000000000,00	 0000000000000,00	 0000000000000,00
1650100	 0000000019713,00	 0000000000000,00	 0000000000000,00	 0000000000000,00
1650200	 0000000000000,00	 0000000000000,00	 0000000000000,00	 0000000000000,00
1700000	 0000000011523,00	 0000000000000,00	 0000000000000,00	 0000000000000,00
1750000	 0000000034202,00	 0000000000000,00	 0000000000000,00	 0000000000000,00
1800000	 0000000061761,00	 0000000000000,00	 0000000000000,00	 0000000003858,00
1800100	 0000000000000,00	 0000000000000,00	 0000000000000,00	 0000000000000,00
1800200	 0000000000000,00	 0000000000000,00	 0000000000000,00	 0000000000000,00
1800900	 0000000061761,00	 0000000000000,00	 0000000000000,00	 0000000003858,00
2000000	 0000000726761,00	 0000000222607,00	 0000000000000,00	 0000000000008,00
2100000	 0000000036791,00	 0000000000058,00	 0000000000000,00	 0000000000000,00
2100100	 0000000000016,00	 0000000000000,00	 0000000000000,00	 0000000000000,00
2100109	 0000000000016,00	 0000000000000,00	 0000000000000,00	 0000000000000,00
2100110	 0000000000000,00	 0000000000000,00	 0000000000000,00	 0000000000000,00
2100200	 0000000029166,00	 0000000000000,00	 0000000000000,00	 0000000000000,00
2100300	 0000000007609,00	 0000000000058,00	 0000000000000,00	 0000000000000,00
2130000	 0000000000000,00	 0000000000000,00	 0000000000000,00	 0000000000000,00
2160000	 0000000000000,00	 0000000000000,00	 0000000000000,00	 0000000000000,00
2160100	 0000000000000,00	 0000000000000,00	 0000000000000,00	 0000000000000,00
2160200	 0000000000000,00	 0000000000000,00	 0000000000000,00	 0000000000000,00
2200000	 0000000520344,00	 0000000015531,00	 0000000000000,00	 0000000000000,00
2200100	 0000000520344,00	 0000000015531,00	 0000000000000,00	 0000000000000,00
2200200	 0000000000000,00	 0000000000000,00	 0000000000000,00	 0000000000000,00
2200900	 0000000000000,00	 0000000000000,00	 0000000000000,00	 0000000000000,00
2250000	 0000000006076,00	 0000000000000,00	 0000000000000,00	 0000000000000,00
2250100	 0000000006076,00	 0000000000000,00	 0000000000000,00	 0000000000000,00
2250200	 0000000000000,00	 0000000000000,00	 0000000000000,00	 0000000000000,00
2300000	 0000000000000,00	 0000000000000,00	 0000000000000,00	 0000000000000,00
2301000	 0000000000000,00	 0000000000000,00	 0000000000000,00	 0000000000000,00
2301001	 0000000000000,00	 0000000000000,00	 0000000000000,00	 0000000000000,00
2302000	 0000000000000,00	 0000000000000,00	 0000000000000,00	 0000000000000,00
2302100	 0000000000000,00	 0000000000000,00	 0000000000000,00	 0000000000000,00
2302200	 0000000000000,00	 0000000000000,00	 0000000000000,00	 0000000000000,00
2303000	 0000000000000,00	 0000000000000,00	 0000000000000,00	 0000000000000,00
2303100	 0000000000000,00	 0000000000000,00	 0000000000000,00	 0000000000000,00
2303900	 0000000000000,00	 0000000000000,00	 0000000000000,00	 0000000000000,00
2400000	 0000000054607,00	 0000000204901,00	 0000000000000,00	 0000000000000,00
2401000	 0000000000000,00	 0000000024010,00	 0000000000000,00	 0000000000000,00
2402000	 0000000054607,00	 0000000180891,00	 0000000000000,00	 0000000000000,00
2402100	 0000000054607,00	 0000000180891,00	 0000000000000,00	 0000000000000,00
2402200	 0000000000000,00	 0000000000000,00	 0000000000000,00	 0000000000000,00
2402300	 0000000000000,00	 0000000000000,00	 0000000000000,00	 0000000000000,00
2500000	 0000000009270,00	 0000000001948,00	 0000000000000,00	 0000000000000,00
2500100	 0000000000648,00	 0000000001948,00	 0000000000000,00	 0000000000000,00
2500200	 0000000008622,00	 0000000000000,00	 0000000000000,00	 0000000000000,00
2500300	 0000000000000,00	 0000000000000,00	 0000000000000,00	 0000000000000,00
2550000	 0000000014928,00	 0000000000000,00	 0000000000000,00	 0000000000000,00
2600000	 0000000000475,00	 0000000000000,00	 0000000000000,00	 0000000000000,00
2650000	 0000000000000,00	 0000000000000,00	 0000000000000,00	 0000000000000,00
2700000	 0000000024261,00	 0000000000000,00	 0000000000000,00	 0000000000000,00
2700100	 0000000005908,00	 0000000000000,00	 0000000000000,00	 0000000000000,00
2700200	 0000000008180,00	 0000000000000,00	 0000000000000,00	 0000000000000,00
2700300	 0000000010173,00	 0000000000000,00	 0000000000000,00	 0000000000000,00
2700400	 0000000000000,00	 0000000000000,00	 0000000000000,00	 0000000000000,00
2700401	 0000000000000,00	 0000000000000,00	 0000000000000,00	 0000000000000,00
2700402	 0000000000000,00	 0000000000000,00	 0000000000000,00	 0000000000000,00
2700411	 0000000000000,00	 0000000000000,00	 0000000000000,00	 0000000000000,00
2700412	 0000000000000,00	 0000000000000,00	 0000000000000,00	 0000000000000,00
2700413	 0000000000000,00	 0000000000000,00	 0000000000000,00	 0000000000000,00
2700421	 0000000000000,00	 0000000000000,00	 0000000000000,00	 0000000000000,00
2700422	 0000000000000,00	 0000000000000,00	 0000000000000,00	 0000000000000,00
2700423	 0000000000000,00	 0000000000000,00	 0000000000000,00	 0000000000000,00
2700490	 0000000000000,00	 0000000000000,00	 0000000000000,00	 0000000000000,00
2800000	 0000000060009,00	 0000000000169,00	 0000000000000,00	 0000000000008,00
3000000	 0000000206538,00	-0000000007132,00	 0000000000000,00	 0000000000000,00
3101000	 0000000181185,00	 0000000000000,00	 0000000000000,00	 0000000000000,00
3102000	-0000000001431,00	 0000000000000,00	 0000000000000,00	 0000000000000,00
3103000	 0000000000685,00	 0000000000000,00	 0000000000000,00	 0000000000000,00
3104000	 0000000025818,00	-0000000007132,00	 0000000000000,00	 0000000000000,00
3104100	-0000000000387,00	 0000000000000,00	 0000000000000,00	 0000000000000,00
3104200	 0000000034385,00	-0000000007132,00	 0000000000000,00	 0000000000000,00
3104300	-0000000008180,00	 0000000000000,00	 0000000000000,00	 0000000000000,00
3200000	 0000000000281,00	 0000000000000,00	 0000000000000,00	 0000000000000,00
5001000	 0000000206257,00	-0000000007132,00	 0000000000000,00	 0000000000000,00
5002000	 0000000933299,00	 0000000215475,00	 0000000000000,00	 0000000000008,00
5100000	 0000000845848,00	 0000000028022,00	 0000000000000,00	 0000000000000,00
