999	SISTEMA FINANCIERO                                                      
1000000	 0000081121219,00	 0000063458095,00	 0000000752842,00	 0000039851883,00
1100000	 0000004896320,00	 0000000000000,00	 0000000000034,00	 0000008348311,00
1100100	 0000002550658,00	 0000000000000,00	 0000000000000,00	 0000000236457,00
1100200	 0000002271648,00	 0000000000000,00	 0000000000000,00	 0000002051886,00
1100300	 0000000074014,00	 0000000000000,00	 0000000000000,00	 0000000029950,00
1100400	 0000000000000,00	 0000000000000,00	 0000000000034,00	 0000006030018,00
1130000	 0000002909187,00	 0000000000000,00	 0000000000000,00	 0000002332747,00
1130100	 0000000651214,00	 0000000000000,00	 0000000000000,00	 0000000094001,00
1130200	 0000002257973,00	 0000000000000,00	 0000000000000,00	 0000002238746,00
1150000	 0000003789764,00	 0000002016752,00	 0000000000001,00	 0000000430079,00
1150100	 0000000486738,00	 0000001405484,00	 0000000000000,00	 0000000000000,00
1150200	 0000002677789,00	 0000000611268,00	 0000000000001,00	 0000000064244,00
1150300	 0000000000000,00	 0000000000000,00	 0000000000000,00	 0000000314630,00
1150400	 0000000625237,00	 0000000000000,00	 0000000000000,00	 0000000051205,00
1160000	 0000000420332,00	 0000000000279,00	 0000000000000,00	 0000000058698,00
1160100	 0000000000000,00	 0000000000000,00	 0000000000000,00	 0000000000000,00
1160200	 0000000420332,00	 0000000000279,00	 0000000000000,00	 0000000058698,00
1250000	 0000007702872,00	 0000000337128,00	 0000000000000,00	 0000000661770,00
1250100	 0000006466487,00	 0000000323609,00	 0000000000000,00	 0000000654614,00
1250200	 0000001236385,00	 0000000013519,00	 0000000000000,00	 0000000007156,00
1270000	 0000001418371,00	 0000000000001,00	 0000000000000,00	 0000001410179,00
1270100	 0000000351937,00	 0000000000001,00	 0000000000000,00	 0000000018246,00
1270112	 0000000093894,00	 0000000000000,00	 0000000000000,00	 0000000013465,00
1270113	 0000000258122,00	 0000000000000,00	 0000000000000,00	 0000000004358,00
1270116	 0000000000000,00	 0000000000000,00	 0000000000000,00	 0000000000445,00
1270117	 0000000000000,00	 0000000000000,00	 0000000000000,00	 0000000000000,00
1270118	 0000000000000,00	 0000000000000,00	 0000000000000,00	 0000000000000,00
1270190	-0000000000326,00	 0000000000000,00	 0000000000000,00	-0000000000022,00
1270200	-0000000001990,00	 0000000000000,00	 0000000000000,00	 0000001391933,00
1270202	 0000000000000,00	 0000000000000,00	 0000000000000,00	 0000000038459,00
1270203	 0000000000000,00	 0000000000000,00	 0000000000000,00	 0000000740290,00
1270206	 0000000000000,00	 0000000000000,00	 0000000000000,00	 0000000209470,00
1270207	 0000000000000,00	 0000000000000,00	 0000000000000,00	 0000000000000,00
1270208	 0000000000000,00	 0000000000000,00	 0000000000000,00	 0000000141063,00
1270290	-0000000001990,00	 0000000000000,00	 0000000000000,00	-0000000001205,00
1270300	 0000001068424,00	 0000000000000,00	 0000000000000,00	 0000000000000,00
1300000	 0000045766904,00	 0000058258845,00	 0000000706298,00	 0000021916029,00
1302000	 0000032642277,00	 0000024421938,00	 0000000706298,00	 0000020349158,00
1302100	 0000027281632,00	 0000018244981,00	 0000000106304,00	 0000012018762,00
1302101	 0000027281154,00	 0000017369323,00	 0000000106304,00	 0000007669509,00
1302102	 0000000000000,00	 0000000000000,00	 0000000000000,00	 0000004349253,00
1302170	 0000000000066,00	 0000000269920,00	 0000000000000,00	 0000000000000,00
1302180	 0000000000412,00	 0000000605738,00	 0000000000000,00	 0000000000000,00
1302200	 0000000993788,00	 0000000024398,00	 0000000000104,00	 0000007354939,00
1302201	 0000000003155,00	 0000000000000,00	 0000000000000,00	 0000000034550,00
1302202	 0000000774186,00	 0000000019940,00	 0000000000000,00	 0000004371312,00
1302241	 0000000025599,00	 0000000000008,00	 0000000000079,00	 0000000429383,00
1302242	 0000000190848,00	 0000000004450,00	 0000000000025,00	 0000002153676,00
1302281	 0000000000000,00	 0000000000000,00	 0000000000000,00	 0000000049229,00
1302282	 0000000000000,00	 0000000000000,00	 0000000000000,00	 0000000316789,00
1302300	 0000001163011,00	 0000000000000,00	 0000000000000,00	 0000000043597,00
1302500	 0000001432304,00	 0000000115851,00	 0000000003137,00	 0000000340690,00
1302800	 0000001579402,00	 0000003994871,00	 0000000595604,00	 0000000563070,00
1302900	 0000000192140,00	 0000002041837,00	 0000000001149,00	 0000000028100,00
1304000	 0000000082467,00	 0000033270310,00	 0000000000000,00	 0000000511075,00
1304100	 0000000000020,00	 0000001497911,00	 0000000000000,00	 0000000000000,00
1304101	 0000000000020,00	 0000001490950,00	 0000000000000,00	 0000000000000,00
1304102	 0000000000000,00	 0000000006961,00	 0000000000000,00	 0000000000000,00
1304200	 0000000003741,00	 0000001570080,00	 0000000000000,00	 0000000000000,00
1304400	 0000000000002,00	 0000000104200,00	 0000000000000,00	 0000000000000,00
1304500	 0000000042173,00	 0000029610459,00	 0000000000000,00	 0000000222506,00
1304600	 0000000000000,00	 0000000000028,00	 0000000000000,00	 0000000000000,00
1304800	 0000000035714,00	 0000000033757,00	 0000000000000,00	 0000000288569,00
1304900	 0000000000817,00	 0000000453875,00	 0000000000000,00	 0000000000000,00
1305000	 0000015956471,00	 0000000566985,00	 0000000000000,00	 0000001279499,00
1305100	 0000010676864,00	 0000000563605,00	 0000000000000,00	 0000000877650,00
1305300	 0000001012230,00	 0000000000000,00	 0000000000000,00	 0000000005082,00
1305400	 0000004250572,00	 0000000000000,00	 0000000000000,00	 0000000262880,00
1305800	 0000000004530,00	 0000000003380,00	 0000000000000,00	 0000000020172,00
1305900	 0000000012275,00	 0000000000000,00	 0000000000000,00	 0000000113715,00
1309000	-0000002914311,00	-0000000000388,00	 0000000000000,00	-0000000223703,00
1309100	-0000001646483,00	 0000000000000,00	 0000000000000,00	-0000000144724,00
1309200	-0000000237347,00	-0000000000279,00	 0000000000000,00	-0000000014137,00
1309300	-0000001030481,00	-0000000000109,00	 0000000000000,00	-0000000064842,00
1350000	 0000007788958,00	 0000002665252,00	 0000000015802,00	 0000002865502,00
1350100	 0000003243773,00	 0000001136003,00	 0000000000000,00	 0000000000000,00
1350200	 0000004538427,00	 0000001524904,00	 0000000015802,00	 0000000243365,00
1350300	 0000000006758,00	 0000000004345,00	 0000000000000,00	 0000002622137,00
1360000	 0000000010055,00	 0000000053039,00	 0000000000000,00	 0000000251636,00
1360100	 0000000000000,00	 0000000043467,00	 0000000000000,00	 0000000000000,00
1360200	 0000000010055,00	 0000000009572,00	 0000000000000,00	 0000000000000,00
1360300	 0000000000000,00	 0000000000000,00	 0000000000000,00	 0000000251636,00
1400000	 0000000200791,00	 0000000000529,00	 0000000000000,00	 0000000005441,00
1400100	 0000000161659,00	 0000000000000,00	 0000000000000,00	 0000000000000,00
1400101	 0000000000000,00	 0000000000000,00	 0000000000000,00	 0000000000000,00
1400103	 0000000161659,00	 0000000000000,00	 0000000000000,00	 0000000000000,00
1400200	 0000000039132,00	 0000000000529,00	 0000000000000,00	 0000000005441,00
1500000	 0000001039340,00	 0000000000002,00	 0000000000000,00	 0000000312459,00
1500100	 0000000203478,00	 0000000000000,00	 0000000000000,00	 0000000177405,00
1500200	 0000000835862,00	 0000000000002,00	 0000000000000,00	 0000000135054,00
1600000	 0000001241428,00	 0000000000157,00	 0000000000000,00	 0000000052915,00
1600100	 0000000896654,00	 0000000000092,00	 0000000000000,00	 0000000041603,00
1600200	 0000000344774,00	 0000000000065,00	 0000000000000,00	 0000000011312,00
1700000	 0000000059188,00	 0000000000020,00	 0000000000000,00	 0000000024510,00
1750000	 0000002075563,00	 0000000000000,00	 0000000000000,00	 0000000065107,00
1800000	 0000001802146,00	 0000000126091,00	 0000000030707,00	 0000001116500,00
1800100	 0000000370008,00	 0000000083796,00	 0000000029680,00	 0000000039658,00
1800200	 0000000047007,00	 0000000000000,00	 0000000000000,00	 0000000000203,00
1800900	 0000001385131,00	 0000000042295,00	 0000000001027,00	 0000001076639,00
2000000	 0000090633235,00	 0000036511663,00	 0000000088031,00	 0000043053065,00
2100000	 0000025868924,00	 0000001028063,00	 0000000000034,00	 0000007525618,00
2100100	 0000020403412,00	 0000000000000,00	 0000000000000,00	 0000005169267,00
2100109	 0000013573915,00	 0000000000000,00	 0000000000000,00	 0000004705564,00
2100110	 0000006795247,00	 0000000000000,00	 0000000000000,00	 0000000454426,00
2100200	 0000003180895,00	 0000000000000,00	 0000000000000,00	 0000002036015,00
2100300	 0000002284617,00	 0000001028063,00	 0000000000034,00	 0000000320336,00
2130000	 0000002236831,00	 0000000000294,00	 0000000000000,00	 0000002275493,00
2160000	 0000002135629,00	 0000000071246,00	 0000000000000,00	 0000000882627,00
2160100	 0000000071089,00	 0000000006595,00	 0000000000000,00	 0000000000000,00
2160200	 0000002064540,00	 0000000064651,00	 0000000000000,00	 0000000882627,00
2200000	 0000046998781,00	 0000011659450,00	 0000000000020,00	 0000014183960,00
2200100	 0000045476427,00	 0000009133928,00	 0000000000020,00	 0000013912597,00
2200200	 0000001351262,00	 0000002499790,00	 0000000000000,00	 0000000023607,00
2200900	 0000000171092,00	 0000000025732,00	 0000000000000,00	 0000000247756,00
2250000	 0000006850154,00	 0000001018287,00	 0000000000000,00	 0000000518821,00
2250100	 0000006685166,00	 0000000313633,00	 0000000000000,00	 0000000500259,00
2250200	 0000000164988,00	 0000000704654,00	 0000000000000,00	 0000000018562,00
2300000	 0000000588575,00	 0000000105907,00	 0000000000036,00	 0000007799923,00
2301000	 0000000586758,00	 0000000000000,00	 0000000000000,00	 0000000318660,00
2301001	 0000000335101,00	 0000000000000,00	 0000000000000,00	 0000000315644,00
2302000	-0000000000634,00	 0000000105841,00	 0000000000036,00	 0000007481226,00
2302100	 0000000000166,00	 0000000000000,00	 0000000000036,00	 0000003944632,00
2302200	-0000000000800,00	 0000000105841,00	 0000000000000,00	 0000003536594,00
2303000	 0000000002451,00	 0000000000066,00	 0000000000000,00	 0000000000037,00
2303100	 0000000002451,00	 0000000000000,00	 0000000000000,00	 0000000000037,00
2303900	 0000000000000,00	 0000000000066,00	 0000000000000,00	 0000000000000,00
2400000	 0000001223391,00	 0000022251843,00	 0000000000000,00	 0000008828981,00
2401000	 0000000000004,00	 0000001750439,00	 0000000000000,00	 0000000000000,00
2402000	 0000001223387,00	 0000020501404,00	 0000000000000,00	 0000008828981,00
2402100	 0000001222654,00	 0000015516990,00	 0000000000000,00	 0000008425050,00
2402200	 0000000000733,00	 0000004877188,00	 0000000000000,00	 0000000403931,00
2402300	 0000000000000,00	 0000000107226,00	 0000000000000,00	 0000000000000,00
2500000	 0000000491881,00	 0000000160800,00	 0000000082074,00	 0000000182601,00
2500100	 0000000151287,00	 0000000148086,00	 0000000082074,00	 0000000011363,00
2500200	 0000000340594,00	 0000000012714,00	 0000000000000,00	 0000000106416,00
2500300	 0000000000000,00	 0000000000000,00	 0000000000000,00	 0000000064822,00
2600000	 0000000150690,00	 0000000000000,00	 0000000000000,00	 0000000000182,00
2650000	 0000000644135,00	 0000000000000,00	 0000000000000,00	 0000000096552,00
2700000	 0000001810331,00	 0000000000000,00	 0000000000000,00	 0000000084176,00
2700100	 0000000304461,00	 0000000000000,00	 0000000000000,00	 0000000062970,00
2700200	 0000000456305,00	 0000000000000,00	 0000000000000,00	 0000000000000,00
2700300	 0000000197573,00	 0000000000000,00	 0000000000000,00	 0000000012963,00
2700400	 0000000851992,00	 0000000000000,00	 0000000000000,00	 0000000008243,00
2700401	 0000000009290,00	 0000000000000,00	 0000000000000,00	 0000000007194,00
2700402	 0000000000000,00	 0000000000000,00	 0000000000000,00	 0000000000000,00
2700411	 0000000306091,00	 0000000000000,00	 0000000000000,00	 0000000000000,00
2700412	 0000000318116,00	 0000000000000,00	 0000000000000,00	 0000000000000,00
2700413	 0000000039528,00	 0000000000000,00	 0000000000000,00	 0000000000000,00
2700421	 0000000000017,00	 0000000000000,00	 0000000000000,00	 0000000000000,00
2700422	 0000000000230,00	 0000000000000,00	 0000000000000,00	 0000000000000,00
2700423	 0000000000012,00	 0000000000000,00	 0000000000000,00	 0000000000000,00
2700490	 0000000178708,00	 0000000000000,00	 0000000000000,00	 0000000001049,00
2800000	 0000001633913,00	 0000000215773,00	 0000000005867,00	 0000000674131,00
3000000	 0000013769159,00	 0000000934936,00	 0000000019089,00	 0000000174861,00
3101000	 0000008450887,00	 0000000000000,00	 0000000000000,00	 0000000000000,00
3102000	 0000004359985,00	 0000000000000,00	 0000000000000,00	 0000000000000,00
3103000	-0000000077644,00	 0000000000694,00	 0000000000000,00	 0000000000004,00
3104000	 0000000636623,00	 0000000934242,00	 0000000019089,00	 0000000172432,00
3104100	 0000001306390,00	 0000000000000,00	 0000000000000,00	 0000000000000,00
3104200	-0000000213463,00	 0000000934242,00	 0000000019089,00	 0000000172432,00
3104300	-0000000456304,00	 0000000000000,00	 0000000000000,00	 0000000000000,00
3200000	 0000000399308,00	 0000000000000,00	 0000000000000,00	 0000000002425,00
5001000	 0000013369851,00	 0000000934936,00	 0000000019089,00	 0000000172436,00
5002000	 0000104402394,00	 0000037446599,00	 0000000107120,00	 0000043227926,00
5100000	 0000048681215,00	 0000058259233,00	 0000000706298,00	 0000022139732,00
