049	BANCO SECURITY
4100000	 0000000085326,00	 0000000172792,00	 0000000000580,00	 0000000020267,00
4100100	 0000000000000,00	 0000000000000,00	 0000000000000,00	 0000000000000,00
4100101	 0000000000000,00	 0000000000000,00	 0000000000000,00	 0000000000000,00
4100151	 0000000000000,00	 0000000000000,00	 0000000000000,00	 0000000000000,00
4100200	 0000000000104,00	 0000000000000,00	 0000000000000,00	 0000000000000,00
4100201	 0000000000104,00	 0000000000000,00	 0000000000000,00	 0000000000000,00
4100251	 0000000000000,00	 0000000000000,00	 0000000000000,00	 0000000000000,00
4100300	 0000000054521,00	 0000000131153,00	 0000000000580,00	 0000000016945,00
4100301	 0000000047356,00	 0000000045553,00	 0000000000000,00	 0000000013576,00
4100309	 0000000000126,00	 0000000000000,00	 0000000000000,00	 0000000003317,00
4100310	 0000000002343,00	 0000000000000,00	 0000000000000,00	 0000000000002,00
4100320	 0000000000000,00	 0000000000000,00	 0000000000000,00	 0000000000000,00
4100325	 0000000000000,00	 0000000000104,00	 0000000000000,00	 0000000000000,00
4100330	 0000000001891,00	 0000000009437,00	 0000000000162,00	 0000000000000,00
4100340	 0000000000000,00	 0000000000000,00	 0000000000000,00	 0000000000000,00
4100351	 0000000000000,00	 0000000065541,00	 0000000000000,00	 0000000000000,00
4100359	 0000000000000,00	 0000000000000,00	 0000000000000,00	 0000000000000,00
4100360	 0000000000000,00	 0000000000000,00	 0000000000000,00	 0000000000000,00
4100370	 0000000000000,00	 0000000000000,00	 0000000000000,00	 0000000000000,00
4100375	 0000000000000,00	 0000000000091,00	 0000000000000,00	 0000000000000,00
4100380	 0000000000000,00	 0000000009743,00	 0000000000418,00	 0000000000000,00
4100390	 0000000000000,00	 0000000000000,00	 0000000000000,00	 0000000000000,00
4100399	 0000000002805,00	 0000000000684,00	 0000000000000,00	 0000000000050,00
4100400	 0000000000000,00	 0000000034110,00	 0000000000000,00	 0000000000000,00
4100401	 0000000000000,00	 0000000000032,00	 0000000000000,00	 0000000000000,00
4100402	 0000000000000,00	 0000000000009,00	 0000000000000,00	 0000000000000,00
4100403	 0000000000000,00	 0000000000000,00	 0000000000000,00	 0000000000000,00
4100405	 0000000000000,00	 0000000003806,00	 0000000000000,00	 0000000000000,00
4100407	 0000000000000,00	 0000000009178,00	 0000000000000,00	 0000000000000,00
4100408	 0000000000000,00	 0000000000000,00	 0000000000000,00	 0000000000000,00
4100420	 0000000000000,00	 0000000000000,00	 0000000000000,00	 0000000000000,00
4100430	 0000000000000,00	 0000000000000,00	 0000000000000,00	 0000000000000,00
4100451	 0000000000000,00	 0000000000030,00	 0000000000000,00	 0000000000000,00
4100452	 0000000000000,00	 0000000000000,00	 0000000000000,00	 0000000000000,00
4100455	 0000000000000,00	 0000000006217,00	 0000000000000,00	 0000000000000,00
4100457	 0000000000000,00	 0000000014838,00	 0000000000000,00	 0000000000000,00
4100458	 0000000000000,00	 0000000000000,00	 0000000000000,00	 0000000000000,00
4100480	 0000000000000,00	 0000000000000,00	 0000000000000,00	 0000000000000,00
4100490	 0000000000000,00	 0000000000000,00	 0000000000000,00	 0000000000000,00
4100499	 0000000000000,00	 0000000000000,00	 0000000000000,00	 0000000000000,00
4100500	 0000000027201,00	 0000000000450,00	 0000000000000,00	 0000000000000,00
4100501	 0000000014096,00	 0000000000093,00	 0000000000000,00	 0000000000000,00
4100510	 0000000007713,00	 0000000000000,00	 0000000000000,00	 0000000000000,00
4100520	 0000000005392,00	 0000000000000,00	 0000000000000,00	 0000000000000,00
4100530	 0000000000000,00	 0000000000000,00	 0000000000000,00	 0000000000000,00
4100540	 0000000000000,00	 0000000000000,00	 0000000000000,00	 0000000000000,00
4100590	 0000000000000,00	 0000000000354,00	 0000000000000,00	 0000000000000,00
4100599	 0000000000000,00	 0000000000003,00	 0000000000000,00	 0000000000000,00
4100600	 0000000003944,00	 0000000007004,00	 0000000000000,00	 0000000003455,00
4100601	 0000000003898,00	 0000000002709,00	 0000000000000,00	 0000000003455,00
4100621	 0000000000000,00	 0000000000000,00	 0000000000000,00	 0000000000000,00
4100651	 0000000000046,00	 0000000004295,00	 0000000000000,00	 0000000000000,00
4100671	 0000000000000,00	 0000000000000,00	 0000000000000,00	 0000000000000,00
4100800	 0000000002558,00	 0000000000075,00	 0000000000000,00	 0000000000119,00
4100801	 0000000000000,00	 0000000000000,00	 0000000000000,00	 0000000000103,00
4100804	 0000000000194,00	 0000000000000,00	 0000000000000,00	 0000000000000,00
4100810	 0000000002360,00	 0000000000000,00	 0000000000000,00	 0000000000016,00
4100850	 0000000000004,00	 0000000000075,00	 0000000000000,00	 0000000000000,00
4100900	-0000000003002,00	 0000000000000,00	 0000000000000,00	-0000000000252,00
4150000	-0000000030254,00	-0000000116510,00	-0000000000138,00	-0000000002429,00
4150100	-0000000000015,00	-0000000000150,00	 0000000000000,00	 0000000000000,00
4150101	-0000000000015,00	 0000000000000,00	 0000000000000,00	 0000000000000,00
4150102	 0000000000000,00	 0000000000000,00	 0000000000000,00	 0000000000000,00
4150103	 0000000000000,00	 0000000000000,00	 0000000000000,00	 0000000000000,00
4150151	 0000000000000,00	-0000000000150,00	 0000000000000,00	 0000000000000,00
4150200	-0000000000034,00	 0000000000000,00	 0000000000000,00	 0000000000000,00
4150201	-0000000000034,00	 0000000000000,00	 0000000000000,00	 0000000000000,00
4150251	 0000000000000,00	 0000000000000,00	 0000000000000,00	 0000000000000,00
4150300	-0000000005410,00	-0000000000131,00	 0000000000000,00	-0000000001141,00
4150301	-0000000005410,00	 0000000000000,00	 0000000000000,00	-0000000001141,00
4150302	 0000000000000,00	 0000000000000,00	 0000000000000,00	 0000000000000,00
4150309	 0000000000000,00	 0000000000000,00	 0000000000000,00	 0000000000000,00
4150351	 0000000000000,00	-0000000000131,00	 0000000000000,00	 0000000000000,00
4150352	 0000000000000,00	 0000000000000,00	 0000000000000,00	 0000000000000,00
4150359	 0000000000000,00	 0000000000000,00	 0000000000000,00	 0000000000000,00
4150400	-0000000003509,00	 0000000000000,00	 0000000000000,00	-0000000001280,00
4150401	-0000000003509,00	 0000000000000,00	 0000000000000,00	-0000000001280,00
4150451	 0000000000000,00	 0000000000000,00	 0000000000000,00	 0000000000000,00
4150500	-0000000009453,00	-0000000116078,00	 0000000000000,00	 0000000000000,00
4150501	 0000000000000,00	-0000000000151,00	 0000000000000,00	 0000000000000,00
4150511	-0000000009453,00	-0000000031967,00	 0000000000000,00	 0000000000000,00
4150521	 0000000000000,00	-0000000007168,00	 0000000000000,00	 0000000000000,00
4150522	 0000000000000,00	 0000000000000,00	 0000000000000,00	 0000000000000,00
4150551	 0000000000000,00	-0000000000160,00	 0000000000000,00	 0000000000000,00
4150561	 0000000000000,00	-0000000067224,00	 0000000000000,00	 0000000000000,00
4150571	 0000000000000,00	-0000000009408,00	 0000000000000,00	 0000000000000,00
4150572	 0000000000000,00	 0000000000000,00	 0000000000000,00	 0000000000000,00
4150600	-0000000000037,00	-0000000000052,00	-0000000000138,00	 0000000000000,00
4150601	-0000000000037,00	 0000000000000,00	-0000000000138,00	 0000000000000,00
4150651	 0000000000000,00	-0000000000052,00	 0000000000000,00	 0000000000000,00
4150700	 0000000000000,00	-0000000000099,00	 0000000000000,00	 0000000000000,00
4150701	 0000000000000,00	-0000000000099,00	 0000000000000,00	 0000000000000,00
4150751	 0000000000000,00	 0000000000000,00	 0000000000000,00	 0000000000000,00
4150800	-0000000000015,00	 0000000000000,00	 0000000000000,00	-0000000000008,00
4150801	 0000000000000,00	 0000000000000,00	 0000000000000,00	-0000000000008,00
4150851	-0000000000015,00	 0000000000000,00	 0000000000000,00	 0000000000000,00
4150900	-0000000011781,00	 0000000000000,00	 0000000000000,00	 0000000000000,00
4200000	 0000000044825,00	 0000000001155,00	 0000000000168,00	 0000000000872,00
4200100	 0000000000396,00	 0000000000000,00	 0000000000000,00	 0000000000000,00
4200200	 0000000001321,00	 0000000001081,00	 0000000000168,00	 0000000000543,00
4200300	 0000000004914,00	 0000000000000,00	 0000000000000,00	 0000000000000,00
4200303	 0000000000000,00	 0000000000000,00	 0000000000000,00	 0000000000000,00
4200304	 0000000000680,00	 0000000000000,00	 0000000000000,00	 0000000000000,00
4200305	 0000000002945,00	 0000000000000,00	 0000000000000,00	 0000000000000,00
4200306	 0000000000405,00	 0000000000000,00	 0000000000000,00	 0000000000000,00
4200307	 0000000000884,00	 0000000000000,00	 0000000000000,00	 0000000000000,00
4200309	 0000000000000,00	 0000000000000,00	 0000000000000,00	 0000000000000,00
4200400	 0000000002856,00	 0000000000000,00	 0000000000000,00	 0000000000000,00
4200500	 0000000004920,00	 0000000000052,00	 0000000000000,00	 0000000000000,00
4200600	 0000000007170,00	 0000000000000,00	 0000000000000,00	 0000000000000,00
4200700	 0000000014925,00	 0000000000000,00	 0000000000000,00	 0000000000000,00
4200800	 0000000000000,00	 0000000000000,00	 0000000000000,00	 0000000000000,00
4200900	 0000000008323,00	 0000000000022,00	 0000000000000,00	 0000000000329,00
4250000	-0000000007872,00	 0000000000000,00	 0000000000000,00	 0000000000000,00
4250100	-0000000000013,00	 0000000000000,00	 0000000000000,00	 0000000000000,00
4250101	-0000000000007,00	 0000000000000,00	 0000000000000,00	 0000000000000,00
4250102	-0000000000006,00	 0000000000000,00	 0000000000000,00	 0000000000000,00
4250190	 0000000000000,00	 0000000000000,00	 0000000000000,00	 0000000000000,00
4250200	-0000000004751,00	 0000000000000,00	 0000000000000,00	 0000000000000,00
4250300	-0000000003108,00	 0000000000000,00	 0000000000000,00	 0000000000000,00
4300000	 0000000015403,00	 0000000002430,00	 0000000000000,00	 0000000002665,00
4300100	 0000000001550,00	 0000000000000,00	 0000000000000,00	 0000000000000,00
4300101	 0000000001303,00	 0000000000000,00	 0000000000000,00	 0000000000000,00
4300102	-0000000001126,00	 0000000000000,00	 0000000000000,00	 0000000000000,00
4300103	 0000000000967,00	 0000000000000,00	 0000000000000,00	 0000000000000,00
4300104	-0000000000133,00	 0000000000000,00	 0000000000000,00	 0000000000000,00
4300190	 0000000000539,00	 0000000000000,00	 0000000000000,00	 0000000000000,00
4300200	 0000000013286,00	 0000000000000,00	 0000000000000,00	 0000000000000,00
4300300	 0000000000688,00	 0000000002430,00	 0000000000000,00	 0000000003532,00
4300400	 0000000000833,00	 0000000000000,00	 0000000000000,00	 0000000000000,00
4300500	-0000000000954,00	 0000000000000,00	 0000000000000,00	-0000000000867,00
4350000	 0000000000761,00	 0000000000000,00	-0000000001503,00	 0000000000000,00
4350100	 0000000012843,00	 0000000000000,00	 0000000000000,00	 0000000000000,00
4350200	 0000000000000,00	 0000000000000,00	-0000000001503,00	 0000000000000,00
4350900	-0000000012082,00	 0000000000000,00	 0000000000000,00	 0000000000000,00
4400000	 0000000004739,00	 0000000000018,00	 0000000000000,00	 0000000000031,00
4400100	 0000000000158,00	 0000000000000,00	 0000000000000,00	 0000000000000,00
4400200	 0000000000116,00	 0000000000000,00	 0000000000000,00	 0000000000000,00
4400290	 0000000000000,00	 0000000000000,00	 0000000000000,00	 0000000000000,00
4400300	 0000000004465,00	 0000000000018,00	 0000000000000,00	 0000000000031,00
4500000	-0000000052694,00	 0000000000000,00	 0000000000000,00	 0000000000000,00
4500100	-0000000054291,00	 0000000000000,00	 0000000000000,00	 0000000000000,00
4500101	-0000000047278,00	 0000000000000,00	 0000000000000,00	 0000000000000,00
4500111	-0000000001053,00	 0000000000000,00	 0000000000000,00	 0000000000000,00
4500112	-0000000005338,00	 0000000000000,00	 0000000000000,00	 0000000000000,00
4500190	-0000000000012,00	 0000000000000,00	 0000000000000,00	 0000000000000,00
4500191	-0000000000610,00	 0000000000000,00	 0000000000000,00	 0000000000000,00
4500200	-0000000000111,00	 0000000000000,00	 0000000000000,00	 0000000000000,00
4500700	-0000000002300,00	 0000000000000,00	 0000000000000,00	 0000000000000,00
4500701	-0000000001000,00	 0000000000000,00	 0000000000000,00	 0000000000000,00
4500702	 0000000000000,00	 0000000000000,00	 0000000000000,00	 0000000000000,00
4500703	-0000000001300,00	 0000000000000,00	 0000000000000,00	 0000000000000,00
4500800	 0000000000000,00	 0000000000000,00	 0000000000000,00	 0000000000000,00
4500801	 0000000000000,00	 0000000000000,00	 0000000000000,00	 0000000000000,00
4500802	 0000000000000,00	 0000000000000,00	 0000000000000,00	 0000000000000,00
4500803	 0000000000000,00	 0000000000000,00	 0000000000000,00	 0000000000000,00
4500900	 0000000004008,00	 0000000000000,00	 0000000000000,00	 0000000000000,00
4500901	 0000000001547,00	 0000000000000,00	 0000000000000,00	 0000000000000,00
4500911	 0000000000001,00	 0000000000000,00	 0000000000000,00	 0000000000000,00
4500921	 0000000002460,00	 0000000000000,00	 0000000000000,00	 0000000000000,00
4500931	 0000000000000,00	 0000000000000,00	 0000000000000,00	 0000000000000,00
4600000	-0000000036992,00	 0000000000000,00	 0000000000000,00	 0000000000000,00
4610000	-0000000045912,00	 0000000000000,00	 0000000000000,00	 0000000000000,00
4610100	-0000000032271,00	 0000000000000,00	 0000000000000,00	 0000000000000,00
4610200	-0000000007900,00	 0000000000000,00	 0000000000000,00	 0000000000000,00
4610300	-0000000000840,00	 0000000000000,00	 0000000000000,00	 0000000000000,00
4610400	-0000000002149,00	 0000000000000,00	 0000000000000,00	 0000000000000,00
4610500	-0000000002752,00	 0000000000000,00	 0000000000000,00	 0000000000000,00
4620000	-0000000003994,00	-0000000001030,00	 0000000000000,00	 0000000000000,00
4630000	 0000000000000,00	 0000000000000,00	 0000000000000,00	 0000000000000,00
4650000	-0000000004124,00	 0000000000000,00	 0000000000000,00	 0000000000000,00
4650100	-0000000000971,00	 0000000000000,00	 0000000000000,00	 0000000000000,00
4650200	-0000000000286,00	 0000000000000,00	 0000000000000,00	 0000000000000,00
4650201	-0000000000286,00	 0000000000000,00	 0000000000000,00	 0000000000000,00
4650211	 0000000000000,00	 0000000000000,00	 0000000000000,00	 0000000000000,00
4650290	 0000000000000,00	 0000000000000,00	 0000000000000,00	 0000000000000,00
4650900	-0000000002867,00	 0000000000000,00	 0000000000000,00	 0000000000000,00
4700000	 0000000000017,00	 0000000000000,00	 0000000000000,00	 0000000000000,00
4700100	 0000000000017,00	 0000000000000,00	 0000000000000,00	 0000000000000,00
4700101	 0000000000000,00	 0000000000000,00	 0000000000000,00	 0000000000000,00
4700103	 0000000000000,00	 0000000000000,00	 0000000000000,00	 0000000000000,00
4700110	 0000000000017,00	 0000000000000,00	 0000000000000,00	 0000000000000,00
4700200	 0000000000000,00	 0000000000000,00	 0000000000000,00	 0000000000000,00
4700201	 0000000000000,00	 0000000000000,00	 0000000000000,00	 0000000000000,00
4700203	 0000000000000,00	 0000000000000,00	 0000000000000,00	 0000000000000,00
4700210	 0000000000000,00	 0000000000000,00	 0000000000000,00	 0000000000000,00
4800000	-0000000004923,00	 0000000000000,00	 0000000000000,00	 0000000000000,00
4800001	-0000000015991,00	 0000000000000,00	 0000000000000,00	 0000000000000,00
4850000	 0000000000000,00	 0000000000000,00	 0000000000000,00	 0000000000000,00
4900000	 0000000000002,00	 0000000000000,00	 0000000000000,00	 0000000000000,00
5003000	 0000000055072,00	 0000000056282,00	 0000000000442,00	 0000000017838,00
5004000	 0000000036953,00	 0000000001155,00	 0000000000168,00	 0000000000872,00
5005000	 0000000112928,00	 0000000059885,00	-0000000000893,00	 0000000021406,00
5006000	 0000000060234,00	 0000000059885,00	-0000000000893,00	 0000000021406,00
5007000	-0000000030788,00	 0000000058855,00	-0000000000893,00	 0000000021406,00
5008000	-0000000030771,00	 0000000058855,00	-0000000000893,00	 0000000021406,00
5009000	-0000000035694,00	 0000000058855,00	-0000000000893,00	 0000000021406,00
5010000	-0000000035694,00	 0000000058855,00	-0000000000893,00	 0000000021406,00
5020000	-0000000035696,00	 0000000058855,00	-0000000000893,00	 0000000021406,00
