054	RABOBANK CHILE                                                          
1000000	 0000000236574,00	 0000000060049,00	 0000000037485,00	 0000000312266,00
1100000	 0000000020404,00	 0000000000000,00	 0000000000000,00	 0000000129605,00
1100100	 0000000001086,00	 0000000000000,00	 0000000000000,00	 0000000000432,00
1100200	 0000000018930,00	 0000000000000,00	 0000000000000,00	 0000000013058,00
1100300	 0000000000388,00	 0000000000000,00	 0000000000000,00	 0000000000000,00
1100400	 0000000000000,00	 0000000000000,00	 0000000000000,00	 0000000116115,00
1130000	 0000000002565,00	 0000000000000,00	 0000000000000,00	 0000000016977,00
1130100	 0000000001736,00	 0000000000000,00	 0000000000000,00	 0000000000966,00
1130200	 0000000000829,00	 0000000000000,00	 0000000000000,00	 0000000016011,00
1150000	 0000000066748,00	 0000000000000,00	 0000000000000,00	 0000000011450,00
1150100	 0000000043950,00	 0000000000000,00	 0000000000000,00	 0000000000000,00
1150200	 0000000022798,00	 0000000000000,00	 0000000000000,00	 0000000000000,00
1150300	 0000000000000,00	 0000000000000,00	 0000000000000,00	 0000000011450,00
1150400	 0000000000000,00	 0000000000000,00	 0000000000000,00	 0000000000000,00
1160000	 0000000000000,00	 0000000000000,00	 0000000000000,00	 0000000000000,00
1160100	 0000000000000,00	 0000000000000,00	 0000000000000,00	 0000000000000,00
1160200	 0000000000000,00	 0000000000000,00	 0000000000000,00	 0000000000000,00
1250000	 0000000002851,00	 0000000000000,00	 0000000000000,00	 0000000000000,00
1250100	 0000000002678,00	 0000000000000,00	 0000000000000,00	 0000000000000,00
1250200	 0000000000173,00	 0000000000000,00	 0000000000000,00	 0000000000000,00
1270000	 0000000000000,00	 0000000000000,00	 0000000000000,00	 0000000000000,00
1270100	 0000000000000,00	 0000000000000,00	 0000000000000,00	 0000000000000,00
1270101	 0000000000000,00	 0000000000000,00	 0000000000000,00	 0000000000000,00
1270111	 0000000000000,00	 0000000000000,00	 0000000000000,00	 0000000000000,00
1270190	 0000000000000,00	 0000000000000,00	 0000000000000,00	 0000000000000,00
1270200	 0000000000000,00	 0000000000000,00	 0000000000000,00	 0000000000000,00
1270201	 0000000000000,00	 0000000000000,00	 0000000000000,00	 0000000000000,00
1270290	 0000000000000,00	 0000000000000,00	 0000000000000,00	 0000000000000,00
1300000	 0000000103747,00	 0000000060049,00	 0000000037485,00	 0000000149703,00
1302000	 0000000109897,00	 0000000060049,00	 0000000037485,00	 0000000149703,00
1302100	 0000000076508,00	 0000000036299,00	 0000000032711,00	 0000000090928,00
1302101	 0000000076508,00	 0000000036299,00	 0000000032711,00	 0000000090928,00
1302102	 0000000000000,00	 0000000000000,00	 0000000000000,00	 0000000000000,00
1302170	 0000000000000,00	 0000000000000,00	 0000000000000,00	 0000000000000,00
1302180	 0000000000000,00	 0000000000000,00	 0000000000000,00	 0000000000000,00
1302200	 0000000002316,00	 0000000000000,00	 0000000000000,00	 0000000041970,00
1302202	 0000000002316,00	 0000000000000,00	 0000000000000,00	 0000000034909,00
1302300	 0000000004429,00	 0000000000000,00	 0000000000000,00	 0000000000000,00
1302500	 0000000016567,00	 0000000000000,00	 0000000000000,00	 0000000007241,00
1302800	 0000000010053,00	 0000000023749,00	 0000000004774,00	 0000000009564,00
1302900	 0000000000024,00	 0000000000001,00	 0000000000000,00	 0000000000000,00
1304000	 0000000000000,00	 0000000000000,00	 0000000000000,00	 0000000000000,00
1304100	 0000000000000,00	 0000000000000,00	 0000000000000,00	 0000000000000,00
1304101	 0000000000000,00	 0000000000000,00	 0000000000000,00	 0000000000000,00
1304102	 0000000000000,00	 0000000000000,00	 0000000000000,00	 0000000000000,00
1304200	 0000000000000,00	 0000000000000,00	 0000000000000,00	 0000000000000,00
1304300	 0000000000000,00	 0000000000000,00	 0000000000000,00	 0000000000000,00
1304800	 0000000000000,00	 0000000000000,00	 0000000000000,00	 0000000000000,00
1304900	 0000000000000,00	 0000000000000,00	 0000000000000,00	 0000000000000,00
1305000	 0000000000000,00	 0000000000000,00	 0000000000000,00	 0000000000000,00
1305100	 0000000000000,00	 0000000000000,00	 0000000000000,00	 0000000000000,00
1305300	 0000000000000,00	 0000000000000,00	 0000000000000,00	 0000000000000,00
1305400	 0000000000000,00	 0000000000000,00	 0000000000000,00	 0000000000000,00
1305800	 0000000000000,00	 0000000000000,00	 0000000000000,00	 0000000000000,00
1305900	 0000000000000,00	 0000000000000,00	 0000000000000,00	 0000000000000,00
1309000	-0000000006150,00	 0000000000000,00	 0000000000000,00	 0000000000000,00
1309001	-0000000006150,00	 0000000000000,00	 0000000000000,00	 0000000000000,00
1309002	 0000000000000,00	 0000000000000,00	 0000000000000,00	 0000000000000,00
1309003	 0000000000000,00	 0000000000000,00	 0000000000000,00	 0000000000000,00
1350000	 0000000014983,00	 0000000000000,00	 0000000000000,00	 0000000000000,00
1350100	 0000000014983,00	 0000000000000,00	 0000000000000,00	 0000000000000,00
1350200	 0000000000000,00	 0000000000000,00	 0000000000000,00	 0000000000000,00
1350300	 0000000000000,00	 0000000000000,00	 0000000000000,00	 0000000000000,00
1360000	 0000000000000,00	 0000000000000,00	 0000000000000,00	 0000000000000,00
1360100	 0000000000000,00	 0000000000000,00	 0000000000000,00	 0000000000000,00
1360200	 0000000000000,00	 0000000000000,00	 0000000000000,00	 0000000000000,00
1360300	 0000000000000,00	 0000000000000,00	 0000000000000,00	 0000000000000,00
1400000	 0000000000013,00	 0000000000000,00	 0000000000000,00	 0000000000000,00
1400100	 0000000000000,00	 0000000000000,00	 0000000000000,00	 0000000000000,00
1400101	 0000000000000,00	 0000000000000,00	 0000000000000,00	 0000000000000,00
1400103	 0000000000000,00	 0000000000000,00	 0000000000000,00	 0000000000000,00
1400200	 0000000000013,00	 0000000000000,00	 0000000000000,00	 0000000000000,00
1500000	 0000000000325,00	 0000000000000,00	 0000000000000,00	 0000000000080,00
1500100	 0000000000000,00	 0000000000000,00	 0000000000000,00	 0000000000000,00
1500200	 0000000000325,00	 0000000000000,00	 0000000000000,00	 0000000000080,00
1600000	 0000000005148,00	 0000000000000,00	 0000000000000,00	 0000000000000,00
1600100	 0000000004755,00	 0000000000000,00	 0000000000000,00	 0000000000000,00
1600200	 0000000000393,00	 0000000000000,00	 0000000000000,00	 0000000000000,00
1700000	 0000000000000,00	 0000000000000,00	 0000000000000,00	 0000000000000,00
1750000	 0000000013670,00	 0000000000000,00	 0000000000000,00	 0000000000000,00
1800000	 0000000006120,00	 0000000000000,00	 0000000000000,00	 0000000004451,00
1800100	 0000000001240,00	 0000000000000,00	 0000000000000,00	 0000000000998,00
1800200	 0000000000090,00	 0000000000000,00	 0000000000000,00	 0000000000000,00
1800900	 0000000004790,00	 0000000000000,00	 0000000000000,00	 0000000003453,00
2000000	 0000000164726,00	 0000000012676,00	 0000000004478,00	 0000000425807,00
2100000	 0000000012795,00	 0000000000000,00	 0000000000000,00	 0000000006301,00
2100100	 0000000010504,00	 0000000000000,00	 0000000000000,00	 0000000004789,00
2100109	 0000000010504,00	 0000000000000,00	 0000000000000,00	 0000000004789,00
2100110	 0000000000000,00	 0000000000000,00	 0000000000000,00	 0000000000000,00
2100200	 0000000001190,00	 0000000000000,00	 0000000000000,00	 0000000000000,00
2100300	 0000000001101,00	 0000000000000,00	 0000000000000,00	 0000000001512,00
2130000	 0000000014997,00	 0000000000000,00	 0000000000000,00	 0000000001734,00
2160000	 0000000000000,00	 0000000000000,00	 0000000000000,00	 0000000000000,00
2160100	 0000000000000,00	 0000000000000,00	 0000000000000,00	 0000000000000,00
2160200	 0000000000000,00	 0000000000000,00	 0000000000000,00	 0000000000000,00
2200000	 0000000090316,00	 0000000004290,00	 0000000000000,00	 0000000134269,00
2200100	 0000000090316,00	 0000000004290,00	 0000000000000,00	 0000000134269,00
2200200	 0000000000000,00	 0000000000000,00	 0000000000000,00	 0000000000000,00
2200900	 0000000000000,00	 0000000000000,00	 0000000000000,00	 0000000000000,00
2250000	 0000000009096,00	 0000000000000,00	 0000000000000,00	 0000000000000,00
2250100	 0000000009026,00	 0000000000000,00	 0000000000000,00	 0000000000000,00
2250200	 0000000000070,00	 0000000000000,00	 0000000000000,00	 0000000000000,00
2300000	 0000000000000,00	 0000000000000,00	 0000000000000,00	 0000000278993,00
2301000	 0000000000000,00	 0000000000000,00	 0000000000000,00	 0000000000000,00
2301001	 0000000000000,00	 0000000000000,00	 0000000000000,00	 0000000000000,00
2302000	 0000000000000,00	 0000000000000,00	 0000000000000,00	 0000000278993,00
2302100	 0000000000000,00	 0000000000000,00	 0000000000000,00	 0000000000728,00
2302200	 0000000000000,00	 0000000000000,00	 0000000000000,00	 0000000278265,00
2303000	 0000000000000,00	 0000000000000,00	 0000000000000,00	 0000000000000,00
2303100	 0000000000000,00	 0000000000000,00	 0000000000000,00	 0000000000000,00
2303900	 0000000000000,00	 0000000000000,00	 0000000000000,00	 0000000000000,00
2400000	 0000000000000,00	 0000000000000,00	 0000000000000,00	 0000000000000,00
2401000	 0000000000000,00	 0000000000000,00	 0000000000000,00	 0000000000000,00
2402000	 0000000000000,00	 0000000000000,00	 0000000000000,00	 0000000000000,00
2402100	 0000000000000,00	 0000000000000,00	 0000000000000,00	 0000000000000,00
2402200	 0000000000000,00	 0000000000000,00	 0000000000000,00	 0000000000000,00
2500000	 0000000000000,00	 0000000008386,00	 0000000004478,00	 0000000000000,00
2500100	 0000000000000,00	 0000000005879,00	 0000000004478,00	 0000000000000,00
2500200	 0000000000000,00	 0000000002507,00	 0000000000000,00	 0000000000000,00
2500300	 0000000000000,00	 0000000000000,00	 0000000000000,00	 0000000000000,00
2600000	 0000000000002,00	 0000000000000,00	 0000000000000,00	 0000000000000,00
2650000	 0000000009970,00	 0000000000000,00	 0000000000000,00	 0000000000000,00
2700000	 0000000001717,00	 0000000000000,00	 0000000000000,00	 0000000000000,00
2700100	 0000000001530,00	 0000000000000,00	 0000000000000,00	 0000000000000,00
2700200	 0000000000000,00	 0000000000000,00	 0000000000000,00	 0000000000000,00
2700300	 0000000000041,00	 0000000000000,00	 0000000000000,00	 0000000000000,00
2700400	 0000000000146,00	 0000000000000,00	 0000000000000,00	 0000000000000,00
2700401	 0000000000000,00	 0000000000000,00	 0000000000000,00	 0000000000000,00
2700402	 0000000000000,00	 0000000000000,00	 0000000000000,00	 0000000000000,00
2700403	 0000000000108,00	 0000000000000,00	 0000000000000,00	 0000000000000,00
2700490	 0000000000038,00	 0000000000000,00	 0000000000000,00	 0000000000000,00
2800000	 0000000025833,00	 0000000000000,00	 0000000000000,00	 0000000004510,00
3000000	 0000000032710,00	 0000000002908,00	 0000000000304,00	 0000000002765,00
3101000	 0000000041370,00	 0000000000000,00	 0000000000000,00	 0000000000000,00
3102000	 0000000000038,00	 0000000000000,00	 0000000000000,00	 0000000000000,00
3103000	 0000000000011,00	 0000000000000,00	 0000000000000,00	 0000000000000,00
3104000	-0000000008709,00	 0000000002908,00	 0000000000304,00	 0000000002765,00
3104100	 0000000000000,00	 0000000000000,00	 0000000000000,00	 0000000000000,00
3104200	-0000000008709,00	 0000000002908,00	 0000000000304,00	 0000000002765,00
3104300	 0000000000000,00	 0000000000000,00	 0000000000000,00	 0000000000000,00
3200000	 0000000000000,00	 0000000000000,00	 0000000000000,00	 0000000000000,00
5001000	 0000000032710,00	 0000000002908,00	 0000000000304,00	 0000000002765,00
5002000	 0000000197436,00	 0000000015584,00	 0000000004782,00	 0000000428572,00
5100000	 0000000109897,00	 0000000060049,00	 0000000037485,00	 0000000149703,00
