051	BANCO FALABELLA
1000000	 0000001539776,00	 0000000606751,00	 0000000000000,00	 0000000117470,00
1100000	 0000000197739,00	 0000000000000,00	 0000000000000,00	 0000000076580,00
1100100	 0000000106993,00	 0000000000000,00	 0000000000000,00	 0000000002011,00
1100200	 0000000089058,00	 0000000000000,00	 0000000000000,00	 0000000000571,00
1100300	 0000000001688,00	 0000000000000,00	 0000000000000,00	 0000000000487,00
1100400	 0000000000000,00	 0000000000000,00	 0000000000000,00	 0000000073511,00
1130000	 0000000041410,00	 0000000000000,00	 0000000000000,00	 0000000040437,00
1130100	 0000000003516,00	 0000000000000,00	 0000000000000,00	 0000000000000,00
1130200	 0000000037894,00	 0000000000000,00	 0000000000000,00	 0000000040437,00
1150000	 0000000073308,00	 0000000038757,00	 0000000000000,00	 0000000000000,00
1150100	 0000000006946,00	 0000000038757,00	 0000000000000,00	 0000000000000,00
1150200	 0000000000000,00	 0000000000000,00	 0000000000000,00	 0000000000000,00
1150300	 0000000000000,00	 0000000000000,00	 0000000000000,00	 0000000000000,00
1150400	 0000000066362,00	 0000000000000,00	 0000000000000,00	 0000000000000,00
1160000	 0000000000000,00	 0000000000000,00	 0000000000000,00	 0000000000000,00
1160100	 0000000000000,00	 0000000000000,00	 0000000000000,00	 0000000000000,00
1160200	 0000000000000,00	 0000000000000,00	 0000000000000,00	 0000000000000,00
1250000	 0000000010042,00	 0000000000000,00	 0000000000000,00	 0000000000000,00
1250100	 0000000010042,00	 0000000000000,00	 0000000000000,00	 0000000000000,00
1250200	 0000000000000,00	 0000000000000,00	 0000000000000,00	 0000000000000,00
1270000	 0000000000000,00	 0000000000000,00	 0000000000000,00	 0000000000000,00
1270100	 0000000000000,00	 0000000000000,00	 0000000000000,00	 0000000000000,00
1270112	 0000000000000,00	 0000000000000,00	 0000000000000,00	 0000000000000,00
1270113	 0000000000000,00	 0000000000000,00	 0000000000000,00	 0000000000000,00
1270116	 0000000000000,00	 0000000000000,00	 0000000000000,00	 0000000000000,00
1270117	 0000000000000,00	 0000000000000,00	 0000000000000,00	 0000000000000,00
1270118	 0000000000000,00	 0000000000000,00	 0000000000000,00	 0000000000000,00
1270190	 0000000000000,00	 0000000000000,00	 0000000000000,00	 0000000000000,00
1270200	 0000000000000,00	 0000000000000,00	 0000000000000,00	 0000000000000,00
1270202	 0000000000000,00	 0000000000000,00	 0000000000000,00	 0000000000000,00
1270203	 0000000000000,00	 0000000000000,00	 0000000000000,00	 0000000000000,00
1270206	 0000000000000,00	 0000000000000,00	 0000000000000,00	 0000000000000,00
1270207	 0000000000000,00	 0000000000000,00	 0000000000000,00	 0000000000000,00
1270208	 0000000000000,00	 0000000000000,00	 0000000000000,00	 0000000000000,00
1270290	 0000000000000,00	 0000000000000,00	 0000000000000,00	 0000000000000,00
1270300	 0000000000000,00	 0000000000000,00	 0000000000000,00	 0000000000000,00
1300000	 0000000809148,00	 0000000552191,00	 0000000000000,00	 0000000000450,00
1302000	 0000000000303,00	 0000000136096,00	 0000000000000,00	 0000000000000,00
1302100	 0000000000296,00	 0000000006145,00	 0000000000000,00	 0000000000000,00
1302101	 0000000000296,00	 0000000004073,00	 0000000000000,00	 0000000000000,00
1302102	 0000000000000,00	 0000000000000,00	 0000000000000,00	 0000000000000,00
1302170	 0000000000000,00	 0000000001010,00	 0000000000000,00	 0000000000000,00
1302180	 0000000000000,00	 0000000001062,00	 0000000000000,00	 0000000000000,00
1302200	 0000000000000,00	 0000000000000,00	 0000000000000,00	 0000000000000,00
1302201	 0000000000000,00	 0000000000000,00	 0000000000000,00	 0000000000000,00
1302202	 0000000000000,00	 0000000000000,00	 0000000000000,00	 0000000000000,00
1302241	 0000000000000,00	 0000000000000,00	 0000000000000,00	 0000000000000,00
1302242	 0000000000000,00	 0000000000000,00	 0000000000000,00	 0000000000000,00
1302281	 0000000000000,00	 0000000000000,00	 0000000000000,00	 0000000000000,00
1302282	 0000000000000,00	 0000000000000,00	 0000000000000,00	 0000000000000,00
1302300	 0000000000000,00	 0000000000000,00	 0000000000000,00	 0000000000000,00
1302500	 0000000000000,00	 0000000000000,00	 0000000000000,00	 0000000000000,00
1302600	 0000000000007,00	 0000000129951,00	 0000000000000,00	 0000000000000,00
1302601	 0000000000007,00	 0000000087316,00	 0000000000000,00	 0000000000000,00
1302602	 0000000000000,00	 0000000042635,00	 0000000000000,00	 0000000000000,00
1302604	 0000000000000,00	 0000000000000,00	 0000000000000,00	 0000000000000,00
1302800	 0000000000000,00	 0000000000000,00	 0000000000000,00	 0000000000000,00
1302900	 0000000000000,00	 0000000000000,00	 0000000000000,00	 0000000000000,00
1304000	 0000000000062,00	 0000000416095,00	 0000000000000,00	 0000000000000,00
1304100	 0000000000012,00	 0000000108355,00	 0000000000000,00	 0000000000000,00
1304101	 0000000000012,00	 0000000108355,00	 0000000000000,00	 0000000000000,00
1304102	 0000000000000,00	 0000000000000,00	 0000000000000,00	 0000000000000,00
1304200	 0000000000002,00	 0000000059630,00	 0000000000000,00	 0000000000000,00
1304400	 0000000000000,00	 0000000000000,00	 0000000000000,00	 0000000000000,00
1304500	 0000000000040,00	 0000000225081,00	 0000000000000,00	 0000000000000,00
1304600	 0000000000000,00	 0000000000000,00	 0000000000000,00	 0000000000000,00
1304800	 0000000000000,00	 0000000000000,00	 0000000000000,00	 0000000000000,00
1304900	 0000000000008,00	 0000000023029,00	 0000000000000,00	 0000000000000,00
1305000	 0000000873900,00	 0000000000000,00	 0000000000000,00	 0000000000450,00
1305100	 0000000831452,00	 0000000000000,00	 0000000000000,00	 0000000000000,00
1305300	 0000000028415,00	 0000000000000,00	 0000000000000,00	 0000000000000,00
1305400	 0000000014033,00	 0000000000000,00	 0000000000000,00	 0000000000450,00
1305800	 0000000000000,00	 0000000000000,00	 0000000000000,00	 0000000000000,00
1305900	 0000000000000,00	 0000000000000,00	 0000000000000,00	 0000000000000,00
1309000	-0000000065117,00	 0000000000000,00	 0000000000000,00	 0000000000000,00
1309100	-0000000002317,00	 0000000000000,00	 0000000000000,00	 0000000000000,00
1309200	-0000000003702,00	 0000000000000,00	 0000000000000,00	 0000000000000,00
1309300	-0000000059098,00	 0000000000000,00	 0000000000000,00	 0000000000000,00
1350000	 0000000335049,00	 0000000015803,00	 0000000000000,00	 0000000000000,00
1350100	 0000000090107,00	 0000000004335,00	 0000000000000,00	 0000000000000,00
1350200	 0000000244942,00	 0000000011468,00	 0000000000000,00	 0000000000000,00
1350300	 0000000000000,00	 0000000000000,00	 0000000000000,00	 0000000000000,00
1360000	 0000000000000,00	 0000000000000,00	 0000000000000,00	 0000000000000,00
1360100	 0000000000000,00	 0000000000000,00	 0000000000000,00	 0000000000000,00
1360200	 0000000000000,00	 0000000000000,00	 0000000000000,00	 0000000000000,00
1360300	 0000000000000,00	 0000000000000,00	 0000000000000,00	 0000000000000,00
1400000	 0000000000229,00	 0000000000000,00	 0000000000000,00	 0000000000000,00
1400100	 0000000000000,00	 0000000000000,00	 0000000000000,00	 0000000000000,00
1400101	 0000000000000,00	 0000000000000,00	 0000000000000,00	 0000000000000,00
1400103	 0000000000000,00	 0000000000000,00	 0000000000000,00	 0000000000000,00
1400200	 0000000000229,00	 0000000000000,00	 0000000000000,00	 0000000000000,00
1500000	 0000000019492,00	 0000000000000,00	 0000000000000,00	 0000000000000,00
1500100	 0000000000000,00	 0000000000000,00	 0000000000000,00	 0000000000000,00
1500200	 0000000019492,00	 0000000000000,00	 0000000000000,00	 0000000000000,00
1600000	 0000000014676,00	 0000000000000,00	 0000000000000,00	 0000000000000,00
1600100	 0000000009643,00	 0000000000000,00	 0000000000000,00	 0000000000000,00
1600200	 0000000005033,00	 0000000000000,00	 0000000000000,00	 0000000000000,00
1700000	 0000000000000,00	 0000000000000,00	 0000000000000,00	 0000000000000,00
1750000	 0000000023266,00	 0000000000000,00	 0000000000000,00	 0000000000000,00
1800000	 0000000015417,00	 0000000000000,00	 0000000000000,00	 0000000000003,00
1800100	 0000000000000,00	 0000000000000,00	 0000000000000,00	 0000000000000,00
1800200	 0000000000181,00	 0000000000000,00	 0000000000000,00	 0000000000000,00
1800900	 0000000015236,00	 0000000000000,00	 0000000000000,00	 0000000000003,00
2000000	 0000001590103,00	 0000000437976,00	 0000000000000,00	 0000000040325,00
2100000	 0000000281065,00	 0000000010775,00	 0000000000000,00	 0000000000081,00
2100100	 0000000192444,00	 0000000000000,00	 0000000000000,00	 0000000000000,00
2100109	 0000000001611,00	 0000000000000,00	 0000000000000,00	 0000000000000,00
2100110	 0000000190833,00	 0000000000000,00	 0000000000000,00	 0000000000000,00
2100200	 0000000071803,00	 0000000000000,00	 0000000000000,00	 0000000000000,00
2100300	 0000000016818,00	 0000000010775,00	 0000000000000,00	 0000000000081,00
2130000	 0000000040174,00	 0000000000000,00	 0000000000000,00	 0000000037869,00
2160000	 0000000000000,00	 0000000000000,00	 0000000000000,00	 0000000000000,00
2160100	 0000000000000,00	 0000000000000,00	 0000000000000,00	 0000000000000,00
2160200	 0000000000000,00	 0000000000000,00	 0000000000000,00	 0000000000000,00
2200000	 0000001156624,00	 0000000066375,00	 0000000000000,00	 0000000002353,00
2200100	 0000000902053,00	 0000000005683,00	 0000000000000,00	 0000000002339,00
2200200	 0000000000000,00	 0000000051350,00	 0000000000000,00	 0000000000000,00
2200900	 0000000254571,00	 0000000009342,00	 0000000000000,00	 0000000000014,00
2250000	 0000000008155,00	 0000000000000,00	 0000000000000,00	 0000000000000,00
2250100	 0000000008155,00	 0000000000000,00	 0000000000000,00	 0000000000000,00
2250200	 0000000000000,00	 0000000000000,00	 0000000000000,00	 0000000000000,00
2300000	 0000000000000,00	 0000000000000,00	 0000000000000,00	 0000000000000,00
2301000	 0000000000000,00	 0000000000000,00	 0000000000000,00	 0000000000000,00
2301001	 0000000000000,00	 0000000000000,00	 0000000000000,00	 0000000000000,00
2302000	 0000000000000,00	 0000000000000,00	 0000000000000,00	 0000000000000,00
2302100	 0000000000000,00	 0000000000000,00	 0000000000000,00	 0000000000000,00
2302200	 0000000000000,00	 0000000000000,00	 0000000000000,00	 0000000000000,00
2303000	 0000000000000,00	 0000000000000,00	 0000000000000,00	 0000000000000,00
2303100	 0000000000000,00	 0000000000000,00	 0000000000000,00	 0000000000000,00
2303900	 0000000000000,00	 0000000000000,00	 0000000000000,00	 0000000000000,00
2400000	 0000000031231,00	 0000000314895,00	 0000000000000,00	 0000000000000,00
2401000	 0000000000000,00	 0000000105661,00	 0000000000000,00	 0000000000000,00
2402000	 0000000031231,00	 0000000209234,00	 0000000000000,00	 0000000000000,00
2402100	 0000000030548,00	 0000000169071,00	 0000000000000,00	 0000000000000,00
2402200	 0000000000683,00	 0000000040163,00	 0000000000000,00	 0000000000000,00
2402300	 0000000000000,00	 0000000000000,00	 0000000000000,00	 0000000000000,00
2500000	 0000000003325,00	 0000000045931,00	 0000000000000,00	 0000000000000,00
2500100	 0000000000000,00	 0000000045931,00	 0000000000000,00	 0000000000000,00
2500200	 0000000003325,00	 0000000000000,00	 0000000000000,00	 0000000000000,00
2500300	 0000000000000,00	 0000000000000,00	 0000000000000,00	 0000000000000,00
2600000	 0000000002574,00	 0000000000000,00	 0000000000000,00	 0000000000000,00
2650000	 0000000010392,00	 0000000000000,00	 0000000000000,00	 0000000000000,00
2700000	 0000000023794,00	 0000000000000,00	 0000000000000,00	 0000000000000,00
2700100	 0000000002019,00	 0000000000000,00	 0000000000000,00	 0000000000000,00
2700200	 0000000017736,00	 0000000000000,00	 0000000000000,00	 0000000000000,00
2700300	 0000000002035,00	 0000000000000,00	 0000000000000,00	 0000000000000,00
2700400	 0000000002004,00	 0000000000000,00	 0000000000000,00	 0000000000000,00
2700401	 0000000000000,00	 0000000000000,00	 0000000000000,00	 0000000000000,00
2700402	 0000000000000,00	 0000000000000,00	 0000000000000,00	 0000000000000,00
2700411	 0000000000000,00	 0000000000000,00	 0000000000000,00	 0000000000000,00
2700412	 0000000000000,00	 0000000000000,00	 0000000000000,00	 0000000000000,00
2700413	 0000000002000,00	 0000000000000,00	 0000000000000,00	 0000000000000,00
2700421	 0000000000000,00	 0000000000000,00	 0000000000000,00	 0000000000000,00
2700422	 0000000000000,00	 0000000000000,00	 0000000000000,00	 0000000000000,00
2700423	 0000000000004,00	 0000000000000,00	 0000000000000,00	 0000000000000,00
2700490	 0000000000000,00	 0000000000000,00	 0000000000000,00	 0000000000000,00
2800000	 0000000032769,00	 0000000000000,00	 0000000000000,00	 0000000000022,00
3000000	 0000000195593,00	 0000000000000,00	 0000000000000,00	 0000000000000,00
3101000	 0000000035286,00	 0000000000000,00	 0000000000000,00	 0000000000000,00
3102000	 0000000119158,00	 0000000000000,00	 0000000000000,00	 0000000000000,00
3103000	-0000000000245,00	 0000000000000,00	 0000000000000,00	 0000000000000,00
3104000	 0000000041382,00	 0000000000000,00	 0000000000000,00	 0000000000000,00
3104100	 0000000053888,00	 0000000000000,00	 0000000000000,00	 0000000000000,00
3104200	 0000000005230,00	 0000000000000,00	 0000000000000,00	 0000000000000,00
3104300	-0000000017736,00	 0000000000000,00	 0000000000000,00	 0000000000000,00
3200000	 0000000000012,00	 0000000000000,00	 0000000000000,00	 0000000000000,00
5001000	 0000000195581,00	 0000000000000,00	 0000000000000,00	 0000000000000,00
5002000	 0000001785696,00	 0000000437976,00	 0000000000000,00	 0000000040325,00
5100000	 0000000874265,00	 0000000552191,00	 0000000000000,00	 0000000000450,00
