012	BANCO DEL ESTADO DE CHILE
100000000	028029451577461	025232274301458	000085542108868	005490621039849
105000000	001619288753715	000000000000000	000000000000000	000858618258570
105000100	000892966331366	000000000000000	000000000000000	000042481638733
105000101	000194643578133	000000000000000	000000000000000	000041222409244
105000102	000698322753233	000000000000000	000000000000000	000001259229489
105000103	000000000000000	000000000000000	000000000000000	000000000000000
105000200	000726044966997	000000000000000	000000000000000	000082348622763
105000201	000325944966997	000000000000000	000000000000000	000082348622763
105000202	000000000000000	000000000000000	000000000000000	000000000000000
105000209	000400100000000	000000000000000	000000000000000	000000000000000
105000300	000000000000000	000000000000000	000000000000000	000000000000000
105000301	000000000000000	000000000000000	000000000000000	000000000000000
105000302	000000000000000	000000000000000	000000000000000	000000000000000
105000309	000000000000000	000000000000000	000000000000000	000000000000000
105000400	000000277455352	000000000000000	000000000000000	000000000000000
105000500	000000000000000	000000000000000	000000000000000	000733787997074
107000000	000331072262276	000000000000000	000000000000000	000196112785076
107000100	000018455434643	000000000000000	000000000000000	000004335548825
107000101	000000667070018	000000000000000	000000000000000	000000000000000
107000102	000016549687309	000000000000000	000000000000000	000001953584321
107000103	000001238677316	000000000000000	000000000000000	000002381964504
107000200	000000000000000	000000000000000	000000000000000	000000000000000
107000201	000000000000000	000000000000000	000000000000000	000000000000000
107000202	000000000000000	000000000000000	000000000000000	000000000000000
107000300	000000000000000	000000000000000	000000000000000	000000000000000
107000400	000312616827633	000000000000000	000000000000000	000191777236251
107000401	000058556789104	000000000000000	000000000000000	000000000000000
107000409	000000000000000	000000000000000	000000000000000	000141824892000
107000411	000234717547539	000000000000000	000000000000000	000000000000000
107000419	000019342490990	000000000000000	000000000000000	000049952344251
110000000	003137392635455	000125846118037	000000000000000	000000000000000
111000100	001718730637360	000000000000000	000000000000000	000000000000000
111000101	000227913643104	000000000000000	000000000000000	000000000000000
111000102	001490274244529	000000000000000	000000000000000	000000000000000
111000103	000000308626406	000000000000000	000000000000000	000000000000000
111000104	000000234123321	000000000000000	000000000000000	000000000000000
111000105	000000000000000	000000000000000	000000000000000	000000000000000
111000109	000000000000000	000000000000000	000000000000000	000000000000000
112000000	001406078070683	000125846118037	000000000000000	000000000000000
112000100	000077192250065	000001988805312	000000000000000	000000000000000
112000101	000030948323514	000000000000000	000000000000000	000000000000000
112000102	000046243926551	000001988805312	000000000000000	000000000000000
112000109	000000000000000	000000000000000	000000000000000	000000000000000
112000200	001328885820618	000123857312725	000000000000000	000000000000000
112000201	001328885820618	000123857312725	000000000000000	000000000000000
112000202	000000000000000	000000000000000	000000000000000	000000000000000
112000209	000000000000000	000000000000000	000000000000000	000000000000000
112000300	000000000000000	000000000000000	000000000000000	000000000000000
112000301	000000000000000	000000000000000	000000000000000	000000000000000
112000302	000000000000000	000000000000000	000000000000000	000000000000000
112000303	000000000000000	000000000000000	000000000000000	000000000000000
112000304	000000000000000	000000000000000	000000000000000	000000000000000
112000309	000000000000000	000000000000000	000000000000000	000000000000000
113000000	000012583927412	000000000000000	000000000000000	000000000000000
113000100	000012583927412	000000000000000	000000000000000	000000000000000
113000101	000012583926808	000000000000000	000000000000000	000000000000000
113000102	000000000000604	000000000000000	000000000000000	000000000000000
113000200	000000000000000	000000000000000	000000000000000	000000000000000
113000201	000000000000000	000000000000000	000000000000000	000000000000000
113000202	000000000000000	000000000000000	000000000000000	000000000000000
113000300	000000000000000	000000000000000	000000000000000	000000000000000
113000301	000000000000000	000000000000000	000000000000000	000000000000000
113000302	000000000000000	000000000000000	000000000000000	000000000000000
113000303	000000000000000	000000000000000	000000000000000	000000000000000
113000304	000000000000000	000000000000000	000000000000000	000000000000000
113000400	000000000000000	000000000000000	000000000000000	000000000000000
115000000	000000000000000	000000000000000	000000000000000	000000000000000
115250000	000000000000000	000000000000000	000000000000000	000000000000000
115250100	000000000000000	000000000000000	000000000000000	000000000000000
115250101	000000000000000	000000000000000	000000000000000	000000000000000
115250102	000000000000000	000000000000000	000000000000000	000000000000000
115250109	000000000000000	000000000000000	000000000000000	000000000000000
115250200	000000000000000	000000000000000	000000000000000	000000000000000
115250201	000000000000000	000000000000000	000000000000000	000000000000000
115250202	000000000000000	000000000000000	000000000000000	000000000000000
115250209	000000000000000	000000000000000	000000000000000	000000000000000
115250300	000000000000000	000000000000000	000000000000000	000000000000000
115250301	000000000000000	000000000000000	000000000000000	000000000000000
115250302	000000000000000	000000000000000	000000000000000	000000000000000
115250303	000000000000000	000000000000000	000000000000000	000000000000000
115250304	000000000000000	000000000000000	000000000000000	000000000000000
115250309	000000000000000	000000000000000	000000000000000	000000000000000
115500000	000000000000000	000000000000000	000000000000000	000000000000000
115500100	000000000000000	000000000000000	000000000000000	000000000000000
115500101	000000000000000	000000000000000	000000000000000	000000000000000
115500102	000000000000000	000000000000000	000000000000000	000000000000000
115500300	000000000000000	000000000000000	000000000000000	000000000000000
115500301	000000000000000	000000000000000	000000000000000	000000000000000
115500302	000000000000000	000000000000000	000000000000000	000000000000000
115500303	000000000000000	000000000000000	000000000000000	000000000000000
115500304	000000000000000	000000000000000	000000000000000	000000000000000
115500400	000000000000000	000000000000000	000000000000000	000000000000000
118000000	000000000000000	000000000000000	000000000000000	000000000000000
118250000	000000000000000	000000000000000	000000000000000	000000000000000
118250100	000000000000000	000000000000000	000000000000000	000000000000000
118250101	000000000000000	000000000000000	000000000000000	000000000000000
118250102	000000000000000	000000000000000	000000000000000	000000000000000
118250109	000000000000000	000000000000000	000000000000000	000000000000000
118250200	000000000000000	000000000000000	000000000000000	000000000000000
118250201	000000000000000	000000000000000	000000000000000	000000000000000
118250202	000000000000000	000000000000000	000000000000000	000000000000000
118250209	000000000000000	000000000000000	000000000000000	000000000000000
118250300	000000000000000	000000000000000	000000000000000	000000000000000
118250301	000000000000000	000000000000000	000000000000000	000000000000000
118250302	000000000000000	000000000000000	000000000000000	000000000000000
118250303	000000000000000	000000000000000	000000000000000	000000000000000
118250304	000000000000000	000000000000000	000000000000000	000000000000000
118250309	000000000000000	000000000000000	000000000000000	000000000000000
118500000	000000000000000	000000000000000	000000000000000	000000000000000
118500300	000000000000000	000000000000000	000000000000000	000000000000000
118500301	000000000000000	000000000000000	000000000000000	000000000000000
118500302	000000000000000	000000000000000	000000000000000	000000000000000
118500303	000000000000000	000000000000000	000000000000000	000000000000000
118500304	000000000000000	000000000000000	000000000000000	000000000000000
118500400	000000000000000	000000000000000	000000000000000	000000000000000
120000000	007919790033126	000216893304789	000000000000000	000013659196693
122000000	007919790033126	000216893304789	000000000000000	000013659196693
122000100	005143828236666	000041955761222	000000000000000	000000000000000
122000101	005044578477434	000000000000000	000000000000000	000000000000000
122000102	000099249759232	000041955761222	000000000000000	000000000000000
122000109	000000000000000	000000000000000	000000000000000	000000000000000
122000200	002776144769770	000174937543567	000000000000000	000000000000000
122000201	002776141858903	000174937543567	000000000000000	000000000000000
122000202	000000002910867	000000000000000	000000000000000	000000000000000
122000209	000000000000000	000000000000000	000000000000000	000000000000000
122000300	-00000182973310	000000000000000	000000000000000	000013659196693
122000301	000000000000000	000000000000000	000000000000000	000000000000000
122000302	000000000000000	000000000000000	000000000000000	000000000000000
122000303	-00000182973310	000000000000000	000000000000000	000013659196693
122000304	000000000000000	000000000000000	000000000000000	000000000000000
122000309	000000000000000	000000000000000	000000000000000	000000000000000
123000000	000000000000000	000000000000000	000000000000000	000000000000000
123000300	000000000000000	000000000000000	000000000000000	000000000000000
123000301	000000000000000	000000000000000	000000000000000	000000000000000
123000302	000000000000000	000000000000000	000000000000000	000000000000000
123000303	000000000000000	000000000000000	000000000000000	000000000000000
123000304	000000000000000	000000000000000	000000000000000	000000000000000
123000400	000000000000000	000000000000000	000000000000000	000000000000000
130000000	000060197151425	000000000000000	000000000000000	000000000000000
130000100	000060197151425	000000000000000	000000000000000	000000000000000
130000101	000000000000000	000000000000000	000000000000000	000000000000000
130000102	000060197151425	000000000000000	000000000000000	000000000000000
130000103	000000000000000	000000000000000	000000000000000	000000000000000
130000104	000000000000000	000000000000000	000000000000000	000000000000000
130000105	000000000000000	000000000000000	000000000000000	000000000000000
130000190	000000000000000	000000000000000	000000000000000	000000000000000
140000000	012101318188579	024816064651969	000083861806445	003346126490125
141000000	001320757068593	000000000000000	000000000000000	000000000000000
141000100	001282113406371	000000000000000	000000000000000	000000000000000
141000101	001282113406371	000000000000000	000000000000000	000000000000000
141000102	000000000000000	000000000000000	000000000000000	000000000000000
141000103	000000000000000	000000000000000	000000000000000	000000000000000
141000200	000000000000000	000000000000000	000000000000000	000000000000000
141000201	000000000000000	000000000000000	000000000000000	000000000000000
141000202	000000000000000	000000000000000	000000000000000	000000000000000
141000203	000000000000000	000000000000000	000000000000000	000000000000000
141000300	000038643662222	000000000000000	000000000000000	000000000000000
141000301	000038643662222	000000000000000	000000000000000	000000000000000
141000302	000000000000000	000000000000000	000000000000000	000000000000000
141000400	000000000000000	000000000000000	000000000000000	000000000000000
141000401	000000000000000	000000000000000	000000000000000	000000000000000
141000402	000000000000000	000000000000000	000000000000000	000000000000000
141000900	000000000000000	000000000000000	000000000000000	000000000000000
141000901	000000000000000	000000000000000	000000000000000	000000000000000
141000902	000000000000000	000000000000000	000000000000000	000000000000000
141000903	000000000000000	000000000000000	000000000000000	000000000000000
141500000	000871805634070	000315430804811	000000000000000	000000000000000
141500100	000258469041043	000289316705624	000000000000000	000000000000000
141500101	000000000000000	000000000000000	000000000000000	000000000000000
141500102	000258469041043	000289316705624	000000000000000	000000000000000
141500109	000000000000000	000000000000000	000000000000000	000000000000000
141500200	000613751936116	000026114099187	000000000000000	000000000000000
141500201	000582270345007	000026114099187	000000000000000	000000000000000
141500202	000000000000000	000000000000000	000000000000000	000000000000000
141500209	000031481591109	000000000000000	000000000000000	000000000000000
141500300	000000000000000	000000000000000	000000000000000	000000000000000
141500301	000000000000000	000000000000000	000000000000000	000000000000000
141500302	000000000000000	000000000000000	000000000000000	000000000000000
141500303	000000000000000	000000000000000	000000000000000	000000000000000
141500304	000000000000000	000000000000000	000000000000000	000000000000000
141500309	000000000000000	000000000000000	000000000000000	000000000000000
141500900	-00000415343089	000000000000000	000000000000000	000000000000000
141500901	-00000415343089	000000000000000	000000000000000	000000000000000
141500902	000000000000000	000000000000000	000000000000000	000000000000000
141500903	000000000000000	000000000000000	000000000000000	000000000000000
143000000	-00001869428637	000000000000000	000000000000000	000870715300139
143100100	000000000000000	000000000000000	000000000000000	000000000000000
143100101	000000000000000	000000000000000	000000000000000	000000000000000
143100102	000000000000000	000000000000000	000000000000000	000000000000000
143100103	000000000000000	000000000000000	000000000000000	000000000000000
143100104	000000000000000	000000000000000	000000000000000	000000000000000
143100105	000000000000000	000000000000000	000000000000000	000000000000000
143100106	000000000000000	000000000000000	000000000000000	000000000000000
143100107	000000000000000	000000000000000	000000000000000	000000000000000
143100190	000000000000000	000000000000000	000000000000000	000000000000000
143150100	000000000000000	000000000000000	000000000000000	000000000000000
143150101	000000000000000	000000000000000	000000000000000	000000000000000
143150102	000000000000000	000000000000000	000000000000000	000000000000000
143150103	000000000000000	000000000000000	000000000000000	000000000000000
143200100	000000000000000	000000000000000	000000000000000	000870715300139
143200101	000000000000000	000000000000000	000000000000000	000000000000000
143200102	000000000000000	000000000000000	000000000000000	000613032423726
143200103	000000000000000	000000000000000	000000000000000	000000000000000
143200104	000000000000000	000000000000000	000000000000000	000112647877680
143200105	000000000000000	000000000000000	000000000000000	000000000000000
143200106	000000000000000	000000000000000	000000000000000	000145034998733
143200107	000000000000000	000000000000000	000000000000000	000000000000000
143200108	000000000000000	000000000000000	000000000000000	000000000000000
143200190	000000000000000	000000000000000	000000000000000	000000000000000
143250100	-00001869428637	000000000000000	000000000000000	000000000000000
143250101	-00001869428637	000000000000000	000000000000000	000000000000000
143250102	000000000000000	000000000000000	000000000000000	000000000000000
143250103	000000000000000	000000000000000	000000000000000	000000000000000
143300100	000000000000000	000000000000000	000000000000000	000000000000000
143300101	000000000000000	000000000000000	000000000000000	000000000000000
143300102	000000000000000	000000000000000	000000000000000	000000000000000
143300103	000000000000000	000000000000000	000000000000000	000000000000000
143400100	000000000000000	000000000000000	000000000000000	000000000000000
143400101	000000000000000	000000000000000	000000000000000	000000000000000
143400102	000000000000000	000000000000000	000000000000000	000000000000000
143400103	000000000000000	000000000000000	000000000000000	000000000000000
144000000	009910624914553	024500633847158	000083861806445	002475411189986
145000000	008405033138801	007263442457714	000083861806445	002467724194550
145400100	007499958445338	005135632799552	000000000000000	001034532659359
145400101	007499630282936	003653950673188	000000000000000	001030958110553
145400102	000000000000000	000000000000000	000000000000000	000003574548806
145400103	000000000000000	000392840113369	000000000000000	000000000000000
145400104	000000000000000	000094751219406	000000000000000	000000000000000
145400105	000000000000000	000000037782447	000000000000000	000000000000000
145400106	000000328162402	000994053011142	000000000000000	000000000000000
145400200	000139122432242	000023261932843	000000000000000	001342784163922
145400201	000000000000000	000000000000000	000000000000000	000000000000000
145400202	000119301972037	000023261932843	000000000000000	000955032074673
145400203	000000000000000	000000000000000	000000000000000	000079885329080
145400204	000019820460205	000000000000000	000000000000000	000307742535400
145400205	000000000000000	000000000000000	000000000000000	000000000000000
145400290	000000000000000	000000000000000	000000000000000	000000124224769
145400300	000109713380074	000000000000000	000000000000000	000000000000000
145400400	000013750377315	000000000000000	000000000000000	000000831251596
145400401	000007947259393	000000000000000	000000000000000	000000831251596
145400402	000005803117922	000000000000000	000000000000000	000000000000000
145400500	000164795375882	000031519331500	000000000000000	000089576119673
145400501	000070407144537	000000000000000	000000000000000	000003650396716
145400502	000094388231345	000031519331500	000000000000000	000085925722957
145400600	000471767427782	000481857422107	000083861806445	000000000000000
145400601	000103326682426	000418532722451	000023733484400	000000000000000
145400602	000368440745356	000063324699656	000060128322045	000000000000000
145400700	000000001235200	001579925106545	000000000000000	000000000000000
145400701	000000000000000	001577182038719	000000000000000	000000000000000
145400702	000000000000000	000000125446353	000000000000000	000000000000000
145400703	000000001235200	000002617621473	000000000000000	000000000000000
145400900	000005924464968	000011245865167	000000000000000	000000000000000
145400901	000000000000000	000000000000000	000000000000000	000000000000000
145400902	000004708997821	000007348916814	000000000000000	000000000000000
145400990	000001215467147	000003896948353	000000000000000	000000000000000
146000000	000001274786423	017237191389444	000000000000000	000000000000000
146000100	000000000000000	000135796291064	000000000000000	000000000000000
146000200	000000000000000	000360603620404	000000000000000	000000000000000
146000300	000000000000000	000000000000000	000000000000000	000000000000000
146000400	000000824871496	016596120875412	000000000000000	000000000000000
146000401	000000824871496	014737466238776	000000000000000	000000000000000
146000402	000000000000000	001858654636636	000000000000000	000000000000000
146000500	000000000000000	000000000000000	000000000000000	000000000000000
146000900	000000449914927	000144670602564	000000000000000	000000000000000
146000901	000000000000000	000130390916416	000000000000000	000000000000000
146000902	000000000000000	000000000000000	000000000000000	000000000000000
146000903	000000000000000	000000000000000	000000000000000	000000000000000
146000909	000000449914927	000014279686148	000000000000000	000000000000000
148000000	002711397055193	000000000000000	000000000000000	000007686995436
148000100	002116507133966	000000000000000	000000000000000	000000000000000
148000200	000101484505437	000000000000000	000000000000000	000000000000000
148000300	000493405415790	000000000000000	000000000000000	000007686995436
148000301	000380031678196	000000000000000	000000000000000	000007686995436
148000302	000113373737594	000000000000000	000000000000000	000000000000000
148000400	000000000000000	000000000000000	000000000000000	000000000000000
148000900	000000000000000	000000000000000	000000000000000	000000000000000
148000901	000000000000000	000000000000000	000000000000000	000000000000000
148000902	000000000000000	000000000000000	000000000000000	000000000000000
149000000	-01207080065864	000000000000000	000000000000000	000000000000000
149500100	-00747424464543	000000000000000	000000000000000	000000000000000
149500101	-00154457516508	000000000000000	000000000000000	000000000000000
149500102	-00034892331147	000000000000000	000000000000000	000000000000000
149500103	-00207745194258	000000000000000	000000000000000	000000000000000
149500104	-00099876879083	000000000000000	000000000000000	000000000000000
149500105	-00248675286454	000000000000000	000000000000000	000000000000000
149500109	-00001777257093	000000000000000	000000000000000	000000000000000
149600100	-00132302033010	000000000000000	000000000000000	000000000000000
149600101	-00029553515270	000000000000000	000000000000000	000000000000000
149600102	-00102748517740	000000000000000	000000000000000	000000000000000
149700100	-00327353568311	000000000000000	000000000000000	000000000000000
149700101	-00137565891765	000000000000000	000000000000000	000000000000000
149700102	-00189787676546	000000000000000	000000000000000	000000000000000
150000000	000025422147617	000000000000000	000000000000000	000000373054483
150000100	000000000000000	000000000000000	000000000000000	000000000000000
150000200	000000000000000	000000000000000	000000000000000	000000000000000
150000201	000000000000000	000000000000000	000000000000000	000000000000000
150000202	000000000000000	000000000000000	000000000000000	000000000000000
150000300	000019480197580	000000000000000	000000000000000	000000000000000
150000400	000000000000000	000000000000000	000000000000000	000000000000000
150000500	000000000000000	000000000000000	000000000000000	000000000000000
150000600	000000000000000	000000000000000	000000000000000	000000000000000
150000700	000003822225571	000000000000000	000000000000000	000000000000000
150000800	000002119724466	000000000000000	000000000000000	000000373054483
160000000	000061658417057	000000000000000	000000000000000	000000000000000
160000100	000000000000000	000000000000000	000000000000000	000000000000000
160000200	000000000000000	000000000000000	000000000000000	000000000000000
160000201	000000000000000	000000000000000	000000000000000	000000000000000
160000202	000000000000000	000000000000000	000000000000000	000000000000000
160000203	000000000000000	000000000000000	000000000000000	000000000000000
160000204	000000000000000	000000000000000	000000000000000	000000000000000
160000205	000000000000000	000000000000000	000000000000000	000000000000000
160000206	000000000000000	000000000000000	000000000000000	000000000000000
160000207	000000000000000	000000000000000	000000000000000	000000000000000
160000208	000000000000000	000000000000000	000000000000000	000000000000000
160000209	000000000000000	000000000000000	000000000000000	000000000000000
160000219	000000000000000	000000000000000	000000000000000	000000000000000
160000300	000061658417057	000000000000000	000000000000000	000000000000000
160000301	000241228342144	000000000000000	000000000000000	000000000000000
160000302	000130721922252	000000000000000	000000000000000	000000000000000
160000303	000000000000000	000000000000000	000000000000000	000000000000000
160000309	000000000000000	000000000000000	000000000000000	000000000000000
160000319	-00310291847339	000000000000000	000000000000000	000000000000000
170000000	000330401217625	000000000000000	000000000000000	000000000000000
170000100	000168900567762	000000000000000	000000000000000	000000000000000
170000101	000152389433237	000000000000000	000000000000000	000000000000000
170000102	000061054644881	000000000000000	000000000000000	000000000000000
170000119	-00044543510356	000000000000000	000000000000000	000000000000000
170000200	000161500649863	000000000000000	000000000000000	000000000000000
170000201	000281607364043	000000000000000	000000000000000	000000000000000
170000209	000268537362251	000000000000000	000000000000000	000000000000000
170000219	-00388644076431	000000000000000	000000000000000	000000000000000
175000000	000064108030466	000000000000000	000000000000000	000000000000000
175000100	000054606679764	000000000000000	000000000000000	000000000000000
175000101	000126695180359	000000000000000	000000000000000	000000000000000
175000102	000000869900133	000000000000000	000000000000000	000000000000000
175000119	-00072958400728	000000000000000	000000000000000	000000000000000
175000200	000009501350702	000000000000000	000000000000000	000000000000000
175000201	000038584867803	000000000000000	000000000000000	000000000000000
175000219	-00029083517101	000000000000000	000000000000000	000000000000000
175000300	000000000000000	000000000000000	000000000000000	000000000000000
175000301	000000000000000	000000000000000	000000000000000	000000000000000
175000309	000000000000000	000000000000000	000000000000000	000000000000000
175000319	000000000000000	000000000000000	000000000000000	000000000000000
175000400	000000000000000	000000000000000	000000000000000	000000000000000
175000401	000000000000000	000000000000000	000000000000000	000000000000000
175000409	000000000000000	000000000000000	000000000000000	000000000000000
175000419	000000000000000	000000000000000	000000000000000	000000000000000
180000000	000001341159615	000000000000000	000000000000000	000000000000000
185000000	001850238854481	000000000000000	000000000000000	000000000000000
190000000	000522105852666	000073470226663	000001680302423	001074693426232
190000100	000042575989682	000072957458623	000001680302423	000000000000000
190000101	000042575989682	000072957458623	000001680302423	000000000000000
190000102	000000000000000	000000000000000	000000000000000	000000000000000
190000103	000000000000000	000000000000000	000000000000000	000000000000000
190000200	000000000000000	000000000000000	000000000000000	001063238470858
190000201	000000000000000	000000000000000	000000000000000	000000000000000
190000202	000000000000000	000000000000000	000000000000000	000067179853918
190000203	000000000000000	000000000000000	000000000000000	000000000000000
190000204	000000000000000	000000000000000	000000000000000	000996058616940
190000300	000088553708488	000000000000000	000000000000000	000000000000000
190000301	000088553708488	000000000000000	000000000000000	000000000000000
190000302	000000000000000	000000000000000	000000000000000	000000000000000
190000303	000000000000000	000000000000000	000000000000000	000000000000000
190000400	000000000000000	000000000000000	000000000000000	000000000000000
190000401	000000000000000	000000000000000	000000000000000	000000000000000
190000402	000000000000000	000000000000000	000000000000000	000000000000000
190000500	000186164863339	000000512755512	000000000000000	000002582435721
190000501	000000289078076	000000000000000	000000000000000	000000000000000
190000502	000000000000000	000000000000000	000000000000000	000000000000000
190000503	000006507572975	000000512755512	000000000000000	000000000000000
190000504	000000000000000	000000000000000	000000000000000	000000000000000
190000505	000003678844141	000000000000000	000000000000000	000000000000000
190000509	000175689368147	000000000000000	000000000000000	000002582435721
190000600	000000000000000	000000000000000	000000000000000	000000000000000
190000700	000000000000000	000000000000000	000000000000000	000000000000000
190000701	000000000000000	000000000000000	000000000000000	000000000000000
190000702	000000000000000	000000000000000	000000000000000	000000000000000
190000800	000003026756095	000000000000000	000000000000000	000000000000000
190000900	000079136055897	000000000000000	000000000000000	000000000000000
190001000	000000000000000	000000000000000	000000000000000	000000000000000
190001100	000000000000000	000000000000000	000000000000000	000000000000000
190001200	000037119591972	000000000000000	000000000000000	000000206174804
190001300	000000000000000	000000000000000	000000000000000	000000000000000
190001400	000000120559842	000000000000000	000000000000000	000008196026367
190001500	000064189250466	000000000000000	000000000000000	000000470318482
190002900	000021219076885	000000000012528	000000000000000	000000000000000
192500100	000000000000000	000000000000000	000000000000000	000000000000000
192500101	000000000000000	000000000000000	000000000000000	000000000000000
192500102	000000000000000	000000000000000	000000000000000	000000000000000
192500103	000000000000000	000000000000000	000000000000000	000000000000000
195000000	000005116873358	000000000000000	000000000000000	000001037828670
195000100	000003059891235	000000000000000	000000000000000	000000000000000
195000101	000000000000000	000000000000000	000000000000000	000000000000000
195000102	000003082489795	000000000000000	000000000000000	000000000000000
195000103	-00000022598560	000000000000000	000000000000000	000000000000000
195000200	000002056982123	000000000000000	000000000000000	000001037828670
195000201	000000000000000	000000000000000	000000000000000	000000000000000
195000202	000000000000000	000000000000000	000000000000000	000000000000000
195000203	000000000000000	000000000000000	000000000000000	000000000000000
195000204	000001517158537	000000000000000	000000000000000	000000000000000
195000219	000000539823586	000000000000000	000000000000000	000001037828670
195000300	000000000000000	000000000000000	000000000000000	000000000000000
200000000	031493399209944	015062994960596	000000000000000	008082284680374
207000000	000423877874979	000000000000000	000000000000000	000092170971746
207000100	000000000000000	000000000000000	000000000000000	000000000000000
207000101	000000000000000	000000000000000	000000000000000	000000000000000
207000102	000000000000000	000000000000000	000000000000000	000000000000000
207000200	000000000000000	000000000000000	000000000000000	000000000000000
207000300	000423877874979	000000000000000	000000000000000	000092170971746
207000301	000140498177697	000000000000000	000000000000000	000000000000000
207000309	000000000000000	000000000000000	000000000000000	000057830289000
207000311	000247950051171	000000000000000	000000000000000	000000000000000
207000319	000035429646111	000000000000000	000000000000000	000034340682746
210000000	001770504393680	000000000000000	000000000000000	000000000000000
211000100	001770504393680	000000000000000	000000000000000	000000000000000
211000101	000238333396077	000000000000000	000000000000000	000000000000000
211000102	001531524396398	000000000000000	000000000000000	000000000000000
211000103	000000634768296	000000000000000	000000000000000	000000000000000
211000104	000000011832909	000000000000000	000000000000000	000000000000000
211000105	000000000000000	000000000000000	000000000000000	000000000000000
211000190	000000000000000	000000000000000	000000000000000	000000000000000
213000100	000000000000000	000000000000000	000000000000000	000000000000000
213000101	000000000000000	000000000000000	000000000000000	000000000000000
213000102	000000000000000	000000000000000	000000000000000	000000000000000
213000103	000000000000000	000000000000000	000000000000000	000000000000000
213000109	000000000000000	000000000000000	000000000000000	000000000000000
218000000	000000000000000	000000000000000	000000000000000	000000000000000
218000001	000000000000000	000000000000000	000000000000000	000000000000000
218000002	000000000000000	000000000000000	000000000000000	000000000000000
218000003	000000000000000	000000000000000	000000000000000	000000000000000
218000009	000000000000000	000000000000000	000000000000000	000000000000000
230000000	000621160056821	000000000000000	000000000000000	000000000000000
230000100	000621160056821	000000000000000	000000000000000	000000000000000
230000101	000000390708743	000000000000000	000000000000000	000000000000000
230000102	000620769348078	000000000000000	000000000000000	000000000000000
230000103	000000000000000	000000000000000	000000000000000	000000000000000
230000104	000000000000000	000000000000000	000000000000000	000000000000000
230000105	000000000000000	000000000000000	000000000000000	000000000000000
230000190	000000000000000	000000000000000	000000000000000	000000000000000
240000000	026159114469022	013613122935861	000000000000000	007346413623356
241000000	014289750778448	000397872015350	000000000000000	000478512218397
241000100	007883354619333	000000000000000	000000000000000	000443926083132
241000101	000016945865610	000000000000000	000000000000000	000000207743812
241000102	000000000000000	000000000000000	000000000000000	000000000000000
241000103	006312638446226	000000000000000	000000000000000	000440814216914
241000104	001553770307497	000000000000000	000000000000000	000002904122406
241000200	005017855438594	000000000000000	000000000000000	000000000000000
241000201	000300001557814	000000000000000	000000000000000	000000000000000
241000202	004717853880780	000000000000000	000000000000000	000000000000000
241000300	000205537134600	000000000000000	000000000000000	000000000000000
241000301	000205537134600	000000000000000	000000000000000	000000000000000
241000400	000000000000000	000000000000000	000000000000000	000000000000000
241000401	000000000000000	000000000000000	000000000000000	000000000000000
241000402	000000000000000	000000000000000	000000000000000	000000000000000
241000500	001183003585921	000397872015350	000000000000000	000034586135265
241000501	000117508168882	000000000000000	000000000000000	000000000000000
241000502	000000000000000	000000000000000	000000000000000	000000000000000
241000503	000000000000000	000000000000000	000000000000000	000000000000000
241000504	000551813946550	000000014971397	000000000000000	000000023873728
241000505	000018778387556	000000000000000	000000000000000	000000000000000
241000506	000303827632128	000000000000000	000000000000000	000000138686034
241000507	000000000000000	000000000000000	000000000000000	000007586090329
241000508	000000000000000	000000000000000	000000000000000	000000000000000
241000509	000023157104293	000000000000000	000000000000000	000000000000000
241000510	000025112245544	000000000000000	000000000000000	000000252217982
241000511	000005950732350	000000000000000	000000000000000	000000513345049
241000512	000000000000000	000000000000000	000000000000000	000000000000000
241000513	000000000000000	000000000000000	000000000000000	000000000000000
241000590	000136855368618	000397857043953	000000000000000	000026071922143
242000000	010337437669432	007623447018543	000000000000000	001918035778455
242000100	006874938478717	000679840995143	000000000000000	001917355789448
242000200	003458890121623	006933465596246	000000000000000	000000000000000
242000201	002561691469556	006335289725069	000000000000000	000000000000000
242000202	000897198652067	000598175871177	000000000000000	000000000000000
242000300	000003609069092	000010140427154	000000000000000	000000679989007
242000301	000003609069088	000010140427154	000000000000000	000000679989007
242000302	000000000000000	000000000000000	000000000000000	000000000000000
242000390	000000000000004	000000000000000	000000000000000	000000000000000
243000000	001438261238360	000000000000000	000000000000000	000655028457221
243000100	000000000000000	000000000000000	000000000000000	000000000000000
243000101	000000000000000	000000000000000	000000000000000	000000000000000
243000102	000000000000000	000000000000000	000000000000000	000000000000000
243000103	000000000000000	000000000000000	000000000000000	000000000000000
243000200	000000000000000	000000000000000	000000000000000	000000000000000
243000201	000000000000000	000000000000000	000000000000000	000000000000000
243000202	000000000000000	000000000000000	000000000000000	000000000000000
243000203	000000000000000	000000000000000	000000000000000	000000000000000
243000300	001438261238360	000000000000000	000000000000000	000655028457221
243000301	001438261238360	000000000000000	000000000000000	000655028457221
243000302	000000000000000	000000000000000	000000000000000	000000000000000
243000400	000000000000000	000000000000000	000000000000000	000000000000000
243000401	000000000000000	000000000000000	000000000000000	000000000000000
243000402	000000000000000	000000000000000	000000000000000	000000000000000
244000000	000000000000000	000000000000000	000000000000000	001944913665385
244250000	000000000000000	000000000000000	000000000000000	000000000000000
244250100	000000000000000	000000000000000	000000000000000	000000000000000
244250101	000000000000000	000000000000000	000000000000000	000000000000000
244250102	000000000000000	000000000000000	000000000000000	000000000000000
244250103	000000000000000	000000000000000	000000000000000	000000000000000
244250200	000000000000000	000000000000000	000000000000000	000000000000000
244250201	000000000000000	000000000000000	000000000000000	000000000000000
244250202	000000000000000	000000000000000	000000000000000	000000000000000
244250203	000000000000000	000000000000000	000000000000000	000000000000000
244250204	000000000000000	000000000000000	000000000000000	000000000000000
244250209	000000000000000	000000000000000	000000000000000	000000000000000
244500000	000000000000000	000000000000000	000000000000000	001944913665385
244500100	000000000000000	000000000000000	000000000000000	000314983599358
244500101	000000000000000	000000000000000	000000000000000	000096682109342
244500102	000000000000000	000000000000000	000000000000000	000073266491283
244500103	000000000000000	000000000000000	000000000000000	000145034998733
244500200	000000000000000	000000000000000	000000000000000	001629930066027
244500201	000000000000000	000000000000000	000000000000000	000000000000000
244500202	000000000000000	000000000000000	000000000000000	001591255948020
244500203	000000000000000	000000000000000	000000000000000	000000000000000
244500204	000000000000000	000000000000000	000000000000000	000000000000000
244500209	000000000000000	000000000000000	000000000000000	000038674118007
244700000	000000000000000	000000000000000	000000000000000	000000000000000
244700100	000000000000000	000000000000000	000000000000000	000000000000000
244700200	000000000000000	000000000000000	000000000000000	000000000000000
244900000	000000000000000	000000000000000	000000000000000	000000000000000
244900100	000000000000000	000000000000000	000000000000000	000000000000000
244900200	000000000000000	000000000000000	000000000000000	000000000000000
245000000	-00000318010228	005591803901968	000000000000000	002301812196357
245000100	000001036462611	000243853885182	000000000000000	000000000000000
245000101	000000938084781	000143797746833	000000000000000	000000000000000
245000102	000000098377830	000100056138349	000000000000000	000000000000000
245000200	-00001354472839	005347950016786	000000000000000	002301812196357
245000201	-00001354472839	005347950016786	000000000000000	002301812196357
245000203	000000000000000	000000000000000	000000000000000	000000000000000
246000000	000093982793010	000000000000000	000000000000000	000048111307541
246000100	000000000000000	000000000000000	000000000000000	000000000000000
246000101	000000000000000	000000000000000	000000000000000	000000000000000
246000102	000000000000000	000000000000000	000000000000000	000000000000000
246000200	000089188524675	000000000000000	000000000000000	000048111307541
246000201	000088799658517	000000000000000	000000000000000	000000394513803
246000202	000000000000000	000000000000000	000000000000000	000000000000000
246000203	000000000000000	000000000000000	000000000000000	000000000000000
246000204	000000000000000	000000000000000	000000000000000	000000000000000
246000205	000000000000000	000000000000000	000000000000000	000000000000000
246000206	000000000000000	000000000000000	000000000000000	000000000000000
246000207	000000388866158	000000000000000	000000000000000	000000000000000
246000208	000000000000000	000000000000000	000000000000000	000047716793738
246000290	000000000000000	000000000000000	000000000000000	000000000000000
246000300	000004794268335	000000000000000	000000000000000	000000000000000
246000301	000000000000000	000000000000000	000000000000000	000000000000000
246000302	000004794268335	000000000000000	000000000000000	000000000000000
246000303	000000000000000	000000000000000	000000000000000	000000000000000
246000304	000000000000000	000000000000000	000000000000000	000000000000000
246000305	000000000000000	000000000000000	000000000000000	000000000000000
246000390	000000000000000	000000000000000	000000000000000	000000000000000
250000000	000036877897012	000020702744117	000000000000000	000004013432808
255000000	-00002658538675	001429143271317	000000000000000	000580140000000
255000100	000000000000000	001429143271317	000000000000000	000000000000000
255000101	000000000000000	000000000000000	000000000000000	000000000000000
255000102	000000000000000	001429143271317	000000000000000	000000000000000
255000200	-00002658538675	000000000000000	000000000000000	000580140000000
255000300	000000000000000	000000000000000	000000000000000	000000000000000
260000000	000261293601406	000000000000000	000000000000000	000000000000000
260000100	000210023372316	000000000000000	000000000000000	000000000000000
260000101	000092898792556	000000000000000	000000000000000	000000000000000
260000102	000000000000000	000000000000000	000000000000000	000000000000000
260000103	000116938339922	000000000000000	000000000000000	000000000000000
260000104	000000186239838	000000000000000	000000000000000	000000000000000
260000105	000000000000000	000000000000000	000000000000000	000000000000000
260000106	000000000000000	000000000000000	000000000000000	000000000000000
260000107	000000000000000	000000000000000	000000000000000	000000000000000
260000109	000000000000000	000000000000000	000000000000000	000000000000000
260000200	000000000000000	000000000000000	000000000000000	000000000000000
260000300	000000000000000	000000000000000	000000000000000	000000000000000
260000400	000017339662724	000000000000000	000000000000000	000000000000000
260000500	000001730794745	000000000000000	000000000000000	000000000000000
260000600	000010378347413	000000000000000	000000000000000	000000000000000
260000900	000021821424208	000000000000000	000000000000000	000000000000000
265000000	000424865375566	000000000000000	000000000000000	000015015791486
265000100	000424865375566	000000000000000	000000000000000	000000000000000
265000101	000424865375566	000000000000000	000000000000000	000000000000000
265000102	000000000000000	000000000000000	000000000000000	000000000000000
265000200	000000000000000	000000000000000	000000000000000	000015015791486
265000300	000000000000000	000000000000000	000000000000000	000000000000000
270000000	001051370336538	000000000000000	000000000000000	000000000000000
271000000	000115842471598	000000000000000	000000000000000	000000000000000
271000100	000001371817529	000000000000000	000000000000000	000000000000000
271000200	000000894560837	000000000000000	000000000000000	000000000000000
271000400	000028369519982	000000000000000	000000000000000	000000000000000
271000500	000067998714051	000000000000000	000000000000000	000000000000000
271000501	000001431724878	000000000000000	000000000000000	000000000000000
271000502	000000000000000	000000000000000	000000000000000	000000000000000
271000503	000006222618284	000000000000000	000000000000000	000000000000000
271000504	000060344370889	000000000000000	000000000000000	000000000000000
271000505	000000000000000	000000000000000	000000000000000	000000000000000
271000600	000016289451230	000000000000000	000000000000000	000000000000000
271000601	000007704159926	000000000000000	000000000000000	000000000000000
271000602	000008585291304	000000000000000	000000000000000	000000000000000
271000700	000000918407969	000000000000000	000000000000000	000000000000000
271000701	000000918407969	000000000000000	000000000000000	000000000000000
271000702	000000000000000	000000000000000	000000000000000	000000000000000
271000703	000000000000000	000000000000000	000000000000000	000000000000000
271000704	000000000000000	000000000000000	000000000000000	000000000000000
271000705	000000000000000	000000000000000	000000000000000	000000000000000
271000800	000000000000000	000000000000000	000000000000000	000000000000000
271000900	000000000000000	000000000000000	000000000000000	000000000000000
272000000	000002075813391	000000000000000	000000000000000	000000000000000
273000000	000000000000000	000000000000000	000000000000000	000000000000000
274000000	000933452051549	000000000000000	000000000000000	000000000000000
274000100	000387328584097	000000000000000	000000000000000	000000000000000
274000200	000330476467452	000000000000000	000000000000000	000000000000000
274000300	000215647000000	000000000000000	000000000000000	000000000000000
275000000	000000000000000	000000000000000	000000000000000	000000000000000
275000100	000000000000000	000000000000000	000000000000000	000000000000000
275000200	000000000000000	000000000000000	000000000000000	000000000000000
275000300	000000000000000	000000000000000	000000000000000	000000000000000
275000400	000000000000000	000000000000000	000000000000000	000000000000000
275000500	000000000000000	000000000000000	000000000000000	000000000000000
275000600	000000000000000	000000000000000	000000000000000	000000000000000
279000000	000000000000000	000000000000000	000000000000000	000000000000000
279000100	000000000000000	000000000000000	000000000000000	000000000000000
279000200	000000000000000	000000000000000	000000000000000	000000000000000
279000300	000000000000000	000000000000000	000000000000000	000000000000000
280000000	000137815259050	000000000000000	000000000000000	000000000000000
285000000	000001132918899	000000000000000	000000000000000	000000000000000
290000000	000608045565646	000000026009301	000000000000000	000044530860978
290000100	000000424156885	000000000000000	000000000000000	000040185918427
290000101	000000424156885	000000000000000	000000000000000	000000000000000
290000102	000000000000000	000000000000000	000000000000000	000000000000000
290000103	000000000000000	000000000000000	000000000000000	000000000000000
290000104	000000000000000	000000000000000	000000000000000	000040185918427
290000200	000086629027751	000000000000000	000000000000000	000000000000000
290000201	000086629027751	000000000000000	000000000000000	000000000000000
290000202	000000000000000	000000000000000	000000000000000	000000000000000
290000203	000000000000000	000000000000000	000000000000000	000000000000000
290000300	000200127085237	000000000000000	000000000000000	000003994131662
290000301	000000339297859	000000000000000	000000000000000	000000000000000
290000302	000002479923828	000000000000000	000000000000000	000000000000000
290000303	000000000000000	000000000000000	000000000000000	000000000000000
290000304	000000000570353	000000000000000	000000000000000	000000000000000
290000305	000001071086451	000000000000000	000000000000000	000000000000000
290000306	000002475818968	000000000000000	000000000000000	000000000000000
290000307	000019405439616	000000000000000	000000000000000	000000000000000
290000308	000009013760657	000000000000000	000000000000000	000000000000000
290000309	000000000000000	000000000000000	000000000000000	000000000000000
290000390	000165341187505	000000000000000	000000000000000	000003994131662
290000400	000000000000000	000000000000000	000000000000000	000000000000000
290000500	000001833639535	000000000000000	000000000000000	000000000000000
290000501	000001833639535	000000000000000	000000000000000	000000000000000
290000502	000000000000000	000000000000000	000000000000000	000000000000000
290000700	000000000000000	000000000000000	000000000000000	000000000000000
290000800	000305417436421	000000000000000	000000000000000	000000000000000
290000801	000000000000000	000000000000000	000000000000000	000000000000000
290000802	000011465660326	000000000000000	000000000000000	000000000000000
290000803	000000842735951	000000000000000	000000000000000	000000000000000
290000809	000293109040144	000000000000000	000000000000000	000000000000000
290000900	000002494393389	000000000000000	000000000000000	000000000000000
290001000	000000000000000	000000026009301	000000000000000	000000000000000
290001100	000007522768628	000000000000000	000000000000000	000000329543579
290001200	000003597057800	000000000000000	000000000000000	000000021267310
295000000	000000000000000	000000000000000	000000000000000	000000000000000
300000000	003534492520801	000677739635174	000000349458055	-00013371437308
310000000	001953062000000	000000000000000	000000000000000	000000000000000
311000000	001953062000000	000000000000000	000000000000000	000000000000000
311000100	001953062000000	000000000000000	000000000000000	000000000000000
311000200	000000000000000	000000000000000	000000000000000	000000000000000
311000300	000000000000000	000000000000000	000000000000000	000000000000000
311000400	000000000000000	000000000000000	000000000000000	000000000000000
311000500	000000000000000	000000000000000	000000000000000	000000000000000
311000600	000000000000000	000000000000000	000000000000000	000000000000000
312000000	000000000000000	000000000000000	000000000000000	000000000000000
313000000	000000000000000	000000000000000	000000000000000	000000000000000
320000000	001848380101653	000000000000000	000000000000000	000000000000000
320000100	-00006441016948	000000000000000	000000000000000	000000000000000
320000200	001854821118601	000000000000000	000000000000000	000000000000000
320000300	000000000000000	000000000000000	000000000000000	000000000000000
320000400	000000000000000	000000000000000	000000000000000	000000000000000
330000000	-00018976616910	000000000000000	000000000000000	000000000000000
331000000	-00006877066921	000000000000000	000000000000000	000000000000000
331000100	-00010053100663	000000000000000	000000000000000	000000000000000
331000200	000003176033742	000000000000000	000000000000000	000000000000000
331000201	000003176033742	000000000000000	000000000000000	000000000000000
331000202	000000000000000	000000000000000	000000000000000	000000000000000
331000203	000000000000000	000000000000000	000000000000000	000000000000000
331000209	000000000000000	000000000000000	000000000000000	000000000000000
331000300	000000000000000	000000000000000	000000000000000	000000000000000
331000400	000000000000000	000000000000000	000000000000000	000000000000000
331000500	000000000000000	000000000000000	000000000000000	000000000000000
331000900	000000000000000	000000000000000	000000000000000	000000000000000
332000000	-00012099549989	000000000000000	000000000000000	000000000000000
332000100	000002918100522	000000000000000	000000000000000	000000000000000
332000200	000000000000000	000000000000000	000000000000000	000000000000000
332000300	000000000000000	000000000000000	000000000000000	000000000000000
332000400	-00015127797823	000000000000000	000000000000000	000000000000000
332000500	000000000000000	000000000000000	000000000000000	000000000000000
332000600	000000110147312	000000000000000	000000000000000	000000000000000
332000700	000000000000000	000000000000000	000000000000000	000000000000000
332000900	000000000000000	000000000000000	000000000000000	000000000000000
340000000	000489800115940	000000000000000	000000000000000	000000000000000
340000100	000000000000000	000000000000000	000000000000000	000000000000000
340000200	000489800115940	000000000000000	000000000000000	000000000000000
350000000	-00327693870927	000677739635174	000000349458055	000001644354178
360000000	-00415105111100	000000000000000	000000000000000	-00015015791486
360000100	-00424865375566	000000000000000	000000000000000	000000000000000
360000101	-00424865375566	000000000000000	000000000000000	000000000000000
360000102	000000000000000	000000000000000	000000000000000	000000000000000
360000200	000009760264466	000000000000000	000000000000000	-00015015791486
360000300	000000000000000	000000000000000	000000000000000	000000000000000
365000000	000000000000000	000000000000000	000000000000000	000000000000000
380000000	003529466618656	000677739635174	000000349458055	-00013371437308
390000000	000005025902145	000000000000000	000000000000000	000000000000000
500000000	011117704980417	024500633847158	000083861806445	003346126490125
505000000	011117704980417	024500633847158	000083861806445	003346126490125
510000000	035027891730745	015740734595770	000000349458055	008068913243066
