999	TOTAL SISTEMA FINANCIERO
100000000	170432689747198	147722441243214	000873928420732	087422632387094
105000000	009501758658465	000000000000000	000000000000000	008203873249569
105000100	003191628296672	000000000000000	000000000000000	001094403301834
105000101	001358590104754	000000000000000	000000000000000	000937601632573
105000102	001829975400923	000000000000000	000000000000000	000119968965120
105000103	000003062790995	000000000000000	000000000000000	000036832704141
105000200	006203501389078	000000000000000	000000000000000	000786002931041
105000201	004103320639078	000000000000000	000000000000000	000410307870509
105000202	001486052250000	000000000000000	000000000000000	000375695060532
105000209	000614128500000	000000000000000	000000000000000	000000000000000
105000300	000000000000000	000000000000000	000000000000000	002961163247450
105000301	000000000000000	000000000000000	000000000000000	001071489666632
105000302	000000000000000	000000000000000	000000000000000	000333982754808
105000309	000000000000000	000000000000000	000000000000000	001555690826010
105000400	000090979983625	000000000000000	000000000000000	000017029082664
105000500	000015648989090	000000000000000	000000000000000	003345274686580
107000000	002614938224118	000000000000000	000000000000000	002902669842115
107000100	000307878263437	000000000000000	000000000000000	000042009378044
107000101	000001700383970	000000000000000	000000000000000	000003909062463
107000102	000292627338590	000000000000000	000000000000000	000030641305431
107000103	000013550540877	000000000000000	000000000000000	000007459010150
107000200	000170487071395	000000000000000	000000000000000	000028508349600
107000201	000000000000000	000000000000000	000000000000000	000000000000000
107000202	000170487071395	000000000000000	000000000000000	000028508349600
107000300	000049961130467	000000000000000	000000000000000	000086582604700
107000400	002086611758819	000000000000000	000000000000000	002745569509771
107000401	000936376817879	000000000000000	000000000000000	000000000000000
107000409	000164737891298	000000000000000	000000000000000	002128802847894
107000411	000941558078743	000000000000000	000000000000000	000022355422403
107000419	000043938970899	000000000000000	000000000000000	000594411239474
110000000	036486576294471	002276610915399	000000000000000	002061112811396
111000100	029644433285078	000166443631625	000000000000000	000660388789775
111000101	003375618328591	000000065597733	000000000000000	000080955523956
111000102	026257041833154	000166378033892	000000000000000	000579404555206
111000103	000008837378062	000000000000000	000000000000000	000000021197556
111000104	000002935745269	000000000000000	000000000000000	000000007513057
111000105	000000000000002	000000000000000	000000000000000	000000000000000
111000109	000000000000000	000000000000000	000000000000000	000000000000000
112000000	005758007942988	002110167283774	000000000000000	001333667079089
112000100	004031462374543	001603298022964	000000000000000	000004550582238
112000101	001682492677689	000000926192815	000000000000000	000000000000000
112000102	002342886200929	001602371830149	000000000000000	000004550582238
112000109	000006083495925	000000000000000	000000000000000	000000000000000
112000200	001726545568445	000506869260810	000000000000000	000007294675966
112000201	001588287736956	000491369584009	000000000000000	000007294675966
112000202	000000254836506	000015499676801	000000000000000	000000000000000
112000209	000138002994983	000000000000000	000000000000000	000000000000000
112000300	000000000000000	000000000000000	000000000000000	001321821820885
112000301	000000000000000	000000000000000	000000000000000	000000000000000
112000302	000000000000000	000000000000000	000000000000000	001310069833026
112000303	000000000000000	000000000000000	000000000000000	000011751987859
112000304	000000000000000	000000000000000	000000000000000	000000000000000
112000309	000000000000000	000000000000000	000000000000000	000000000000000
113000000	001084135066405	000000000000000	000000000000000	000067056942532
113000100	001030134495046	000000000000000	000000000000000	000066996841051
113000101	000659340407714	000000000000000	000000000000000	000017675567532
113000102	000370794087332	000000000000000	000000000000000	000049321273519
113000200	000050687607782	000000000000000	000000000000000	000000002419079
113000201	000046769275405	000000000000000	000000000000000	000000002419079
113000202	000003918332377	000000000000000	000000000000000	000000000000000
113000300	000000000000000	000000000000000	000000000000000	000000000000000
113000301	000000000000000	000000000000000	000000000000000	000000000000000
113000302	000000000000000	000000000000000	000000000000000	000000000000000
113000303	000000000000000	000000000000000	000000000000000	000000000000000
113000304	000000000000000	000000000000000	000000000000000	000000000000000
113000400	000003312963577	000000000000000	000000000000000	000000057682402
115000000	000000573878867	000000000000000	000000000000000	000073354016252
115250000	000000573878867	000000000000000	000000000000000	000003417343705
115250100	000000000000000	000000000000000	000000000000000	000000000000000
115250101	000000000000000	000000000000000	000000000000000	000000000000000
115250102	000000000000000	000000000000000	000000000000000	000000000000000
115250109	000000000000000	000000000000000	000000000000000	000000000000000
115250200	000000000000000	000000000000000	000000000000000	000000000000000
115250201	000000000000000	000000000000000	000000000000000	000000000000000
115250202	000000000000000	000000000000000	000000000000000	000000000000000
115250209	000000000000000	000000000000000	000000000000000	000000000000000
115250300	000000573878867	000000000000000	000000000000000	000003417343705
115250301	000000000000000	000000000000000	000000000000000	000000000000000
115250302	000000000000000	000000000000000	000000000000000	000000000000000
115250303	000000573878867	000000000000000	000000000000000	000000000000000
115250304	000000000000000	000000000000000	000000000000000	000003417343705
115250309	000000000000000	000000000000000	000000000000000	000000000000000
115500000	000000000000000	000000000000000	000000000000000	000069936672547
115500100	000000000000000	000000000000000	000000000000000	000000000000000
115500101	000000000000000	000000000000000	000000000000000	000000000000000
115500102	000000000000000	000000000000000	000000000000000	000000000000000
115500300	000000000000000	000000000000000	000000000000000	000069936672547
115500301	000000000000000	000000000000000	000000000000000	000000000000000
115500302	000000000000000	000000000000000	000000000000000	000069936672547
115500303	000000000000000	000000000000000	000000000000000	000000000000000
115500304	000000000000000	000000000000000	000000000000000	000000000000000
115500400	000000000000000	000000000000000	000000000000000	000000000000000
118000000	000000000000000	000000000000000	000000000000000	000000000000000
118250000	000000000000000	000000000000000	000000000000000	000000000000000
118250100	000000000000000	000000000000000	000000000000000	000000000000000
118250101	000000000000000	000000000000000	000000000000000	000000000000000
118250102	000000000000000	000000000000000	000000000000000	000000000000000
118250109	000000000000000	000000000000000	000000000000000	000000000000000
118250200	000000000000000	000000000000000	000000000000000	000000000000000
118250201	000000000000000	000000000000000	000000000000000	000000000000000
118250202	000000000000000	000000000000000	000000000000000	000000000000000
118250209	000000000000000	000000000000000	000000000000000	000000000000000
118250300	000000000000000	000000000000000	000000000000000	000000000000000
118250301	000000000000000	000000000000000	000000000000000	000000000000000
118250302	000000000000000	000000000000000	000000000000000	000000000000000
118250303	000000000000000	000000000000000	000000000000000	000000000000000
118250304	000000000000000	000000000000000	000000000000000	000000000000000
118250309	000000000000000	000000000000000	000000000000000	000000000000000
118500000	000000000000000	000000000000000	000000000000000	000000000000000
118500300	000000000000000	000000000000000	000000000000000	000000000000000
118500301	000000000000000	000000000000000	000000000000000	000000000000000
118500302	000000000000000	000000000000000	000000000000000	000000000000000
118500303	000000000000000	000000000000000	000000000000000	000000000000000
118500304	000000000000000	000000000000000	000000000000000	000000000000000
118500400	000000000000000	000000000000000	000000000000000	000000000000000
120000000	022570790387224	005438961639389	000000000000000	007506833210214
122000000	022503404621492	005309879083509	000000000000000	007469221448392
122000100	017786417437616	003964226244794	000000000000000	000644047872109
122000101	006267333629958	000000573213110	000000000000000	000000000000000
122000102	011519083807658	003951166108231	000000000000000	000603374843094
122000109	000000000000000	000012486923453	000000000000000	000040673029015
122000200	004717170157186	001345652838715	000000000000000	000055652004584
122000201	004563412311285	000686612649901	000000000000000	000003408132778
122000202	000153757845901	000659040188814	000000000000000	000031083480198
122000209	000000000000000	000000000000000	000000000000000	000021160391608
122000300	-00000182973310	000000000000000	000000000000000	006769521571699
122000301	000000000000000	000000000000000	000000000000000	000141415092189
122000302	000000000000000	000000000000000	000000000000000	005530500146514
122000303	-00000182973310	000000000000000	000000000000000	000347356329024
122000304	000000000000000	000000000000000	000000000000000	000097627257944
122000309	000000000000000	000000000000000	000000000000000	000652622746028
123000000	000067385765732	000129082555880	000000000000000	000037611761822
123000300	000055847797249	000129082555880	000000000000000	000037611761822
123000301	000000000000000	000000000000000	000000000000000	000000000000000
123000302	000055847797249	000005262343328	000000000000000	000037611761822
123000303	000000000000000	000123820212552	000000000000000	000000000000000
123000304	000000000000000	000000000000000	000000000000000	000000000000000
123000400	000011537968483	000000000000000	000000000000000	000000000000000
130000000	001554737558008	000043216463230	000000000000000	000115888788573
130000100	001554737558008	000043216463230	000000000000000	000115888788573
130000101	000016446123914	000001589480412	000000000000000	000005972959483
130000102	001538291434094	000041626982818	000000000000000	000109915829090
130000103	000000000000000	000000000000000	000000000000000	000000000000000
130000104	000000000000000	000000000000000	000000000000000	000000000000000
130000105	000000000000000	000000000000000	000000000000000	000000000000000
130000190	000000000000000	000000000000000	000000000000000	000000000000000
140000000	084581568499637	139676432605262	000776106805667	059392729394904
141000000	002211734112454	000000000000000	000000000000000	000543317052733
141000100	001282113406371	000000000000000	000000000000000	000000000000000
141000101	001282113406371	000000000000000	000000000000000	000000000000000
141000102	000000000000000	000000000000000	000000000000000	000000000000000
141000103	000000000000000	000000000000000	000000000000000	000000000000000
141000200	000006189033944	000000000000000	000000000000000	000454831473479
141000201	000000000000000	000000000000000	000000000000000	000454831473479
141000202	000000000000000	000000000000000	000000000000000	000000000000000
141000203	000006189033944	000000000000000	000000000000000	000000000000000
141000300	000923481280264	000000000000000	000000000000000	000052999843303
141000301	000923481280264	000000000000000	000000000000000	000052999843303
141000302	000000000000000	000000000000000	000000000000000	000000000000000
141000400	000000000000000	000000000000000	000000000000000	000035566861285
141000401	000000000000000	000000000000000	000000000000000	000035566861285
141000402	000000000000000	000000000000000	000000000000000	000000000000000
141000900	-00000049608125	000000000000000	000000000000000	-00000081125334
141000901	-00000049608125	000000000000000	000000000000000	-00000081125334
141000902	000000000000000	000000000000000	000000000000000	000000000000000
141000903	000000000000000	000000000000000	000000000000000	000000000000000
141500000	005542499226552	002692510301813	000000000000000	003565614145486
141500100	004825532964753	002612134395465	000000000000000	000090293791187
141500101	000000000000000	000000000000000	000000000000000	000000000000000
141500102	004825532964753	002612134395465	000000000000000	000032192267101
141500109	000000000000000	000000000000000	000000000000000	000058101524086
141500200	000723582057179	000081171742155	000000000000000	000000000000000
141500201	000593653249969	000032374697760	000000000000000	000000000000000
141500202	000083521158185	000048797044395	000000000000000	000000000000000
141500209	000046407649025	000000000000000	000000000000000	000000000000000
141500300	000000000000000	000000000000000	000000000000000	003492198446333
141500301	000000000000000	000000000000000	000000000000000	000000000000000
141500302	000000000000000	000000000000000	000000000000000	002726516678283
141500303	000000000000000	000000000000000	000000000000000	000078184669932
141500304	000000000000000	000000000000000	000000000000000	000021721633610
141500309	000000000000000	000000000000000	000000000000000	000665775464508
141500900	-00006615795380	-00000795835807	000000000000000	-00016878092034
141500901	-00004590613144	-00000795835807	000000000000000	-00011862487266
141500902	-00002025182236	000000000000000	000000000000000	000000000000000
141500903	000000000000000	000000000000000	000000000000000	-00005015604768
143000000	002500462743907	000000000000000	000000000000000	002405893411391
143100100	000700197916664	000000000000000	000000000000000	000053623520797
143100101	000700197916664	000000000000000	000000000000000	000000000000000
143100102	000000000000000	000000000000000	000000000000000	000053623520797
143100103	000000000000000	000000000000000	000000000000000	000000000000000
143100104	000000000000000	000000000000000	000000000000000	000000000000000
143100105	000000000000000	000000000000000	000000000000000	000000000000000
143100106	000000000000000	000000000000000	000000000000000	000000000000000
143100107	000000000000000	000000000000000	000000000000000	000000000000000
143100190	000000000000000	000000000000000	000000000000000	000000000000000
143150100	-00000321842723	000000000000000	000000000000000	-00000055268242
143150101	-00000321842723	000000000000000	000000000000000	-00000055268242
143150102	000000000000000	000000000000000	000000000000000	000000000000000
143150103	000000000000000	000000000000000	000000000000000	000000000000000
143200100	000000000000000	000000000000000	000000000000000	002355018780268
143200101	000000000000000	000000000000000	000000000000000	000358927865295
143200102	000000000000000	000000000000000	000000000000000	000828751592107
143200103	000000000000000	000000000000000	000000000000000	000000000000000
143200104	000000000000000	000000000000000	000000000000000	000459017359682
143200105	000000000000000	000000000000000	000000000000000	000000000000000
143200106	000000000000000	000000000000000	000000000000000	000708321963184
143200107	000000000000000	000000000000000	000000000000000	000000000000000
143200108	000000000000000	000000000000000	000000000000000	000000000000000
143200190	000000000000000	000000000000000	000000000000000	000000000000000
143250100	-00001869428637	000000000000000	000000000000000	-00002693621432
143250101	-00001869428637	000000000000000	000000000000000	-00002693621432
143250102	000000000000000	000000000000000	000000000000000	000000000000000
143250103	000000000000000	000000000000000	000000000000000	000000000000000
143300100	001802456098603	000000000000000	000000000000000	000000000000000
143300101	000002006098603	000000000000000	000000000000000	000000000000000
143300102	001800450000000	000000000000000	000000000000000	000000000000000
143300103	000000000000000	000000000000000	000000000000000	000000000000000
143400100	000000000000000	000000000000000	000000000000000	000000000000000
143400101	000000000000000	000000000000000	000000000000000	000000000000000
143400102	000000000000000	000000000000000	000000000000000	000000000000000
143400103	000000000000000	000000000000000	000000000000000	000000000000000
144000000	074326872416724	136983922303449	000776106805667	052877904785294
145000000	049998251311800	048959027485815	000778685863619	048128608722399
145400100	041226551621271	041843479560164	000041862196596	034592990926421
145400101	041119161743637	034647910922118	000041862196596	012290035130502
145400102	000000000000000	000000000000000	000000000000000	013594808471924
145400103	000000000000000	000658507626777	000000000000000	000000000000000
145400104	000000001087414	000098949505045	000000000000000	000000000000000
145400105	000000013876071	000398976360448	000000000000000	008708147323995
145400106	000107374914149	006039135145776	000000000000000	000000000000000
145400200	000674358515241	000067173958262	000000569689780	011488888011782
145400201	000000000000000	000000000000000	000000000000000	000000449497552
145400202	000458265660014	000066826527908	000000000000000	006786494782882
145400203	000034087438160	000000000000000	000000464909299	001157120925364
145400204	000182005417067	000000347430354	000000104207244	002940343651285
145400205	000000000000000	000000000000000	000000000573237	000083957722980
145400290	000000000000000	000000000000000	000000000000000	000520521431719
145400300	000885212335632	000000000000000	000000000000000	000034712933257
145400400	000407835105599	000000000000000	000000000000000	000044878867924
145400401	000277918798345	000000000000000	000000000000000	000043494366725
145400402	000129916307254	000000000000000	000000000000000	000001384501199
145400500	002727170297363	000119047499389	000000022464473	001184123160614
145400501	001318903945757	000005394280611	000000000000000	000173869054878
145400502	001408266351606	000113653218778	000000022464473	001010254105736
145400600	003979247968891	003942565512235	000735751963082	000775922215633
145400601	000659129252548	003164730363310	000172864729628	000214914008697
145400602	003320118716343	000777835148925	000562887233454	000561008206936
145400700	000000158907298	002957138925202	000000000000000	000000000000000
145400701	000000128893055	002835689746343	000000000000000	000000000000000
145400702	000000020864176	000031824248761	000000000000000	000000000000000
145400703	000000009150067	000089624930098	000000000000000	000000000000000
145400900	000097716560505	000029622030563	000000479549688	000007092606768
145400901	000000000000000	000000000000000	000000000000000	000000000000000
145400902	000018489149269	000015428816958	000000000000000	000000096257809
145400990	000079227411236	000014193213605	000000479549688	000006996348959
146000000	000059151494833	087979281786958	000000000000000	004850087322231
146000100	000000013477122	000249516164189	000000000000000	000000000000000
146000200	000000023761266	002989197626226	000000000000000	004109555067152
146000300	000000101095768	000079954340076	000000000000000	000000000000000
146000400	000055619275378	084076193038211	000000000000000	000432823362852
146000401	000002370276939	043225136023675	000000000000000	000000000000000
146000402	000053248998439	040851057014536	000000000000000	000432823362852
146000500	000000000000000	000052490547173	000000000000000	000307708892227
146000900	000003393885299	000531930071083	000000000000000	000000000000000
146000901	000001092749619	000436160500443	000000000000000	000000000000000
146000902	000000001827065	000005626136688	000000000000000	000000000000000
146000903	000000000000000	000000000000000	000000000000000	000000000000000
146000909	000002299308615	000090143433952	000000000000000	000000000000000
148000000	030089146853148	000046124967332	000000000000000	001100605170999
148000100	016260351841700	000045990190436	000000000000000	000565244978208
148000200	000997153317533	000000000000000	000000000000000	000001151024241
148000300	012823838995325	000000000000000	000000000000000	000426763887219
148000301	009045640346186	000000000000000	000000000000000	000411851513466
148000302	003778198649139	000000000000000	000000000000000	000014912373753
148000400	000004290895846	000000134776896	000000000000000	000000275472130
148000900	000003511802744	000000000000000	000000000000000	000107169809201
148000901	000000412226240	000000000000000	000000000000000	000098983091867
148000902	000003099576504	000000000000000	000000000000000	000008186717334
149000000	-05819677243057	-00000511936656	-00002579057952	-01201396430335
149500100	-02763912330295	-00000048510886	-00002579057952	-01066544644087
149500101	-00583546314844	-00000047128236	-00001247520437	-00480968480006
149500102	-00160277819396	000000000000000	-00001101130126	-00133113511586
149500103	-00903145191496	000000000000000	-00000224240136	-00409306422506
149500104	-00311007421664	-00000000116528	-00000006167253	-00019249563136
149500105	-00790189039546	-00000001266122	000000000000000	-00023906666853
149500109	-00015746543349	000000000000000	000000000000000	000000000000000
149600100	-00542742402840	-00000463425770	000000000000000	-00062753970367
149600101	-00136940213421	-00000134676312	000000000000000	-00054249765442
149600102	-00405802189419	-00000328749458	000000000000000	-00008504204925
149700100	-02513022509922	000000000000000	000000000000000	-00072097815881
149700101	-01389128510422	000000000000000	000000000000000	-00037963489760
149700102	-01123893999500	000000000000000	000000000000000	-00034134326121
150000000	000294105640957	000000000000000	000000000000000	000203459097723
150000100	000000000000000	000000000000000	000000000000000	000000000000000
150000200	000000000000000	000000000000000	000000000000000	000000000000000
150000201	000000000000000	000000000000000	000000000000000	000000000000000
150000202	000000000000000	000000000000000	000000000000000	000000000000000
150000300	000215347712386	000000000000000	000000000000000	000000000000000
150000400	000000000000000	000000000000000	000000000000000	000000000000000
150000500	000018994110396	000000000000000	000000000000000	000000000000000
150000600	000000000000000	000000000000000	000000000000000	000001444126203
150000700	000052042987062	000000000000000	000000000000000	000000000000000
150000800	000007720831113	000000000000000	000000000000000	000202014971520
160000000	001662716234909	000000000000000	000033672729377	000224572999627
160000100	000504367659430	000000000000000	000015521814058	000154192211610
160000200	000067460723660	000000000000000	000018150915319	000004540175445
160000201	000059761522747	000000000000000	000000000000000	000000000000000
160000202	000138425434255	000000000000000	000000000000000	000000000000000
160000203	000111635885343	000000000000000	000054656250000	000060237545000
160000204	000056155418102	000000000000000	000017379000000	000000000000000
160000205	000002538440057	000000000000000	000000000000000	000000000000000
160000206	000008507939406	000000000000000	000000000000000	000000000000000
160000207	000000000000000	000000000000000	000000000000000	000000000000000
160000208	000000000000000	000000000000000	000000000000000	000001764965427
160000209	000007294370354	000000000000000	000003871655000	000002780640000
160000219	-00316858286604	000000000000000	-00057755989681	-00060242974982
160000300	001090887851819	000000000000000	000000000000000	000065840612572
160000301	001068518823761	000000000000000	000000000000000	000080771447730
160000302	001964934059454	000000000000000	000000000000000	000114352223583
160000303	000000000000000	000000000000000	000000000000000	000000000000000
160000309	000016906518570	000000000000000	000000000000000	000000000000000
160000319	-01959471549966	000000000000000	000000000000000	-00129283058741
170000000	001102108366582	000000000000000	000000000000000	000073538410336
170000100	000645720857444	000000000000000	000000000000000	000056146202794
170000101	000886712474994	000000000000000	000000000000000	000039534274982
170000102	000173574314905	000000000000000	000000000000000	000026578346025
170000119	-00414565932455	000000000000000	000000000000000	-00009966418213
170000200	000456387509138	000000000000000	000000000000000	000017392207542
170000201	001370531984639	000000000000000	000000000000000	000081529566472
170000209	000624354973386	000000000000000	000000000000000	000011965080266
170000219	-01538499448887	000000000000000	000000000000000	-00076102439196
175000000	000571342435210	000163102330010	000000000000000	000058594514798
175000100	000475672844667	000112078038945	000000000000000	000048613884207
175000101	000877068368174	000291274662195	000000000000000	000136028626525
175000102	000000869900133	000000000000000	000000000000000	000000000000000
175000119	-00402265423640	-00179196623250	000000000000000	-00087414742318
175000200	000095481289495	000051024291065	000000000000000	000009980630591
175000201	000299408035221	000144895994770	000000000000000	000039666944076
175000219	-00203926745726	-00093871703705	000000000000000	-00029686313485
175000300	000000127187695	000000000000000	000000000000000	000000000000000
175000301	000000204017334	000000000000000	000000000000000	000000000000000
175000309	000000000000000	000000000000000	000000000000000	000000000000000
175000319	-00000076829639	000000000000000	000000000000000	000000000000000
175000400	000000061113353	000000000000000	000000000000000	000000000000000
175000401	000000000000000	000000000000000	000000000000000	000000000000000
175000409	000001297454171	000000000000000	000000000000000	000000000000000
175000419	-00001236340818	000000000000000	000000000000000	000000000000000
180000000	000142884506189	000005593742946	000000000000000	000127168314303
185000000	004325005977749	000000000000000	000000000000000	000330975118309
190000000	004802768714896	000118523546978	000064148885688	006133663072289
190000100	000429449073041	000087484259857	000015342708600	000018104047954
190000101	000429320305765	000086723176926	000010533290393	000014076352990
190000102	000000000000000	000000000000000	000000000000000	000001166633862
190000103	000000128767276	000000761082931	000004809418207	000002861061102
190000200	000416464243909	000000000000000	000000000000000	005060762294693
190000201	000162718471162	000000000000000	000000000000000	000009956041320
190000202	000000000000000	000000000000000	000000000000000	000635495432914
190000203	000251305729834	000000000000000	000000000000000	000707001402335
190000204	000002440042913	000000000000000	000000000000000	003708309418124
190000300	001266376271971	000000000000000	000000000000000	000059715274155
190000301	001014129693047	000000000000000	000000000000000	000059715274155
190000302	000250374462664	000000000000000	000000000000000	000000000000000
190000303	000001872116260	000000000000000	000000000000000	000000000000000
190000400	000000000000000	000000000000000	000000000000000	000000000000000
190000401	000000000000000	000000000000000	000000000000000	000000000000000
190000402	000000000000000	000000000000000	000000000000000	000000000000000
190000500	001169640564354	000011298249838	000002786968806	000197431895156
190000501	000006814838273	000000000000000	000000000000000	000000000000000
190000502	000000000000000	000000000000000	000000000000000	000000887409378
190000503	000456465939386	000003638800367	000000000000000	000011007607570
190000504	000018898539844	000004997137662	000000000000000	000000000000000
190000505	000024195685571	000000517870315	000000000000000	000009453054649
190000509	000663265561280	000002144441494	000002786968806	000176083823559
190000600	000000053056000	000000000000000	000000000000000	000000000000000
190000700	000011168098411	000000000000000	000000000000000	000002094807530
190000701	000017628656634	000000000000000	000000000000000	000004910863169
190000702	-00006460558223	000000000000000	000000000000000	-00002816055639
190000800	000079082725250	000000000000000	000000000000000	000000145545910
190000900	000339879547438	000000006845799	000000000000000	000041183508400
190001000	000206580385662	000000000000000	000000000000000	000000000000000
190001100	000000949106645	000000000000000	000000000000000	000438990121455
190001200	000066638839869	000000000000000	000000106098180	000000877348916
190001300	000001389726510	000000000000000	000000000000000	000015071358489
190001400	000105268115098	000004160282235	000000000000000	000063693323000
190001500	000436031672252	000000029366102	000000038458730	000043529300862
190002900	000281174548822	000015544543147	000045874651372	000192064245769
192500100	-00007377260336	000000000000000	000000000000000	000000000000000
192500101	-00004152178519	000000000000000	000000000000000	000000000000000
192500102	-00000097775120	000000000000000	000000000000000	000000000000000
192500103	-00003127306697	000000000000000	000000000000000	000000000000000
195000000	000220814369916	000000000000000	000000000000000	000014199546686
195000100	000151900031357	000000000000000	000000000000000	000005290653418
195000101	000039013517426	000000000000000	000000000000000	000025091964893
195000102	000122696783696	000000000000000	000000000000000	000000000000000
195000103	-00009810269765	000000000000000	000000000000000	-00019801311475
195000200	000068914338559	000000000000000	000000000000000	000008908893268
195000201	000000000000000	000000000000000	000000000000000	000000000000000
195000202	000000000000000	000000000000000	000000000000000	000000000000000
195000203	000002197343007	000000000000000	000000000000000	000000130560301
195000204	000065006586215	000000000000000	000000000000000	000007740504297
195000219	000001710409337	000000000000000	000000000000000	000001037828670
195000300	000000000000000	000000000000000	000000000000000	000000000000000
200000000	193654998286001	070463547556590	000111577598210	106175661160884
207000000	002525674944353	000000000000000	000000000000000	002764860233773
207000100	000000456096975	000000000000000	000000000000000	000000000000000
207000101	000000000000000	000000000000000	000000000000000	000000000000000
207000102	000000456096975	000000000000000	000000000000000	000000000000000
207000200	000209734217694	000000000000000	000000000000000	000051304737100
207000300	002315484629684	000000000000000	000000000000000	002713555496673
207000301	001063831215977	000000000000000	000000000000000	000070535949970
207000309	000256167504145	000000000000000	000000000000000	002150499605953
207000311	000871205348989	000000000000000	000000000000000	000028713420359
207000319	000124280560573	000000000000000	000000000000000	000463806520391
210000000	028054981254403	000162803618497	000000000000000	000609210233868
211000100	028053230192401	000162803618497	000000000000000	000608921567725
211000101	003463949217092	000000021682968	000000000000000	000057742846271
211000102	024579317991544	000162781935529	000000000000000	000550687372466
211000103	000006398133634	000000000000000	000000000000000	000000000940321
211000104	000003359145420	000000000000000	000000000000000	000000490408667
211000105	000000205704711	000000000000000	000000000000000	000000000000000
211000190	000000000000000	000000000000000	000000000000000	000000000000000
213000100	000001751062002	000000000000000	000000000000000	000000288666143
213000101	000000000000000	000000000000000	000000000000000	000000000000000
213000102	000000000000000	000000000000000	000000000000000	000000000000000
213000103	000000000000000	000000000000000	000000000000000	000000000000000
213000109	000001751062002	000000000000000	000000000000000	000000288666143
218000000	000000000000000	000000000000000	000000000000000	000394851797099
218000001	000000000000000	000000000000000	000000000000000	000000000000000
218000002	000000000000000	000000000000000	000000000000000	000000000000000
218000003	000000000000000	000000000000000	000000000000000	000000000000000
218000009	000000000000000	000000000000000	000000000000000	000394851797099
230000000	003430240624266	000857456190621	000000000000000	000066495818442
230000100	003430240624266	000857456190621	000000000000000	000066495818442
230000101	000048186679839	000002917072841	000000000000000	000031417798606
230000102	003382053944427	000854539117780	000000000000000	000035078019836
230000103	000000000000000	000000000000000	000000000000000	000000000000000
230000104	000000000000000	000000000000000	000000000000000	000000000000000
230000105	000000000000000	000000000000000	000000000000000	000000000000000
230000190	000000000000000	000000000000000	000000000000000	000000000000000
240000000	149650582388629	058279354116576	000097354101721	094243214145365
241000000	059261782627727	001303697218491	000000043543587	027909026614904
241000100	044417268871833	000000000000000	000000000000000	023687755818996
241000101	000034631217118	000000000000000	000000000000000	000003756790252
241000102	000062915411611	000000000000000	000000000000000	000055106923925
241000103	029660417432640	000000000000000	000000000000000	021454300684145
241000104	014659304810464	000000000000000	000000000000000	002174591420674
241000200	007970573372206	000000000000000	000000000000000	001318166413845
241000201	000470034006971	000000000000000	000000000000000	000000000000000
241000202	007500539365235	000000000000000	000000000000000	001318166413845
241000300	002016531158973	000000000000000	000000000000000	000006334383159
241000301	002016531158973	000000000000000	000000000000000	000006334383159
241000400	000053319592330	000000000000000	000000000000000	000000000000000
241000401	000053319592330	000000000000000	000000000000000	000000000000000
241000402	000000000000000	000000000000000	000000000000000	000000000000000
241000500	004804089632385	001303697218491	000000043543587	002896769998904
241000501	000119300110079	000000000000000	000000000000000	000000000000000
241000502	000001040762342	000074706577808	000000000000000	000000015972083
241000503	000009079599674	000000000000000	000000000000000	000000000000000
241000504	000555200591954	000000014971397	000000000000000	000000882002622
241000505	000293976980469	000394440742054	000000043543587	000055203629588
241000506	000888937031012	000005749867786	000000000000000	000009296763235
241000507	000001073884188	000000054375329	000000000000000	000099646453962
241000508	000037847999465	000000000000000	000000000000000	000001757310527
241000509	000440232456768	000020105456610	000000000000000	000026048049149
241000510	000170719135211	000000000000000	000000000000000	000013905220336
241000511	000168842877614	000000738254351	000000000000000	000025577321397
241000512	000000000000000	000000000000000	000000000000000	000000000000000
241000513	000000273221465	000000000000000	000000000000000	000000000000000
241000590	002117564982144	000807886973156	000000000000000	002664437276005
242000000	078207564342308	012924185216663	000000001500867	031424267387271
242000100	073485785631352	004848292783019	000000001500867	030587579518674
242000200	003608795265685	007813656491967	000000000000000	000181063192771
242000201	002569782438200	006796540974515	000000000000000	000015209565764
242000202	001039012827485	001017115517452	000000000000000	000165853627007
242000300	001112983445271	000262235941677	000000000000000	000655624675826
242000301	000008861666476	000020682346992	000000000000000	000016021122061
242000302	000000000000000	000000000000000	000000000000000	000306750936000
242000390	001104121778795	000241553594685	000000000000000	000332852617765
243000000	005948917356446	000000182636664	000000000000000	002459717400284
243000100	002073703664974	000000182636664	000000000000000	000000000000000
243000101	000933166160497	000000182636664	000000000000000	000000000000000
243000102	001140537504477	000000000000000	000000000000000	000000000000000
243000103	000000000000000	000000000000000	000000000000000	000000000000000
243000200	000364213519308	000000000000000	000000000000000	001294894174205
243000201	000364213519308	000000000000000	000000000000000	000823361829045
243000202	000000000000000	000000000000000	000000000000000	000471532345160
243000203	000000000000000	000000000000000	000000000000000	000000000000000
243000300	003508140672687	000000000000000	000000000000000	001113377250686
243000301	003508140672687	000000000000000	000000000000000	001113377250686
243000302	000000000000000	000000000000000	000000000000000	000000000000000
243000400	000002859499477	000000000000000	000000000000000	000051445975393
243000401	000002859499477	000000000000000	000000000000000	000051445975393
243000402	000000000000000	000000000000000	000000000000000	000000000000000
244000000	001429651981663	000009658217432	000000418672031	015749350454009
244250000	001279619554505	000009658217432	000000000000000	000057546016379
244250100	000000000000000	000000000000000	000000000000000	000019335580981
244250101	000000000000000	000000000000000	000000000000000	000000000000000
244250102	000000000000000	000000000000000	000000000000000	000019335580981
244250103	000000000000000	000000000000000	000000000000000	000000000000000
244250200	001279619554505	000009658217432	000000000000000	000038210435398
244250201	000150039583334	000000000000000	000000000000000	000000000000000
244250202	000885034286342	000009658217432	000000000000000	000034204412835
244250203	000000397912382	000000000000000	000000000000000	000000000000098
244250204	000000000000000	000000000000000	000000000000000	000000000000000
244250209	000244147772447	000000000000000	000000000000000	000004006022465
244500000	000000800451572	000000000000000	000000418672031	015691804437620
244500100	000000000000000	000000000000000	000000418672031	007564105930536
244500101	000000000000000	000000000000000	000000418672031	006424440625327
244500102	000000000000000	000000000000000	000000000000000	000777146214705
244500103	000000000000000	000000000000000	000000000000000	000362519090504
244500200	000000800451572	000000000000000	000000000000000	008127698507084
244500201	000002751809582	000000000000000	000000000000000	001590455883471
244500202	000000025597950	000000000000000	000000000000000	004975879305530
244500203	000000000000000	000000000000000	000000000000000	000070615973259
244500204	000000000000000	000000000000000	000000000000000	000072508486150
244500209	-00001976955960	000000000000000	000000000000000	001418238858674
244700000	000149231975586	000000000000000	000000000000000	000000000000010
244700100	000149231975586	000000000000000	000000000000000	000000000000010
244700200	000000000000000	000000000000000	000000000000000	000000000000000
244900000	000000000000000	000000000000000	000000000000000	000000000000000
244900100	000000000000000	000000000000000	000000000000000	000000000000000
244900200	000000000000000	000000000000000	000000000000000	000000000000000
245000000	003707990956637	043862902249948	000000000000000	012440113090557
245000100	000001036462611	000373704902798	000000000000000	000000000000000
245000101	000000938084781	000268652582928	000000000000000	000000000000000
245000102	000000098377830	000105052319870	000000000000000	000000000000000
245000200	003706954494026	043489197347150	000000000000000	012440113090557
245000201	003706954494026	043432739908351	000000000000000	012440113090557
245000203	000000000000000	000056457438799	000000000000000	000000000000000
246000000	001094675123848	000178728577378	000096890385236	004260739198340
246000100	000003402344547	000004491049431	000096890385236	000000000000000
246000101	000003402344547	000004491049431	000096890385236	000000000000000
246000102	000000000000000	000000000000000	000000000000000	000000000000000
246000200	001086478510966	000174237527947	000000000000000	000176361212648
246000201	000120026043572	000000000000000	000000000000000	000000394513803
246000202	000000000000000	000000000000000	000000000000000	000000000000000
246000203	000000000000000	000000000000000	000000000000000	000000000000000
246000204	000964438052061	000000000000000	000000000000000	000001930730702
246000205	000000000157961	000000000000000	000000000000000	000000000000000
246000206	000000000000000	000000000000000	000000000000000	000000000000000
246000207	000000388870460	000000000000000	000000000000000	000000000000000
246000208	000000000000000	000000000000000	000000000000000	000174035968143
246000290	000001625386912	000174237527947	000000000000000	000000000000000
246000300	000004794268335	000000000000000	000000000000000	004084377985692
246000301	000000000000000	000000000000000	000000000000000	000000000000000
246000302	000004794268335	000000000000000	000000000000000	000001566594833
246000303	000000000000000	000000000000000	000000000000000	000000000000000
246000304	000000000000000	000000000000000	000000000000000	000057217427329
246000305	000000000000000	000000000000000	000000000000000	003150524737849
246000390	000000000000000	000000000000000	000000000000000	000875069225681
250000000	000145170823934	000480183059838	000000216492226	000054512988454
255000000	-00004786620440	009822200215501	000000000000000	003440428691842
255000100	000000077006240	009743260333623	000000000000000	000227071566428
255000101	000000000000000	000000000000000	000000000000000	000000000000000
255000102	000000077006240	009743260333623	000000000000000	000227071566428
255000200	-00004863626680	000078939881878	000000000000000	003213357125414
255000300	000000000000000	000000000000000	000000000000000	000000000000000
260000000	000904447459590	000000000000000	000000000000000	000142074765551
260000100	000649332313756	000000000000000	000000000000000	000137073353173
260000101	000477862507744	000000000000000	000000000000000	000070354681188
260000102	000000141263254	000000000000000	000000000000000	000000000000000
260000103	000125504090155	000000000000000	000000000000000	000008910147410
260000104	000017355197313	000000000000000	000000000000000	000002586094962
260000105	000008323572032	000000000000000	000000000000000	000005927370426
260000106	000000000000000	000000000000000	000000000000000	000000000000000
260000107	000000000000000	000000000000000	000000000000000	000028556192953
260000109	000020145683258	000000000000000	000000000000000	000020738866234
260000200	000000000000000	000000000000000	000000000000000	000000000000000
260000300	000002470995174	000000000000000	000000000000000	000000000000000
260000400	000046930030738	000000000000000	000000000000000	000000563640368
260000500	000071672954660	000000000000000	000000000000000	000001142745026
260000600	000037095287355	000000000000000	000000000000000	000002100423926
260000900	000096945877907	000000000000000	000000000000000	000001194603058
265000000	001799946416364	000001690531253	000000000000000	000061547151277
265000100	001799946416364	000000000000000	000000000000000	000000000000000
265000101	001799946416364	000000000000000	000000000000000	000000000000000
265000102	000000000000000	000000000000000	000000000000000	000000000000000
265000200	000000000000000	000001690531253	000000000000000	000061547151277
265000300	000000000000000	000000000000000	000000000000000	000000000000000
270000000	002688053757767	000000533934687	000001887341127	000166552663073
271000000	000354856532087	000000533788458	000001887341127	000148962306762
271000100	000002406777891	000000000000000	000000000000000	000024745625455
271000200	000001563108858	000000000000000	000000000000000	000004623794126
271000400	000138328997659	000000533788458	000001807527052	000015320402000
271000500	000085917824591	000000000000000	000000000000000	000026320312852
271000501	000008912326980	000000000000000	000000000000000	000023940665244
271000502	000001362237440	000000000000000	000000000000000	000002132969475
271000503	000014796859700	000000000000000	000000000000000	000000000000000
271000504	000060846400471	000000000000000	000000000000000	000000246678133
271000505	000000000000000	000000000000000	000000000000000	000000000000000
271000600	000025917023044	000000000000000	000000077471960	000007392106130
271000601	000008142556173	000000000000000	000000000000000	000000000000000
271000602	000017774466871	000000000000000	000000077471960	000007392106130
271000700	000100657799881	000000000000000	000000002342115	000070558073763
271000701	000009068863823	000000000000000	000000002342115	000000349965780
271000702	000002786458764	000000000000000	000000000000000	000003879848563
271000703	000015169275243	000000000000000	000000000000000	000000187710486
271000704	000073633202051	000000000000000	000000000000000	000066140548934
271000705	000000000000000	000000000000000	000000000000000	000000000000000
271000800	000000000000000	000000000000000	000000000000000	000000001992436
271000900	000000065000163	000000000000000	000000000000000	000000000000000
272000000	000024272805457	000000000146229	000000000000000	000014343404103
273000000	000000000000000	000000000000000	000000000000000	000000000000000
274000000	002301979105526	000000000000000	000000000000000	000003246952208
274000100	001496487969817	000000000000000	000000000000000	000003246952208
274000200	000393867553149	000000000000000	000000000000000	000000000000000
274000300	000411623582560	000000000000000	000000000000000	000000000000000
275000000	000000945314697	000000000000000	000000000000000	000000000000000
275000100	000000859578847	000000000000000	000000000000000	000000000000000
275000200	000000084900850	000000000000000	000000000000000	000000000000000
275000300	000000000835000	000000000000000	000000000000000	000000000000000
275000400	000000000000000	000000000000000	000000000000000	000000000000000
275000500	000000000000000	000000000000000	000000000000000	000000000000000
275000600	000000000000000	000000000000000	000000000000000	000000000000000
279000000	000006000000000	000000000000000	000000000000000	000000000000000
279000100	000006000000000	000000000000000	000000000000000	000000000000000
279000200	000000000000000	000000000000000	000000000000000	000000000000000
279000300	000000000000000	000000000000000	000000000000000	000000000000000
280000000	000273182711223	000000000000000	000000000000000	000005772505815
285000000	000027078654879	000000000000000	000000000000000	000000000000000
290000000	004160425871033	000859325889617	000012119663136	004226140166325
290000100	000142632150323	000000000000000	000000000000000	003520721515537
290000101	000053151735643	000000000000000	000000000000000	000079503105473
290000102	000000000000000	000000000000000	000000000000000	000382627130941
290000103	000089480414680	000000000000000	000000000000000	000782914001243
290000104	000000000000000	000000000000000	000000000000000	002275677277880
290000200	001269348363075	000000000000000	000000000000000	000059881451205
290000201	001016985207940	000000000000000	000000000000000	000059881451205
290000202	000244900880933	000000000000000	000000000000000	000000000000000
290000203	000007462274202	000000000000000	000000000000000	000000000000000
290000300	001700048772578	000539845464839	000008567795802	000528729377460
290000301	000021766987638	000000000000000	000000000000000	000000389415922
290000302	000045944251346	000000000000000	000000000000000	000001020565001
290000303	000003881067967	000000000000000	000000000000000	000000000000000
290000304	000000137470966	000000000000000	000000000000000	000000000000000
290000305	000080575491912	000000000000000	000000000000000	000008842147082
290000306	000020187843354	000000000000000	000000000000000	000000000000000
290000307	000090398804112	000025054475282	000006722290246	000000882055409
290000308	000448939410429	000027843198482	000000152401981	000057816323755
290000309	000029065879884	000021911826461	000000104826002	000003297899838
290000390	000959151564970	000465035964614	000001588277573	000456480970453
290000400	000000001122030	000000000000000	000000000000000	000000000000000
290000500	000089435027874	000000083677742	000000000000000	000000192593126
290000501	000089435027874	000000083677742	000000000000000	000000192593126
290000502	000000000000000	000000000000000	000000000000000	000000000000000
290000700	000055826773467	000000000000000	000000000000000	000007306557510
290000800	000528596435667	000000000000000	000003513354865	000022974210787
290000801	000048829029856	000000000000000	000003513354865	000000000000000
290000802	000023692785353	000000000000000	000000000000000	000000006359454
290000803	000008359003365	000000000000000	000000000000000	000003518684120
290000809	000447715617093	000000000000000	000000000000000	000019449167213
290000900	000095799532749	000000000000000	000000000000000	000002429573248
290001000	000000309184992	000000420136371	000000000000000	000000000000000
290001100	000102185077210	000000071092419	000000038458730	000019506781815
290001200	000176243431068	000318905518246	000000000053739	000064398105637
295000000	000000000000000	000000000000000	000000000000000	000000000000000
300000000	034158713720701	002209645568917	000099369697739	-00421821790804
310000000	016878909689355	000000000000000	000000000000000	000000000000000
311000000	016730193508931	000000000000000	000000000000000	000000000000000
311000100	015263608699236	000000000000000	000000000000000	000000000000000
311000200	001454814999841	000000000000000	000000000000000	000000000000000
311000300	000000000000000	000000000000000	000000000000000	000000000000000
311000400	000000000000000	000000000000000	000000000000000	000000000000000
311000500	000000000000000	000000000000000	000000000000000	000000000000000
311000600	000011769809854	000000000000000	000000000000000	000000000000000
312000000	000148716180424	000000000000000	000000000000000	000000000000000
313000000	000000000000000	000000000000000	000000000000000	000000000000000
320000000	007903162521661	000000000000000	000000000000000	000000000000000
320000100	000283872457127	000000000000000	000000000000000	000000000000000
320000200	007619290064534	000000000000000	000000000000000	000000000000000
320000300	000000000000000	000000000000000	000000000000000	000000000000000
320000400	000000000000000	000000000000000	000000000000000	000000000000000
330000000	000439785770307	-00005157204616	000000000000000	000031030834014
331000000	000015991040964	000000000000000	000000000000000	000001097195988
331000100	-00010650623705	000000000000000	000000000000000	-00005344266772
331000200	000026565492269	000000000000000	000000000000000	000006441462760
331000201	000023236448648	000000000000000	000000000000000	000005079340653
331000202	000003329043621	000000000000000	000000000000000	000001525753644
331000203	000000000000000	000000000000000	000000000000000	-00000163631537
331000209	000000000000000	000000000000000	000000000000000	000000000000000
331000300	000000000000000	000000000000000	000000000000000	000000000000000
331000400	000000000000000	000000000000000	000000000000000	000000000000000
331000500	000000000000000	000000000000000	000000000000000	000000000000000
331000900	000000076172400	000000000000000	000000000000000	000000000000000
332000000	000423794729343	-00005157204616	000000000000000	000029933638026
332000100	-00196039634039	-00004083110367	000000000000000	000012019452889
332000200	000830234151138	000000000000000	000000000000000	000033607087990
332000300	-00083918332668	000000000000000	000000000000000	-00015909069054
332000400	-00126217619298	-00001074094249	000000000000000	000000215452535
332000500	000000000000000	000000000000000	000000000000000	000000000000000
332000600	-00000036435095	000000000000000	000000000000000	000000000000000
332000700	000000000000000	000000000000000	000000000000000	000000000000000
332000900	-00000227400695	000000000000000	000000000000000	000000000713666
340000000	008587336705923	000000000000000	000000000000000	000000000000000
340000100	007904737241743	000000000000000	000000000000000	000000000000000
340000200	000682599464180	000000000000000	000000000000000	000000000000000
350000000	001797346599318	002216493304786	000099369697739	-00430165331939
360000000	-01820149829405	-00001690531253	000000000000000	-00027034730595
360000100	-01799946416364	000000000000000	000000000000000	000000000000000
360000101	-01799946416364	000000000000000	000000000000000	000000000000000
360000102	000000000000000	000000000000000	000000000000000	000000000000000
360000200	-00020203413041	-00001690531253	000000000000000	-00027034730595
360000300	000000000000000	000000000000000	000000000000000	000000000000000
365000000	000000000000000	000000000000000	000000000000000	000000000000000
380000000	033786391457159	002209645568917	000099369697739	-00426169228520
390000000	000372322263542	000000000000000	000000000000000	000004347437716
500000000	080902595373694	137113516795985	000778685863619	056595491951063
505000000	080846747576445	136984434240105	000778685863619	056487943516694
510000000	227813712006702	072673193125507	000210947295949	105753839370080
