051	BANCO FALABELLA
411000000	000596815117771
411100000	000566831233694
411150000	000000742632361
411150100	000000000000000
411150101	000000000000000
411150102	000000000000000
411150103	000000000000000
411150200	000000000000000
411150201	000000000000000
411150202	000000000000000
411150203	000000000000000
411150300	000000742632361
411150301	000000742632361
411150302	000000000000000
411150400	000000000000000
411150401	000000000000000
411150402	000000000000000
411200000	000000215014580
411200100	000000167990738
411200101	000000000000000
411200102	000000167990738
411200109	000000000000000
411200200	000000047023842
411200201	000000047023842
411200202	000000000000000
411200209	000000000000000
411200300	000000000000000
411200301	000000000000000
411200302	000000000000000
411200303	000000000000000
411200304	000000000000000
411200309	000000000000000
411250000	000000101527781
411250100	000000101527781
411250101	000000101527781
411250102	000000000000000
411250103	000000000000000
411250104	000000000000000
411250105	000000000000000
411250106	000000000000000
411250107	000000000000000
411250190	000000000000000
411250200	000000000000000
411250201	000000000000000
411250202	000000000000000
411250203	000000000000000
411250204	000000000000000
411250205	000000000000000
411250206	000000000000000
411250207	000000000000000
411250208	000000000000000
411250290	000000000000000
411250300	000000000000000
411250301	000000000000000
411250302	000000000000000
411250309	000000000000000
411250400	000000000000000
411250401	000000000000000
411250402	000000000000000
411250409	000000000000000
411280000	000002785475034
411280100	000001170994712
411280101	000000838427102
411280102	000000000000000
411280103	000000000000000
411280104	000000000000000
411280105	000000000000000
411280106	000000332567610
411280200	000000000000000
411280201	000000000000000
411280202	000000000000000
411280203	000000000000000
411280204	000000000000000
411280205	000000000000000
411280209	000000000000000
411280300	000000099732146
411280400	000000000000000
411280500	000000000000000
411280501	000000000000000
411280502	000000000000000
411280600	000000000000000
411280601	000000000000000
411280602	000000000000000
411280700	000001514748176
411280701	000001511558191
411280702	000000003080034
411280709	000000000109951
411280900	000000000000000
411280901	000000000000000
411280902	000000000000000
411280990	000000000000000
411350000	000017151457699
411350100	000001216288904
411350200	000001791993279
411350300	000000000000000
411350400	000014143175516
411350401	000014143175516
411350402	000000000000000
411350500	000000000000000
411350900	000000000000000
411350901	000000000000000
411350902	000000000000000
411350903	000000000000000
411350990	000000000000000
411380000	000542173249149
411380100	000095854280368
411380200	000017550232599
411380300	000428768736181
411380400	000000000000000
411380900	000000000000001
411380901	000000000000000
411380990	000000000000001
411450000	000003661877090
411450100	000000853652085
411450101	000000000000000
411450102	000000853652085
411450109	000000000000000
411450200	000000000000000
411450201	000000000000000
411450202	000000000000000
411450209	000000000000000
411450300	000000000000000
411450400	000000637708993
411450900	000002170516012
411700000	000029983884077
411720000	000029983884077
411720100	000023037610915
411720101	000019398426621
411720102	000003639184294
411720109	000000000000000
411720200	000006946273162
411720201	000006946273162
411720202	000000000000000
411720209	000000000000000
411720300	000000000000000
411720301	000000000000000
411720302	000000000000000
411720303	000000000000000
411720304	000000000000000
411720309	000000000000000
411740000	000000000000000
411740100	000000000000000
411740101	000000000000000
411740102	000000000000000
411740103	000000000000000
411740104	000000000000000
411740200	000000000000000
411800000	000000000000000
411800100	000000000000000
411800200	000000000000000
411800300	000000000000000
412000000	-00072334625339
412100000	-00071533071888
412150000	000000000000000
412150100	000000000000000
412150101	000000000000000
412150102	000000000000000
412150103	000000000000000
412150104	000000000000000
412150200	000000000000000
412150201	000000000000000
412150202	000000000000000
412150300	000000000000000
412150500	000000000000000
412180000	-00056912448594
412180100	-00054593100287
412180200	-00000225021933
412180201	-00000172087264
412180202	-00000052934669
412180300	-00002094326374
412180301	000000000000000
412180302	000000000000000
412180390	-00002094326374
412250000	000000000000000
412250100	000000000000000
412250101	000000000000000
412250102	000000000000000
412250103	000000000000000
412250200	000000000000000
412250201	000000000000000
412250202	000000000000000
412250203	000000000000000
412250300	000000000000000
412250301	000000000000000
412250302	000000000000000
412250400	000000000000000
412250401	000000000000000
412250402	000000000000000
412280000	-00003565843418
412280100	-00003565843418
412280110	000000000000000
412280111	000000000000000
412280112	000000000000000
412280113	000000000000000
412280120	-00003565843418
412280121	-00000026388889
412280122	000000000000000
412280123	000000000000000
412280124	000000000000000
412280129	-00003539454529
412280200	000000000000000
412280210	000000000000000
412280211	000000000000000
412280212	000000000000000
412280213	000000000000000
412280220	000000000000000
412280221	000000000000000
412280222	000000000000000
412280223	000000000000000
412280224	000000000000000
412280229	000000000000000
412280300	000000000000000
412280301	000000000000000
412280302	000000000000000
412280400	000000000000000
412280401	000000000000000
412280402	000000000000000
412350000	-00008602757597
412350100	-00001227122814
412350101	-00001222936643
412350102	-00000004186171
412350200	-00007375634783
412350201	-00007375634783
412350203	000000000000000
412380000	-00002452022279
412380100	-00000000111535
412380101	-00000000111535
412380102	000000000000000
412380200	-00002451910744
412380201	000000000000000
412380202	000000000000000
412380203	000000000000000
412380204	000000000000000
412380205	000000000000000
412380206	000000000000000
412380207	000000000000000
412380208	000000000000000
412380290	-00002451910744
412380300	000000000000000
412380301	000000000000000
412380302	000000000000000
412380303	000000000000000
412380304	000000000000000
412380305	000000000000000
412380306	000000000000000
412450000	-00000329874976
412500000	-00000471672879
412500100	-00000471672879
412800000	-00000000005596
412800100	000000000000000
412800200	-00000000005596
412800300	000000000000000
415000000	000022778941654
415100000	000019634701452
415150000	000000000000000
415150100	000000000000000
415150101	000000000000000
415150102	000000000000000
415150103	000000000000000
415150200	000000000000000
415150201	000000000000000
415150202	000000000000000
415150203	000000000000000
415150300	000000000000000
415150301	000000000000000
415150302	000000000000000
415150400	000000000000000
415150401	000000000000000
415150402	000000000000000
415200000	000000993847542
415200100	000000833098154
415200101	000000000000000
415200102	000000833098154
415200109	000000000000000
415200200	000000160749388
415200201	000000160749388
415200202	000000000000000
415200209	000000000000000
415200300	000000000000000
415200301	000000000000000
415200302	000000000000000
415200303	000000000000000
415200304	000000000000000
415200309	000000000000000
415250000	000000000000000
415250100	000000000000000
415250101	000000000000000
415250102	000000000000000
415250103	000000000000000
415250104	000000000000000
415250105	000000000000000
415250106	000000000000000
415250107	000000000000000
415250190	000000000000000
415250200	000000000000000
415250201	000000000000000
415250202	000000000000000
415250203	000000000000000
415250204	000000000000000
415250205	000000000000000
415250206	000000000000000
415250207	000000000000000
415250208	000000000000000
415250290	000000000000000
415250300	000000000000000
415250301	000000000000000
415250302	000000000000000
415250390	000000000000000
415250400	000000000000000
415250401	000000000000000
415250402	000000000000000
415250403	000000000000000
415280000	000001446690113
415280100	000000377982962
415280101	000000000460968
415280102	000000000000000
415280103	000000000000000
415280104	000000000000000
415280105	000000000000000
415280106	000000377521994
415280200	000000000000000
415280201	000000000000000
415280209	000000000000000
415280221	000000000000000
415280229	000000000000000
415280231	000000000000000
415280239	000000000000000
415280300	000000000000000
415280400	000000000000000
415280500	000000000000000
415280501	000000000000000
415280502	000000000000000
415280600	000000000000000
415280601	000000000000000
415280602	000000000000000
415280700	000001068707151
415280701	000001068561191
415280702	000000000057425
415280709	000000000088535
415280900	000000000000000
415280901	000000000000000
415280902	000000000000000
415280990	000000000000000
415350000	000016442513447
415350100	000001010268306
415350200	000001542783481
415350300	000000000000000
415350400	000013889461660
415350401	000013889461660
415350402	000000000000000
415350500	000000000000000
415350900	000000000000000
415350901	000000000000000
415350902	000000000000000
415350903	000000000000000
415350990	000000000000000
415380000	000000000000000
415380100	000000000000000
415380200	000000000000000
415380300	000000000000000
415380400	000000000000000
415380900	000000000000000
415380901	000000000000000
415380990	000000000000000
415450000	000000751650350
415450100	000000000000000
415450101	000000000000000
415450102	000000000000000
415450109	000000000000000
415450300	000000000000000
415450900	000000751650350
415600000	000003144240202
415620000	000003144240202
415620100	000000847001868
415620101	000000000000000
415620102	000000847001868
415620109	000000000000000
415620200	000002297238334
415620201	000002297238334
415620202	000000000000000
415620209	000000000000000
415620300	000000000000000
415620301	000000000000000
415620302	000000000000000
415620303	000000000000000
415620304	000000000000000
415620309	000000000000000
415640000	000000000000000
415640100	000000000000000
415640101	000000000000000
415640102	000000000000000
415640103	000000000000000
415640104	000000000000000
415640200	000000000000000
415800000	000000000000000
415800100	000000000000000
415800200	000000000000000
415800300	000000000000000
416000000	-00015223236044
416100100	-00014727594231
416150000	000000000000000
416150100	000000000000000
416150101	000000000000000
416150102	000000000000000
416150103	000000000000000
416150104	000000000000000
416150200	000000000000000
416150201	000000000000000
416150202	000000000000000
416150300	000000000000000
416150500	000000000000000
416180000	-00003852565693
416180100	-00000703148553
416180200	-00003110447268
416180201	-00002218017241
416180202	-00000892430027
416180300	-00000038969872
416180301	000000000000000
416180302	000000000000000
416180390	-00000038969872
416250000	000000000000000
416250100	000000000000000
416250101	000000000000000
416250102	000000000000000
416250103	000000000000000
416250200	000000000000000
416250201	000000000000000
416250202	000000000000000
416250203	000000000000000
416250300	000000000000000
416250301	000000000000000
416250302	000000000000000
416250400	000000000000000
416250401	000000000000000
416250402	000000000000000
416280000	000000000000000
416280100	000000000000000
416280110	000000000000000
416280111	000000000000000
416280112	000000000000000
416280113	000000000000000
416280120	000000000000000
416280121	000000000000000
416280122	000000000000000
416280123	000000000000000
416280124	000000000000000
416280129	000000000000000
416280200	000000000000000
416280210	000000000000000
416280211	000000000000000
416280212	000000000000000
416280213	000000000000000
416280220	000000000000000
416280221	000000000000000
416280222	000000000000000
416280223	000000000000000
416280224	000000000000000
416280229	000000000000000
416280300	000000000000000
416280301	000000000000000
416280302	000000000000000
416280400	000000000000000
416280401	000000000000000
416280402	000000000000000
416350000	-00006622475401
416350100	-00001029336222
416350101	-00001025797634
416350102	-00000003538588
416350200	-00005593139179
416350201	-00005593139179
416350203	000000000000000
416380000	-00004252553137
416380100	-00000000481137
416380101	-00000000481137
416380102	000000000000000
416380200	-00004252072000
416380201	000000000000000
416380202	000000000000000
416380203	000000000000000
416380204	000000000000000
416380205	000000000000000
416380206	000000000000000
416380207	000000000000000
416380208	000000000000000
416380290	-00004252072000
416380300	000000000000000
416380301	000000000000000
416380302	000000000000000
416380303	000000000000000
416380304	000000000000000
416380305	000000000000000
416380306	000000000000000
416500000	-00000495641813
416500100	-00000495641813
416500200	000000000000000
416800000	000000000000000
416800100	000000000000000
416800200	000000000000000
416800300	000000000000000
420000000	000153948846722
422150100	000004142811918
422150101	000000000000000
422150102	000000009003505
422150103	000000000000000
422150104	000004133808413
422180100	000000314901854
422180101	000000314901854
422180102	000000000000000
422250100	000000000000000
422250101	000000000000000
422250102	000000000000000
422280100	000000000000000
422280101	000000000000000
422280102	000000000000000
422280103	000000000000000
422280104	000000000000000
422280105	000000000000000
422280190	000000000000000
422350100	000100139228027
422350101	000003988152798
422350102	000000536295564
422350103	000063661308894
422350104	000000494233164
422350105	000031459237607
422350106	000000000000000
422350107	000000000000000
422350108	000000000000000
422350109	000000000000000
422350190	000000000000000
422380100	000015193553550
422380101	000013949277240
422380102	000000000000000
422380103	000000591783462
422380104	000000000000000
422380105	000000000000000
422380106	000000000000000
422380107	000000652492848
422380190	000000000000000
422450100	000024764383033
422450101	000005404115664
422450102	000000000000000
422450103	000000000000000
422450104	000000057881761
422450105	000000000000000
422450106	000000000000000
422450107	000011179742232
422450108	000008122643376
422450190	000000000000000
422480100	000000000000000
422480101	000000000000000
422480102	000000000000000
422480103	000000000000000
422480190	000000000000000
422550100	000000000000000
422550101	000000000000000
422550102	000000000000000
422550103	000000000000000
422550104	000000000000000
422580000	000002610075542
422580100	000002610075542
422580101	000002610075542
422580102	000000000000000
422580200	000000000000000
422580300	000000000000000
422580400	000000000000000
422650100	000000000000000
422680100	000000000000000
422750100	000000000000000
422780100	000000000000000
422780101	000000000000000
422780102	000000000000000
422780103	000000000000000
422780190	000000000000000
422850100	000006783892798
422850101	000000000000000
422850102	000000000000000
422850103	000000000000000
422850104	000000000000000
422850105	000000000000000
422850106	000000416782795
422850190	000006367110003
425000000	-00079619404034
425150100	-00028725343222
425150101	-00009359911574
425150102	-00007609853105
425150103	-00010433029502
425150104	000000000000000
425150105	000000000000000
425150190	-00001322549041
425180100	000000000000000
425180101	000000000000000
425180102	000000000000000
425180103	000000000000000
425180104	000000000000000
425180190	000000000000000
425250100	-00001476179419
425280100	000000000000000
425280101	000000000000000
425280102	000000000000000
425280103	000000000000000
425280104	000000000000000
425280105	000000000000000
425280109	000000000000000
425280190	000000000000000
425350100	-00000950540439
425350101	-00000074393195
425350102	-00000515904442
425350103	000000000000000
425350104	000000000000000
425350105	-00000360242802
425350106	000000000000000
425350190	000000000000000
425380100	-00048467340954
425380101	000000000000000
425380102	000000000000000
425380103	-00000119926769
425380104	000000000000000
425380105	-00007945177244
425380106	-00000205506533
425380190	-00040196730408
431000000	000017248669813
431150100	000004122823511
431150101	000637738617589
431150102	-00633615794078
431180100	000001853448357
431180101	000000302602787
431180102	000000000000000
431180103	000000303443208
431180104	-00000164943843
431180105	000001363561687
431180106	000000048784518
431250000	000011272397945
431250100	000011130570883
431250101	000010645307240
431250102	000000000000000
431250103	000000485263643
431250104	000000000000000
431250200	000000141827062
431250201	000000059871616
431250202	-00000207933396
431250203	000000000000000
431250204	000000000000000
431250205	000000289888842
431250300	000000000000000
431250301	000000000000000
431250302	000000000000000
431250303	000000000000000
431250304	000000000000000
431250305	000000000000000
431250306	000000000000000
431250900	000000000000000
431250901	000000000000000
431250902	000000000000000
431250903	000000000000000
431250904	000000000000000
431250905	000000000000000
431250906	000000000000000
431500000	000000000000000
431650100	000000000000000
431650101	000000000000000
431650102	000000000000000
431750100	000000000000000
431750101	000000000000000
431750102	000000000000000
431750103	000000000000000
431750104	000000000000000
431750105	000000000000000
431750106	000000000000000
431800000	000000000000000
431800100	000000000000000
431800101	000000000000000
431800102	000000000000000
431800103	000000000000000
431800104	000000000000000
431800105	000000000000000
431800106	000000000000000
431800900	000000000000000
431800901	000000000000000
431800902	000000000000000
431800903	000000000000000
431800904	000000000000000
431800905	000000000000000
431800906	000000000000000
431850000	000000000000000
431850100	000000000000000
431850101	000000000000000
431850102	000000000000000
431850103	000000000000000
431850104	000000000000000
431850105	000000000000000
431850106	000000000000000
431850200	000000000000000
431850210	000000000000000
431850211	000000000000000
431850212	000000000000000
431850213	000000000000000
431850214	000000000000000
431850215	000000000000000
431850216	000000000000000
431850220	000000000000000
431850221	000000000000000
431850222	000000000000000
431850223	000000000000000
431850224	000000000000000
431850225	000000000000000
431850226	000000000000000
431900000	000000000000000
431900100	000000000000000
431900101	000000000000000
431900102	000000000000000
431900103	000000000000000
431900104	000000000000000
431900105	000000000000000
431900106	000000000000000
431900200	000000000000000
431900201	000000000000000
431900202	000000000000000
431900203	000000000000000
431900204	000000000000000
431900205	000000000000000
431900206	000000000000000
431900300	000000000000000
431900301	000000000000000
431900302	000000000000000
431900303	000000000000000
431900304	000000000000000
431900305	000000000000000
431900306	000000000000000
432000000	000002276580935
432200000	-00000000478679
432200100	000000000000000
432200200	-00000000478679
432200300	000000000000000
432200400	000000000000000
432200500	000000000000000
432200600	000000000000000
432300700	000000000000000
432400000	000002277192543
432400100	000000000000000
432400200	000002277192543
432400300	000000000000000
432400400	000000000000000
432400500	000000000000000
432400600	000000000000000
432400700	000000000000000
432600000	-00000000132929
432600100	000000000000000
432600200	000000000000000
432600300	000000000000000
432600400	000000000000000
432600500	-00000000132929
432600600	000000000000000
432600800	000000000000000
432600900	000000000000000
432700000	000000000000000
432700100	000000000000000
432700200	000000000000000
433000000	000000956311788
433100100	000000953770820
433100101	000000953770820
433100102	000000000000000
433200000	000000000000000
433210000	000000000000000
433210100	000000000000000
433210200	000000000000000
433220000	000000000000000
433220100	000000000000000
433220200	000000000000000
433230000	000000000000000
433230100	000000000000000
433230200	000000000000000
433240000	000000000000000
433240100	000000000000000
433240200	000000000000000
433250000	000000000000000
433250100	000000000000000
433250200	000000000000000
433250300	000000000000000
433250301	000000000000000
433250302	000000000000000
433250303	000000000000000
433250304	000000000000000
433250400	000000000000000
433250410	000000000000000
433250411	000000000000000
433250412	000000000000000
433250413	000000000000000
433250414	000000000000000
433250415	000000000000000
433250416	000000000000000
433250420	000000000000000
433250421	000000000000000
433250422	000000000000000
433250423	000000000000000
433250424	000000000000000
433250425	000000000000000
433250426	000000000000000
433250430	000000000000000
433250440	000000000000000
433250450	000000000000000
433250451	000000000000000
433250452	000000000000000
433250460	000000000000000
433250461	000000000000000
433250462	000000000000000
433250470	000000000000000
433250480	000000000000000
433250481	000000000000000
433250482	000000000000000
433250483	000000000000000
433250500	000000000000000
433250600	000000000000000
433260000	000000000000000
433300000	000000000000000
433300100	000000000000000
433300200	000000000000000
433300300	000000000000000
433300400	000000000000000
433300500	000000000000000
433300600	000000000000000
433300700	000000000000000
433300900	000000000000000
433301000	000000000000000
433310000	000000000000000
433320000	000000000000000
433330000	000000000000000
433330100	000000000000000
433330200	000000000000000
433500100	000000002540968
433500101	000000000000000
433500102	000000000000000
433500103	000000002540968
433500104	000000000000000
434000000	000000000000000
434000100	000000000000000
434000101	000000000000000
434000102	000000000000000
434000103	000000000000000
434000104	000000000000000
434000109	000000000000000
434000200	000000000000000
434000201	000000000000000
434000202	000000000000000
434000203	000000000000000
434000204	000000000000000
434000209	000000000000000
435200000	000000000000022
435200100	000000000000000
435200101	000000000000000
435200102	000000000000000
435200103	000000000000000
435200200	000000000000000
435200201	000000000000000
435200202	000000000000000
435200300	000000000000000
435200301	000000000000000
435200302	000000000000000
435200303	000000000000000
435200304	000000000000000
435200305	000000000000000
435200306	000000000000000
435200308	000000000000000
435200309	000000000000000
435200400	000000000000022
435200500	000000000000000
435200501	000000000000000
435200502	000000000000000
435200503	000000000000000
435300000	000000000000000
435300100	000000000000000
435300200	000000000000000
435400000	000000000000000
435400100	000000000000000
435400101	000000000000000
435400102	000000000000000
435400103	000000000000000
440000000	000000025077425
442000100	000000025077425
442000101	000000000000000
442000102	000000000000000
442000103	000000000000000
442000104	000000000000000
442000105	000000000000000
442000106	000000000000000
442000107	000000000000000
442000108	000000025077425
442000109	000000000000000
444000100	000000000000000
444000101	000000000000000
444000102	000000000000000
444000103	000000000000000
444000104	000000000000000
444000105	000000000000000
444000106	000000000000000
444000107	000000000000000
450000000	000000000000000
451000000	000000000000000
451000100	000000000000000
451000101	000000000000000
451000102	000000000000000
451000200	000000000000000
451000300	000000000000000
451000400	000000000000000
451000500	000000000000000
452000100	000000000000000
452000101	000000000000000
452000102	000000000000000
452000103	000000000000000
452000104	000000000000000
452000109	000000000000000
452000200	000000000000000
455000000	000004437312278
455000100	000000000000000
455000200	000000000000000
455000300	000000974999999
455000400	000000000000000
455000500	000000241494190
455000600	000002625814188
455000900	000000595003901
462000000	-00062179699621
462100100	-00056105052117
462100101	-00035678886042
462100102	-00014093244633
462100103	-00003867307713
462100190	-00002465613729
462200100	000000000000000
462300100	-00000911959935
462300101	000000000000000
462300102	-00000911959935
462300190	000000000000000
462400100	-00003255221006
462400101	-00003255221006
462400190	000000000000000
462500100	000000000000000
462500101	000000000000000
462500102	000000000000000
462600100	000000000000000
462700100	000000000000000
462800100	000000000000000
462900100	-00001907466563
462900101	-00000519065333
462900102	-00000199292837
462900190	-00001189108393
464000000	-00171768525950
464100100	-00049018034210
464100101	000000000000000
464100102	000000000000000
464100103	-00003544897030
464100104	-00001458517395
464100105	-00000266220878
464100106	-00000339012455
464100107	-00015380483503
464100108	-00003003234575
464100109	-00000813991774
464100110	-00000425588923
464100111	-00004914775191
464100112	-00000795679236
464100113	000000000000000
464100114	000000000000000
464100115	000000000000000
464100116	-00014709079403
464100117	000000000000000
464100118	-00000114214486
464100190	-00003252339361
464200100	-00067233445190
464200101	-00042954288225
464200102	000000000000000
464200103	-00003075676509
464200104	000000000000000
464200105	-00005783177043
464200106	-00009344283581
464200107	-00002319622635
464200108	000000000000000
464200109	000000000000000
464200110	-00000222466583
464200190	-00003533930614
464300100	-00000494617593
464300101	-00000494617593
464300102	000000000000000
464400100	-00053248998407
464500100	-00001773430550
464500101	-00000002694064
464500102	-00000761456022
464500103	-00000084140212
464500104	-00000925140252
464500190	000000000000000
466000000	-00012379098344
466100000	-00003194280568
466100100	000000000000000
466100101	000000000000000
466100102	000000000000000
466100103	000000000000000
466100104	000000000000000
466100105	000000000000000
466100106	000000000000000
466100107	000000000000000
466100108	000000000000000
466100109	000000000000000
466100200	-00003194280568
466100201	-00000240083503
466100202	-00002954197065
466100203	000000000000000
466100209	000000000000000
466200000	-00002049367038
466200100	000000000000000
466200101	000000000000000
466200102	000000000000000
466200200	-00002049367038
466200201	-00001837501628
466200209	-00000211865410
466300000	-00007135450738
466300110	-00005047068934
466300111	-00005047068934
466300112	000000000000000
466300220	000000000000000
466300221	000000000000000
466300229	000000000000000
466300330	-00002088381804
466300440	000000000000000
466300441	000000000000000
466300449	000000000000000
466400000	000000000000000
466500000	000000000000000
468000000	000000000000000
468100100	000000000000000
468100101	000000000000000
468100102	000000000000000
468100103	000000000000000
468100104	000000000000000
468100105	000000000000000
468100106	000000000000000
468100107	000000000000000
468200000	000000000000000
468200100	000000000000000
468200200	000000000000000
468200201	000000000000000
468200202	000000000000000
468200203	000000000000000
468200204	000000000000000
468200205	000000000000000
468200206	000000000000000
468200207	000000000000000
468200208	000000000000000
468200209	000000000000000
468200300	000000000000000
468200301	000000000000000
468200302	000000000000000
468200303	000000000000000
468200309	000000000000000
468300000	000000000000000
468300100	000000000000000
468300101	000000000000000
468300102	000000000000000
468300200	000000000000000
468300201	000000000000000
468300209	000000000000000
468400000	000000000000000
468400200	000000000000000
468400201	000000000000000
468400202	000000000000000
468400300	000000000000000
468400400	000000000000000
468400401	000000000000000
468400409	000000000000000
468400500	000000000000000
468400501	000000000000000
468400509	000000000000000
468500000	000000000000000
468600000	000000000000000
468800000	000000000000000
469000000	-00010185550652
469000100	000000000000000
469000300	-00000609828195
469000301	-00002159781077
469000302	000001549952882
469000400	000004894456938
469000401	000000000000000
469000402	000004894456938
469000500	000000000000000
469000600	000000000000000
469000700	000000000000000
469000800	000000000000000
469000900	000000000000000
469001000	000000000000000
469001100	000000000000000
469001200	-00001724180123
469001300	000000000000000
469001400	000000000000000
469001401	000000000000000
469001402	000000000000000
469001900	-00012745999272
470000000	-00121371281667
471000000	-00169833597832
471100100	000000000000000
471100101	000000000000000
471100102	000000000000000
471100103	000000000000000
471200100	-00001584516125
471200101	000000000000000
471200102	000000000000000
471200103	000000000000000
471200104	-00000199705343
471200105	-00001384810782
471200109	000000000000000
471300100	-00000390763078
471300101	000000009217965
471300102	-00000399981043
471400100	-00167858318629
471400101	-00021357046755
471400102	-00146501271874
472000000	-00001283600837
472050100	-00001283600837
472050101	000000000000000
472050102	000000001456170
472050103	-00001285057007
472100100	000000000000000
472150100	000000000000000
472200100	000000000000000
472200101	000000000000000
472200102	000000000000000
472200103	000000000000000
472250100	000000000000000
472250101	000000000000000
472250102	000000000000000
472250103	000000000000000
472250104	000000000000000
472250105	000000000000000
472250106	000000000000000
472500100	000000000000000
472500101	000000000000000
472500102	000000000000000
472500103	000000000000000
474000100	000049749841025
474000101	000000000000000
474000102	000001142866381
474000103	000000483623599
474000104	000048123351045
476000000	-00000003924023
476400000	000000013345718
476400100	000000013345718
476400101	000000013345718
476400102	000000000000000
476400103	000000000000000
476400105	000000000000000
476400106	000000000000000
476400107	000000000000000
476400109	000000000000000
476400200	000000000000000
476400201	000000000000000
476400202	000000000000000
476400203	000000000000000
476400205	000000000000000
476400206	000000000000000
476400207	000000000000000
476400209	000000000000000
476400300	000000000000000
476400301	000000000000000
476400302	000000000000000
476400303	000000000000000
476400305	000000000000000
476400306	000000000000000
476400307	000000000000000
476400309	000000000000000
476800000	-00000017269741
476800100	000000002530214
476800101	000000000000000
476800102	000000002530214
476800103	000000000000000
476800109	000000000000000
476800200	000000000000000
476800201	000000000000000
476800202	000000000000000
476800203	000000000000000
476800209	000000000000000
476800300	-00000019799955
476800301	000000000000000
476800302	000000000000000
476800303	000000000000000
476800309	-00000019799955
480000000	-00059272779893
481000000	-00053827967811
482000000	-00005444812082
489000000	000000000000000
520000000	000524480492432
525000000	000007555705610
530000000	000074329442688
540000000	000020481562558
550000000	000631309592991
560000000	-00256512874567
570000000	000374796718424
580000000	000253425436757
585000000	000253425436757
586000000	000194152656864
587000000	000000000000000
587500000	000000000000000
587750000	000000000000000
590000000	000194152656864
594000000	000133027738127
598000000	000061124918737
601000000	000000000000000
601000100	000000000000000
601000200	000000000000000
601000201	000000000000000
601000202	000000000000000
601000203	000000000000000
601000209	000000000000000
601000300	000000000000000
601000400	000000000000000
601000500	000000000000000
601000900	000000000000000
601500000	000000000000000
601750000	000000000000000
601800000	000000000000000
602000000	000001308073065
602000100	000001260454076
602000200	000000000000000
602000300	000000000000000
602000400	000000000000000
602000500	000000000000000
602000600	000000000000000
602000700	000000000000000
602000900	000000000000000
602500000	000001260454076
602750000	000000047618989
602800000	000001308073065
603000000	000001308073065
690000000	000195460729929
694000000	000134335811192
698000000	000061124918737
