504	BANCO BILBAO VIZCAYA ARGENTARIA, CHILE                                  
1000000	 0000003868830,00	 0000002898933,00	 0000000016422,00	 0000000860511,00
1100000	 0000000123236,00	 0000000000000,00	 0000000000000,00	 0000000104600,00
1100100	 0000000065747,00	 0000000000000,00	 0000000000000,00	 0000000004790,00
1100200	 0000000055106,00	 0000000000000,00	 0000000000000,00	 0000000012350,00
1100300	 0000000002383,00	 0000000000000,00	 0000000000000,00	 0000000000000,00
1100400	 0000000000000,00	 0000000000000,00	 0000000000000,00	 0000000087460,00
1130000	 0000000148433,00	 0000000000000,00	 0000000000000,00	 0000000087581,00
1130100	 0000000035430,00	 0000000000000,00	 0000000000000,00	 0000000004324,00
1130200	 0000000113003,00	 0000000000000,00	 0000000000000,00	 0000000083257,00
1150000	 0000000507992,00	 0000000171337,00	 0000000000000,00	 0000000002789,00
1150100	 0000000208286,00	 0000000097146,00	 0000000000000,00	 0000000000000,00
1150200	 0000000222996,00	 0000000074191,00	 0000000000000,00	 0000000000000,00
1150300	 0000000000000,00	 0000000000000,00	 0000000000000,00	 0000000000000,00
1150400	 0000000076710,00	 0000000000000,00	 0000000000000,00	 0000000002789,00
1160000	 0000000018164,00	 0000000000000,00	 0000000000000,00	 0000000000000,00
1160100	 0000000000000,00	 0000000000000,00	 0000000000000,00	 0000000000000,00
1160200	 0000000018164,00	 0000000000000,00	 0000000000000,00	 0000000000000,00
1250000	 0000000512152,00	 0000000000000,00	 0000000000000,00	 0000000000000,00
1250100	 0000000511515,00	 0000000000000,00	 0000000000000,00	 0000000000000,00
1250200	 0000000000637,00	 0000000000000,00	 0000000000000,00	 0000000000000,00
1270000	 0000000000000,00	 0000000000000,00	 0000000000000,00	 0000000031723,00
1270100	 0000000000000,00	 0000000000000,00	 0000000000000,00	 0000000000000,00
1270112	 0000000000000,00	 0000000000000,00	 0000000000000,00	 0000000000000,00
1270113	 0000000000000,00	 0000000000000,00	 0000000000000,00	 0000000000000,00
1270116	 0000000000000,00	 0000000000000,00	 0000000000000,00	 0000000000000,00
1270117	 0000000000000,00	 0000000000000,00	 0000000000000,00	 0000000000000,00
1270118	 0000000000000,00	 0000000000000,00	 0000000000000,00	 0000000000000,00
1270190	 0000000000000,00	 0000000000000,00	 0000000000000,00	 0000000000000,00
1270200	 0000000000000,00	 0000000000000,00	 0000000000000,00	 0000000031723,00
1270202	 0000000000000,00	 0000000000000,00	 0000000000000,00	 0000000000000,00
1270203	 0000000000000,00	 0000000000000,00	 0000000000000,00	 0000000000000,00
1270206	 0000000000000,00	 0000000000000,00	 0000000000000,00	 0000000031902,00
1270207	 0000000000000,00	 0000000000000,00	 0000000000000,00	 0000000000000,00
1270208	 0000000000000,00	 0000000000000,00	 0000000000000,00	 0000000000000,00
1270290	 0000000000000,00	 0000000000000,00	 0000000000000,00	-0000000000179,00
1270300	 0000000000000,00	 0000000000000,00	 0000000000000,00	 0000000000000,00
1300000	 0000002090255,00	 0000002684400,00	 0000000016422,00	 0000000597307,00
1302000	 0000001495212,00	 0000000923146,00	 0000000016422,00	 0000000595910,00
1302100	 0000001209168,00	 0000000764049,00	 0000000000000,00	 0000000204565,00
1302101	 0000001209168,00	 0000000738627,00	 0000000000000,00	 0000000153345,00
1302102	 0000000000000,00	 0000000000000,00	 0000000000000,00	 0000000051220,00
1302170	 0000000000000,00	 0000000020189,00	 0000000000000,00	 0000000000000,00
1302180	 0000000000000,00	 0000000005233,00	 0000000000000,00	 0000000000000,00
1302200	 0000000027048,00	 0000000000000,00	 0000000000002,00	 0000000361644,00
1302201	 0000000000000,00	 0000000000000,00	 0000000000000,00	 0000000000000,00
1302202	 0000000027048,00	 0000000000000,00	 0000000000000,00	 0000000238368,00
1302241	 0000000000000,00	 0000000000000,00	 0000000000002,00	 0000000002808,00
1302242	 0000000000000,00	 0000000000000,00	 0000000000000,00	 0000000120468,00
1302281	 0000000000000,00	 0000000000000,00	 0000000000000,00	 0000000000000,00
1302282	 0000000000000,00	 0000000000000,00	 0000000000000,00	 0000000000000,00
1302300	 0000000039759,00	 0000000000000,00	 0000000000000,00	 0000000000000,00
1302500	 0000000162327,00	 0000000020019,00	 0000000000000,00	 0000000029627,00
1302800	 0000000056329,00	 0000000138945,00	 0000000016380,00	 0000000000000,00
1302900	 0000000000581,00	 0000000000133,00	 0000000000040,00	 0000000000074,00
1304000	 0000000035319,00	 0000001683385,00	 0000000000000,00	 0000000000000,00
1304100	 0000000000000,00	 0000000029574,00	 0000000000000,00	 0000000000000,00
1304101	 0000000000000,00	 0000000029574,00	 0000000000000,00	 0000000000000,00
1304102	 0000000000000,00	 0000000000000,00	 0000000000000,00	 0000000000000,00
1304200	 0000000000000,00	 0000000041190,00	 0000000000000,00	 0000000000000,00
1304500	 0000000003108,00	 0000001611307,00	 0000000000000,00	 0000000000000,00
1304600	 0000000000000,00	 0000000000122,00	 0000000000000,00	 0000000000000,00
1304800	 0000000032112,00	 0000000000483,00	 0000000000000,00	 0000000000000,00
1304900	 0000000000099,00	 0000000000709,00	 0000000000000,00	 0000000000000,00
1305000	 0000000678073,00	 0000000077869,00	 0000000000000,00	 0000000001397,00
1305100	 0000000543460,00	 0000000077762,00	 0000000000000,00	 0000000000000,00
1305300	 0000000030258,00	 0000000000000,00	 0000000000000,00	 0000000000000,00
1305400	 0000000103747,00	 0000000000000,00	 0000000000000,00	 0000000001397,00
1305800	 0000000000596,00	 0000000000107,00	 0000000000000,00	 0000000000000,00
1305900	 0000000000012,00	 0000000000000,00	 0000000000000,00	 0000000000000,00
1309000	-0000000118349,00	 0000000000000,00	 0000000000000,00	 0000000000000,00
1309100	-0000000074547,00	 0000000000000,00	 0000000000000,00	 0000000000000,00
1309200	-0000000012643,00	 0000000000000,00	 0000000000000,00	 0000000000000,00
1309300	-0000000031159,00	 0000000000000,00	 0000000000000,00	 0000000000000,00
1350000	 0000000158466,00	 0000000037807,00	 0000000000000,00	 0000000000000,00
1350100	 0000000157239,00	 0000000021785,00	 0000000000000,00	 0000000000000,00
1350200	 0000000001227,00	 0000000016022,00	 0000000000000,00	 0000000000000,00
1350300	 0000000000000,00	 0000000000000,00	 0000000000000,00	 0000000000000,00
1360000	 0000000000000,00	 0000000000000,00	 0000000000000,00	 0000000000000,00
1360100	 0000000000000,00	 0000000000000,00	 0000000000000,00	 0000000000000,00
1360200	 0000000000000,00	 0000000000000,00	 0000000000000,00	 0000000000000,00
1360300	 0000000000000,00	 0000000000000,00	 0000000000000,00	 0000000000000,00
1400000	 0000000001346,00	 0000000000529,00	 0000000000000,00	 0000000000007,00
1400100	 0000000000395,00	 0000000000000,00	 0000000000000,00	 0000000000000,00
1400101	 0000000000000,00	 0000000000000,00	 0000000000000,00	 0000000000000,00
1400102	 0000000000000,00	 0000000000000,00	 0000000000000,00	 0000000000000,00
1400103	 0000000000395,00	 0000000000000,00	 0000000000000,00	 0000000000000,00
1400200	 0000000000951,00	 0000000000529,00	 0000000000000,00	 0000000000007,00
1500000	 0000000016311,00	 0000000000000,00	 0000000000000,00	 0000000000000,00
1500100	 0000000000001,00	 0000000000000,00	 0000000000000,00	 0000000000000,00
1500200	 0000000016310,00	 0000000000000,00	 0000000000000,00	 0000000000000,00
1600000	 0000000057451,00	 0000000000012,00	 0000000000000,00	 0000000000000,00
1600100	 0000000046698,00	 0000000000000,00	 0000000000000,00	 0000000000000,00
1600200	 0000000010753,00	 0000000000012,00	 0000000000000,00	 0000000000000,00
1700000	 0000000004397,00	 0000000000000,00	 0000000000000,00	 0000000000000,00
1750000	 0000000116266,00	 0000000000000,00	 0000000000000,00	 0000000000000,00
1800000	 0000000114361,00	 0000000004848,00	 0000000000000,00	 0000000036504,00
1800100	 0000000018263,00	 0000000000000,00	 0000000000000,00	 0000000000000,00
1800200	 0000000004235,00	 0000000000000,00	 0000000000000,00	 0000000000000,00
1800900	 0000000091863,00	 0000000004848,00	 0000000000000,00	 0000000036504,00
2000000	 0000003771771,00	 0000002169845,00	 0000000001686,00	 0000001187901,00
2100000	 0000000759469,00	 0000000074076,00	 0000000000001,00	 0000000086546,00
2100100	 0000000612556,00	 0000000000000,00	 0000000000000,00	 0000000077161,00
2100109	 0000000453889,00	 0000000000000,00	 0000000000000,00	 0000000073212,00
2100110	 0000000158200,00	 0000000000000,00	 0000000000000,00	 0000000003949,00
2100200	 0000000087993,00	 0000000000000,00	 0000000000000,00	 0000000000000,00
2100300	 0000000058920,00	 0000000074076,00	 0000000000001,00	 0000000009385,00
2130000	 0000000080855,00	 0000000000000,00	 0000000000000,00	 0000000082992,00
2160000	 0000000418811,00	 0000000000000,00	 0000000000000,00	 0000000009738,00
2160100	 0000000293031,00	 0000000000000,00	 0000000000000,00	 0000000000000,00
2160200	 0000000125780,00	 0000000000000,00	 0000000000000,00	 0000000009738,00
2200000	 0000001757368,00	 0000001082770,00	 0000000000000,00	 0000000362865,00
2200100	 0000001757267,00	 0000001039634,00	 0000000000000,00	 0000000362859,00
2200200	 0000000000000,00	 0000000042968,00	 0000000000000,00	 0000000000000,00
2200900	 0000000000101,00	 0000000000168,00	 0000000000000,00	 0000000000006,00
2250000	 0000000504639,00	 0000000000000,00	 0000000000000,00	 0000000000000,00
2250100	 0000000488550,00	 0000000000000,00	 0000000000000,00	 0000000000000,00
2250200	 0000000016089,00	 0000000000000,00	 0000000000000,00	 0000000000000,00
2300000	 0000000000000,00	 0000000000135,00	 0000000000269,00	 0000000552466,00
2301000	 0000000000000,00	 0000000000000,00	 0000000000000,00	 0000000004653,00
2301001	 0000000000000,00	 0000000000000,00	 0000000000000,00	 0000000004653,00
2302000	 0000000000000,00	 0000000000000,00	 0000000000269,00	 0000000547813,00
2302100	 0000000000000,00	 0000000000000,00	 0000000000000,00	 0000000350616,00
2302200	 0000000000000,00	 0000000000000,00	 0000000000269,00	 0000000197197,00
2303000	 0000000000000,00	 0000000000135,00	 0000000000000,00	 0000000000000,00
2303100	 0000000000000,00	 0000000000000,00	 0000000000000,00	 0000000000000,00
2303900	 0000000000000,00	 0000000000135,00	 0000000000000,00	 0000000000000,00
2400000	 0000000015069,00	 0000000991773,00	 0000000000000,00	 0000000000000,00
2401000	 0000000000000,00	 0000000065178,00	 0000000000000,00	 0000000000000,00
2402000	 0000000015069,00	 0000000926595,00	 0000000000000,00	 0000000000000,00
2402100	 0000000015069,00	 0000000522845,00	 0000000000000,00	 0000000000000,00
2402200	 0000000000000,00	 0000000403750,00	 0000000000000,00	 0000000000000,00
2500000	 0000000025986,00	 0000000019733,00	 0000000001416,00	 0000000003534,00
2500100	 0000000022210,00	 0000000019733,00	 0000000001416,00	 0000000000000,00
2500200	 0000000003776,00	 0000000000000,00	 0000000000000,00	 0000000003534,00
2500300	 0000000000000,00	 0000000000000,00	 0000000000000,00	 0000000000000,00
2600000	 0000000000000,00	 0000000000000,00	 0000000000000,00	 0000000000000,00
2650000	 0000000069431,00	 0000000000000,00	 0000000000000,00	 0000000000000,00
2700000	 0000000059212,00	 0000000000000,00	 0000000000000,00	 0000000000000,00
2700100	 0000000010196,00	 0000000000000,00	 0000000000000,00	 0000000000000,00
2700200	 0000000010670,00	 0000000000000,00	 0000000000000,00	 0000000000000,00
2700300	 0000000011428,00	 0000000000000,00	 0000000000000,00	 0000000000000,00
2700400	 0000000026918,00	 0000000000000,00	 0000000000000,00	 0000000000000,00
2700401	 0000000000000,00	 0000000000000,00	 0000000000000,00	 0000000000000,00
2700402	 0000000000000,00	 0000000000000,00	 0000000000000,00	 0000000000000,00
2700411	 0000000011470,00	 0000000000000,00	 0000000000000,00	 0000000000000,00
2700412	 0000000001689,00	 0000000000000,00	 0000000000000,00	 0000000000000,00
2700413	 0000000006536,00	 0000000000000,00	 0000000000000,00	 0000000000000,00
2700421	 0000000000000,00	 0000000000000,00	 0000000000000,00	 0000000000000,00
2700422	 0000000000000,00	 0000000000000,00	 0000000000000,00	 0000000000000,00
2700423	 0000000000000,00	 0000000000000,00	 0000000000000,00	 0000000000000,00
2700490	 0000000007223,00	 0000000000000,00	 0000000000000,00	 0000000000000,00
2800000	 0000000080931,00	 0000000001358,00	 0000000000000,00	 0000000089760,00
3000000	 0000000512113,00	 0000000001380,00	 0000000000000,00	 0000000000000,00
3101000	 0000000224795,00	 0000000000000,00	 0000000000000,00	 0000000000000,00
3102000	 0000000262775,00	 0000000000000,00	 0000000000000,00	 0000000000000,00
3103000	-0000000000699,00	 0000000001380,00	 0000000000000,00	 0000000000000,00
3104000	 0000000024896,00	 0000000000000,00	 0000000000000,00	 0000000000000,00
3104100	 0000000000000,00	 0000000000000,00	 0000000000000,00	 0000000000000,00
3104200	 0000000035566,00	 0000000000000,00	 0000000000000,00	 0000000000000,00
3104300	-0000000010670,00	 0000000000000,00	 0000000000000,00	 0000000000000,00
3200000	 0000000000346,00	 0000000000000,00	 0000000000000,00	 0000000000000,00
5001000	 0000000511767,00	 0000000001380,00	 0000000000000,00	 0000000000000,00
5002000	 0000004283884,00	 0000002171225,00	 0000000001686,00	 0000001187901,00
5100000	 0000002208604,00	 0000002684400,00	 0000000016422,00	 0000000597307,00
