016	BANCO DE CREDITO E INVERSIONES          
4100000	 0000000208027,00	 0000000156066,00	 0000000002449,00	 0000000020256,00
4100100	 0000000000514,00	 0000000000144,00	 0000000000000,00	 0000000000000,00
4100200	 0000000000162,00	 0000000000000,00	 0000000000000,00	 0000000000524,00
4100300	 0000000109945,00	 0000000083686,00	 0000000002389,00	 0000000016688,00
4100399	 0000000000006,00	 0000000000000,00	 0000000000000,00	 0000000000000,00
4100400	 0000000000528,00	 0000000066363,00	 0000000000000,00	 0000000000000,00
4100499	 0000000000000,00	 0000000000000,00	 0000000000000,00	 0000000000000,00
4100500	 0000000084449,00	 0000000000923,00	 0000000000000,00	 0000000000045,00
4100599	 0000000001443,00	 0000000000000,00	 0000000000000,00	 0000000000000,00
4100600	 0000000007566,00	 0000000006847,00	 0000000000060,00	 0000000002970,00
4100800	 0000000004863,00	 0000000000822,00	 0000000000000,00	 0000000000029,00
4100900	 0000000000000,00	-0000000002719,00	 0000000000000,00	 0000000000000,00
4150000	-0000000065464,00	-0000000072993,00	-0000000000270,00	-0000000014752,00
4150100	-0000000000331,00	-0000000000085,00	 0000000000000,00	-0000000000009,00
4150200	-0000000002141,00	-0000000001641,00	 0000000000000,00	-0000000000294,00
4150300	-0000000060393,00	-0000000027736,00	 0000000000000,00	-0000000006458,00
4150400	-0000000001382,00	-0000000000020,00	-0000000000153,00	-0000000007171,00
4150500	 0000000000000,00	-0000000042901,00	 0000000000000,00	 0000000000000,00
4150600	-0000000001342,00	-0000000000349,00	-0000000000117,00	 0000000000000,00
4150800	 0000000000000,00	-0000000000251,00	 0000000000000,00	-0000000000014,00
4150900	 0000000000125,00	-0000000000010,00	 0000000000000,00	-0000000000806,00
4200000	 0000000082483,00	 0000000000000,00	 0000000000044,00	 0000000001840,00
4200100	 0000000007421,00	 0000000000000,00	 0000000000000,00	 0000000000007,00
4200200	 0000000002740,00	 0000000000000,00	 0000000000021,00	 0000000001134,00
4200300	 0000000014258,00	 0000000000000,00	 0000000000000,00	 0000000000000,00
4200400	 0000000012749,00	 0000000000000,00	 0000000000000,00	 0000000000005,00
4200500	 0000000015423,00	 0000000000000,00	 0000000000023,00	 0000000000522,00
4200600	 0000000002269,00	 0000000000000,00	 0000000000000,00	 0000000000009,00
4200700	 0000000011087,00	 0000000000000,00	 0000000000000,00	 0000000000000,00
4200800	 0000000010062,00	 0000000000000,00	 0000000000000,00	 0000000000000,00
4200900	 0000000006474,00	 0000000000000,00	 0000000000000,00	 0000000000163,00
4250000	-0000000017496,00	 0000000000000,00	 0000000000000,00	-0000000000367,00
4250100	-0000000009364,00	 0000000000000,00	 0000000000000,00	 0000000000000,00
4250200	-0000000003179,00	 0000000000000,00	 0000000000000,00	-0000000000011,00
4250300	-0000000004953,00	 0000000000000,00	 0000000000000,00	-0000000000356,00
4300000	-0000000030158,00	 0000000032589,00	 0000000000245,00	-0000000001232,00
4300100	 0000000004647,00	 0000000021794,00	 0000000000245,00	 0000000000813,00
4300200	-0000000034894,00	 0000000010530,00	 0000000000000,00	-0000000002182,00
4300300	 0000000000089,00	 0000000000267,00	 0000000000000,00	 0000000000242,00
4300400	 0000000000000,00	 0000000000000,00	 0000000000000,00	 0000000000000,00
4300500	 0000000000000,00	-0000000000002,00	 0000000000000,00	-0000000000105,00
4350000	 0000000028778,00	-0000000000015,00	-0000000000460,00	-0000000000029,00
4350100	 0000000028809,00	 0000000000000,00	 0000000000000,00	 0000000000000,00
4350200	-0000000000031,00	 0000000000000,00	-0000000000460,00	 0000000000000,00
4350900	 0000000000000,00	-0000000000015,00	 0000000000000,00	-0000000000029,00
4400000	 0000000004878,00	 0000000000000,00	 0000000000000,00	 0000000000170,00
4400100	 0000000000579,00	 0000000000000,00	 0000000000000,00	 0000000000000,00
4400200	 0000000000023,00	 0000000000000,00	 0000000000000,00	 0000000000000,00
4400300	 0000000004276,00	 0000000000000,00	 0000000000000,00	 0000000000170,00
4500000	-0000000054303,00	 0000000000000,00	 0000000000000,00	-0000000000570,00
4500100	-0000000052050,00	 0000000000000,00	 0000000000000,00	-0000000000570,00
4500200	-0000000003549,00	 0000000000000,00	 0000000000000,00	 0000000000000,00
4500700	-0000000012000,00	 0000000000000,00	 0000000000000,00	 0000000000000,00
4500800	 0000000000000,00	 0000000000000,00	 0000000000000,00	 0000000000000,00
4500900	 0000000013296,00	 0000000000000,00	 0000000000000,00	 0000000000000,00
4500901	 0000000003590,00	 0000000000000,00	 0000000000000,00	 0000000000000,00
4500911	 0000000000000,00	 0000000000000,00	 0000000000000,00	 0000000000000,00
4500921	 0000000009706,00	 0000000000000,00	 0000000000000,00	 0000000000000,00
4600000	-0000000078810,00	 0000000000000,00	 0000000000000,00	-0000000001207,00
4610000	-0000000046724,00	 0000000000000,00	 0000000000000,00	-0000000000693,00
4610100	-0000000033724,00	 0000000000000,00	 0000000000000,00	-0000000000646,00
4610200	-0000000004014,00	 0000000000000,00	 0000000000000,00	 0000000000000,00
4610300	-0000000000993,00	 0000000000000,00	 0000000000000,00	 0000000000000,00
4610400	-0000000005458,00	 0000000000000,00	 0000000000000,00	-0000000000024,00
4610500	-0000000002535,00	 0000000000000,00	 0000000000000,00	-0000000000023,00
4620000	-0000000014654,00	 0000000000000,00	 0000000000000,00	-0000000000057,00
4630000	 0000000000000,00	 0000000000000,00	 0000000000000,00	 0000000000000,00
4650000	-0000000006810,00	 0000000000000,00	 0000000000000,00	-0000000000030,00
4650100	-0000000002146,00	 0000000000000,00	 0000000000000,00	 0000000000000,00
4650200	 0000000000000,00	 0000000000000,00	 0000000000000,00	 0000000000000,00
4650201	 0000000000000,00	 0000000000000,00	 0000000000000,00	 0000000000000,00
4650211	 0000000000000,00	 0000000000000,00	 0000000000000,00	 0000000000000,00
4650290	 0000000000000,00	 0000000000000,00	 0000000000000,00	 0000000000000,00
4650900	-0000000004664,00	 0000000000000,00	 0000000000000,00	-0000000000030,00
4700000	 0000000003564,00	 0000000000000,00	 0000000000000,00	 0000000000000,00
4700100	 0000000003564,00	 0000000000000,00	 0000000000000,00	 0000000000000,00
4700101	 0000000000000,00	 0000000000000,00	 0000000000000,00	 0000000000000,00
4700102	 0000000000000,00	 0000000000000,00	 0000000000000,00	 0000000000000,00
4700103	 0000000003492,00	 0000000000000,00	 0000000000000,00	 0000000000000,00
4700110	 0000000000072,00	 0000000000000,00	 0000000000000,00	 0000000000000,00
4700200	 0000000000000,00	 0000000000000,00	 0000000000000,00	 0000000000000,00
4700201	 0000000000000,00	 0000000000000,00	 0000000000000,00	 0000000000000,00
4700202	 0000000000000,00	 0000000000000,00	 0000000000000,00	 0000000000000,00
4700203	 0000000000000,00	 0000000000000,00	 0000000000000,00	 0000000000000,00
4700210	 0000000000000,00	 0000000000000,00	 0000000000000,00	 0000000000000,00
4800000	-0000000022719,00	 0000000000000,00	 0000000000000,00	 0000000000000,00
4800001	-0000000029064,00	 0000000000000,00	 0000000000000,00	 0000000000000,00
4850000	 0000000000000,00	 0000000000000,00	 0000000000000,00	 0000000000000,00
4900000	 0000000000000,00	 0000000000000,00	 0000000000000,00	 0000000000000,00
5003000	 0000000142563,00	 0000000083073,00	 0000000002179,00	 0000000005504,00
5004000	 0000000064987,00	 0000000000000,00	 0000000000044,00	 0000000001473,00
5005000	 0000000211048,00	 0000000115647,00	 0000000002008,00	 0000000005886,00
5006000	 0000000156745,00	 0000000115647,00	 0000000002008,00	 0000000005316,00
5007000	 0000000009747,00	 0000000115647,00	 0000000002008,00	 0000000003329,00
5008000	 0000000013311,00	 0000000115647,00	 0000000002008,00	 0000000003329,00
5009000	-0000000009408,00	 0000000115647,00	 0000000002008,00	 0000000003329,00
5010000	-0000000009408,00	 0000000115647,00	 0000000002008,00	 0000000003329,00
5020000	-0000000009408,00	 0000000115647,00	 0000000002008,00	 0000000003329,00
