051	BANCO FALABELLA
1000000	 0000001689007,00	 0000000649897,00	 0000000000000,00	 0000000039257,00
1100000	 0000000070090,00	 0000000000000,00	 0000000000000,00	 0000000010190,00
1100100	 0000000064244,00	 0000000000000,00	 0000000000000,00	 0000000001977,00
1100200	 0000000005409,00	 0000000000000,00	 0000000000000,00	 0000000007626,00
1100300	 0000000000437,00	 0000000000000,00	 0000000000000,00	 0000000000107,00
1100400	 0000000000000,00	 0000000000000,00	 0000000000000,00	 0000000000480,00
1130000	 0000000043034,00	 0000000000000,00	 0000000000000,00	 0000000028154,00
1130100	 0000000004991,00	 0000000000000,00	 0000000000000,00	 0000000000000,00
1130200	 0000000038043,00	 0000000000000,00	 0000000000000,00	 0000000028154,00
1150000	 0000000092505,00	 0000000016016,00	 0000000000000,00	 0000000000000,00
1150100	 0000000032405,00	 0000000016016,00	 0000000000000,00	 0000000000000,00
1150200	 0000000000000,00	 0000000000000,00	 0000000000000,00	 0000000000000,00
1150300	 0000000000000,00	 0000000000000,00	 0000000000000,00	 0000000000000,00
1150400	 0000000060100,00	 0000000000000,00	 0000000000000,00	 0000000000000,00
1160000	 0000000000000,00	 0000000000000,00	 0000000000000,00	 0000000000000,00
1160100	 0000000000000,00	 0000000000000,00	 0000000000000,00	 0000000000000,00
1160200	 0000000000000,00	 0000000000000,00	 0000000000000,00	 0000000000000,00
1250000	 0000000018124,00	 0000000000000,00	 0000000000000,00	 0000000000000,00
1250100	 0000000018124,00	 0000000000000,00	 0000000000000,00	 0000000000000,00
1250200	 0000000000000,00	 0000000000000,00	 0000000000000,00	 0000000000000,00
1270000	 0000000000000,00	 0000000000000,00	 0000000000000,00	 0000000000000,00
1270100	 0000000000000,00	 0000000000000,00	 0000000000000,00	 0000000000000,00
1270112	 0000000000000,00	 0000000000000,00	 0000000000000,00	 0000000000000,00
1270113	 0000000000000,00	 0000000000000,00	 0000000000000,00	 0000000000000,00
1270116	 0000000000000,00	 0000000000000,00	 0000000000000,00	 0000000000000,00
1270117	 0000000000000,00	 0000000000000,00	 0000000000000,00	 0000000000000,00
1270118	 0000000000000,00	 0000000000000,00	 0000000000000,00	 0000000000000,00
1270190	 0000000000000,00	 0000000000000,00	 0000000000000,00	 0000000000000,00
1270200	 0000000000000,00	 0000000000000,00	 0000000000000,00	 0000000000000,00
1270202	 0000000000000,00	 0000000000000,00	 0000000000000,00	 0000000000000,00
1270203	 0000000000000,00	 0000000000000,00	 0000000000000,00	 0000000000000,00
1270206	 0000000000000,00	 0000000000000,00	 0000000000000,00	 0000000000000,00
1270207	 0000000000000,00	 0000000000000,00	 0000000000000,00	 0000000000000,00
1270208	 0000000000000,00	 0000000000000,00	 0000000000000,00	 0000000000000,00
1270290	 0000000000000,00	 0000000000000,00	 0000000000000,00	 0000000000000,00
1270300	 0000000000000,00	 0000000000000,00	 0000000000000,00	 0000000000000,00
1300000	 0000000981204,00	 0000000548403,00	 0000000000000,00	 0000000000792,00
1302000	 0000000000085,00	 0000000110528,00	 0000000000000,00	 0000000000000,00
1302100	 0000000000014,00	 0000000007476,00	 0000000000000,00	 0000000000000,00
1302101	 0000000000014,00	 0000000004450,00	 0000000000000,00	 0000000000000,00
1302102	 0000000000000,00	 0000000000000,00	 0000000000000,00	 0000000000000,00
1302170	 0000000000000,00	 0000000000799,00	 0000000000000,00	 0000000000000,00
1302180	 0000000000000,00	 0000000002227,00	 0000000000000,00	 0000000000000,00
1302200	 0000000000000,00	 0000000000000,00	 0000000000000,00	 0000000000000,00
1302201	 0000000000000,00	 0000000000000,00	 0000000000000,00	 0000000000000,00
1302202	 0000000000000,00	 0000000000000,00	 0000000000000,00	 0000000000000,00
1302241	 0000000000000,00	 0000000000000,00	 0000000000000,00	 0000000000000,00
1302242	 0000000000000,00	 0000000000000,00	 0000000000000,00	 0000000000000,00
1302281	 0000000000000,00	 0000000000000,00	 0000000000000,00	 0000000000000,00
1302282	 0000000000000,00	 0000000000000,00	 0000000000000,00	 0000000000000,00
1302300	 0000000000065,00	 0000000000000,00	 0000000000000,00	 0000000000000,00
1302500	 0000000000000,00	 0000000000000,00	 0000000000000,00	 0000000000000,00
1302600	 0000000000006,00	 0000000103052,00	 0000000000000,00	 0000000000000,00
1302601	 0000000000006,00	 0000000077324,00	 0000000000000,00	 0000000000000,00
1302602	 0000000000000,00	 0000000018359,00	 0000000000000,00	 0000000000000,00
1302604	 0000000000000,00	 0000000007369,00	 0000000000000,00	 0000000000000,00
1302800	 0000000000000,00	 0000000000000,00	 0000000000000,00	 0000000000000,00
1302900	 0000000000000,00	 0000000000000,00	 0000000000000,00	 0000000000000,00
1304000	 0000000000076,00	 0000000437875,00	 0000000000000,00	 0000000000000,00
1304100	 0000000000018,00	 0000000091815,00	 0000000000000,00	 0000000000000,00
1304101	 0000000000018,00	 0000000091815,00	 0000000000000,00	 0000000000000,00
1304102	 0000000000000,00	 0000000000000,00	 0000000000000,00	 0000000000000,00
1304200	 0000000000007,00	 0000000082557,00	 0000000000000,00	 0000000000000,00
1304400	 0000000000000,00	 0000000000000,00	 0000000000000,00	 0000000000000,00
1304500	 0000000000047,00	 0000000239392,00	 0000000000000,00	 0000000000000,00
1304600	 0000000000000,00	 0000000000000,00	 0000000000000,00	 0000000000000,00
1304800	 0000000000000,00	 0000000000000,00	 0000000000000,00	 0000000000000,00
1304900	 0000000000004,00	 0000000024111,00	 0000000000000,00	 0000000000000,00
1305000	 0000001060486,00	 0000000000000,00	 0000000000000,00	 0000000000792,00
1305100	 0000000990767,00	 0000000000000,00	 0000000000000,00	 0000000000000,00
1305300	 0000000053207,00	 0000000000000,00	 0000000000000,00	 0000000000000,00
1305400	 0000000016512,00	 0000000000000,00	 0000000000000,00	 0000000000792,00
1305800	 0000000000000,00	 0000000000000,00	 0000000000000,00	 0000000000000,00
1305900	 0000000000000,00	 0000000000000,00	 0000000000000,00	 0000000000000,00
1309000	-0000000079443,00	 0000000000000,00	 0000000000000,00	 0000000000000,00
1309100	-0000000004905,00	 0000000000000,00	 0000000000000,00	 0000000000000,00
1309200	-0000000004249,00	 0000000000000,00	 0000000000000,00	 0000000000000,00
1309300	-0000000070289,00	 0000000000000,00	 0000000000000,00	 0000000000000,00
1350000	 0000000406161,00	 0000000084865,00	 0000000000000,00	 0000000000000,00
1350100	 0000000138675,00	 0000000008077,00	 0000000000000,00	 0000000000000,00
1350200	 0000000267486,00	 0000000076788,00	 0000000000000,00	 0000000000000,00
1350300	 0000000000000,00	 0000000000000,00	 0000000000000,00	 0000000000000,00
1360000	 0000000000000,00	 0000000000000,00	 0000000000000,00	 0000000000000,00
1360100	 0000000000000,00	 0000000000000,00	 0000000000000,00	 0000000000000,00
1360200	 0000000000000,00	 0000000000000,00	 0000000000000,00	 0000000000000,00
1360300	 0000000000000,00	 0000000000000,00	 0000000000000,00	 0000000000000,00
1400000	 0000000000240,00	 0000000000000,00	 0000000000000,00	 0000000000000,00
1400100	 0000000000000,00	 0000000000000,00	 0000000000000,00	 0000000000000,00
1400101	 0000000000000,00	 0000000000000,00	 0000000000000,00	 0000000000000,00
1400103	 0000000000000,00	 0000000000000,00	 0000000000000,00	 0000000000000,00
1400200	 0000000000240,00	 0000000000000,00	 0000000000000,00	 0000000000000,00
1500000	 0000000024809,00	 0000000000000,00	 0000000000000,00	 0000000000000,00
1500100	 0000000000000,00	 0000000000000,00	 0000000000000,00	 0000000000000,00
1500200	 0000000024809,00	 0000000000000,00	 0000000000000,00	 0000000000000,00
1600000	 0000000014406,00	 0000000000000,00	 0000000000000,00	 0000000000000,00
1600100	 0000000007466,00	 0000000000000,00	 0000000000000,00	 0000000000000,00
1600200	 0000000006940,00	 0000000000000,00	 0000000000000,00	 0000000000000,00
1700000	 0000000000000,00	 0000000000000,00	 0000000000000,00	 0000000000000,00
1750000	 0000000024153,00	 0000000000000,00	 0000000000000,00	 0000000000000,00
1800000	 0000000014281,00	 0000000000613,00	 0000000000000,00	 0000000000121,00
1800100	 0000000000000,00	 0000000000000,00	 0000000000000,00	 0000000000000,00
1800200	 0000000000261,00	 0000000000000,00	 0000000000000,00	 0000000000000,00
1800900	 0000000014020,00	 0000000000613,00	 0000000000000,00	 0000000000121,00
2000000	 0000001586758,00	 0000000410999,00	 0000000000000,00	 0000000141056,00
2100000	 0000000371261,00	 0000000008665,00	 0000000000000,00	 0000000000131,00
2100100	 0000000266249,00	 0000000000000,00	 0000000000000,00	 0000000000000,00
2100109	 0000000005955,00	 0000000000000,00	 0000000000000,00	 0000000000000,00
2100110	 0000000260294,00	 0000000000000,00	 0000000000000,00	 0000000000000,00
2100200	 0000000083013,00	 0000000000000,00	 0000000000000,00	 0000000000000,00
2100300	 0000000021999,00	 0000000008665,00	 0000000000000,00	 0000000000131,00
2130000	 0000000026110,00	 0000000000000,00	 0000000000000,00	 0000000036398,00
2160000	 0000000000000,00	 0000000000000,00	 0000000000000,00	 0000000000000,00
2160100	 0000000000000,00	 0000000000000,00	 0000000000000,00	 0000000000000,00
2160200	 0000000000000,00	 0000000000000,00	 0000000000000,00	 0000000000000,00
2200000	 0000001090630,00	 0000000065571,00	 0000000000000,00	 0000000103814,00
2200100	 0000000737601,00	 0000000005708,00	 0000000000000,00	 0000000103796,00
2200200	 0000000000000,00	 0000000059222,00	 0000000000000,00	 0000000000000,00
2200900	 0000000353029,00	 0000000000641,00	 0000000000000,00	 0000000000018,00
2250000	 0000000016747,00	 0000000000000,00	 0000000000000,00	 0000000000073,00
2250100	 0000000016747,00	 0000000000000,00	 0000000000000,00	 0000000000073,00
2250200	 0000000000000,00	 0000000000000,00	 0000000000000,00	 0000000000000,00
2300000	 0000000000000,00	 0000000000000,00	 0000000000000,00	 0000000000000,00
2301000	 0000000000000,00	 0000000000000,00	 0000000000000,00	 0000000000000,00
2301001	 0000000000000,00	 0000000000000,00	 0000000000000,00	 0000000000000,00
2302000	 0000000000000,00	 0000000000000,00	 0000000000000,00	 0000000000000,00
2302100	 0000000000000,00	 0000000000000,00	 0000000000000,00	 0000000000000,00
2302200	 0000000000000,00	 0000000000000,00	 0000000000000,00	 0000000000000,00
2303000	 0000000000000,00	 0000000000000,00	 0000000000000,00	 0000000000000,00
2303100	 0000000000000,00	 0000000000000,00	 0000000000000,00	 0000000000000,00
2303900	 0000000000000,00	 0000000000000,00	 0000000000000,00	 0000000000000,00
2400000	 0000000031351,00	 0000000296195,00	 0000000000000,00	 0000000000000,00
2401000	 0000000000000,00	 0000000093925,00	 0000000000000,00	 0000000000000,00
2402000	 0000000031351,00	 0000000202270,00	 0000000000000,00	 0000000000000,00
2402100	 0000000030802,00	 0000000164157,00	 0000000000000,00	 0000000000000,00
2402200	 0000000000549,00	 0000000038113,00	 0000000000000,00	 0000000000000,00
2402300	 0000000000000,00	 0000000000000,00	 0000000000000,00	 0000000000000,00
2500000	 0000000004408,00	 0000000034365,00	 0000000000000,00	 0000000000000,00
2500100	 0000000000000,00	 0000000034365,00	 0000000000000,00	 0000000000000,00
2500200	 0000000004408,00	 0000000000000,00	 0000000000000,00	 0000000000000,00
2500300	 0000000000000,00	 0000000000000,00	 0000000000000,00	 0000000000000,00
2600000	 0000000000270,00	 0000000000000,00	 0000000000000,00	 0000000000000,00
2650000	 0000000011813,00	 0000000000000,00	 0000000000000,00	 0000000000000,00
2700000	 0000000018609,00	 0000000000000,00	 0000000000000,00	 0000000000000,00
2700100	 0000000004041,00	 0000000000000,00	 0000000000000,00	 0000000000000,00
2700200	 0000000013135,00	 0000000000000,00	 0000000000000,00	 0000000000000,00
2700300	 0000000001431,00	 0000000000000,00	 0000000000000,00	 0000000000000,00
2700400	 0000000000002,00	 0000000000000,00	 0000000000000,00	 0000000000000,00
2700401	 0000000000000,00	 0000000000000,00	 0000000000000,00	 0000000000000,00
2700402	 0000000000000,00	 0000000000000,00	 0000000000000,00	 0000000000000,00
2700411	 0000000000000,00	 0000000000000,00	 0000000000000,00	 0000000000000,00
2700412	 0000000000000,00	 0000000000000,00	 0000000000000,00	 0000000000000,00
2700413	 0000000000000,00	 0000000000000,00	 0000000000000,00	 0000000000000,00
2700421	 0000000000000,00	 0000000000000,00	 0000000000000,00	 0000000000000,00
2700422	 0000000000000,00	 0000000000000,00	 0000000000000,00	 0000000000000,00
2700423	 0000000000002,00	 0000000000000,00	 0000000000000,00	 0000000000000,00
2700490	 0000000000000,00	 0000000000000,00	 0000000000000,00	 0000000000000,00
2800000	 0000000015559,00	 0000000006203,00	 0000000000000,00	 0000000000640,00
3000000	 0000000239348,00	 0000000000000,00	 0000000000000,00	 0000000000000,00
3101000	 0000000035286,00	 0000000000000,00	 0000000000000,00	 0000000000000,00
3102000	 0000000173642,00	 0000000000000,00	 0000000000000,00	 0000000000000,00
3103000	-0000000000234,00	 0000000000000,00	 0000000000000,00	 0000000000000,00
3104000	 0000000030647,00	 0000000000000,00	 0000000000000,00	 0000000000000,00
3104100	 0000000000000,00	 0000000000000,00	 0000000000000,00	 0000000000000,00
3104200	 0000000043782,00	 0000000000000,00	 0000000000000,00	 0000000000000,00
3104300	-0000000013135,00	 0000000000000,00	 0000000000000,00	 0000000000000,00
3200000	 0000000000007,00	 0000000000000,00	 0000000000000,00	 0000000000000,00
5001000	 0000000239341,00	 0000000000000,00	 0000000000000,00	 0000000000000,00
5002000	 0000001826106,00	 0000000410999,00	 0000000000000,00	 0000000141056,00
5100000	 0000001060647,00	 0000000548403,00	 0000000000000,00	 0000000000792,00
