039	BANCO ITAU CHILE                        
4100000	 0000000150527,00	 0000000075634,00	 0000000001540,00	 0000000020786,00
4100100	 0000000000844,00	 0000000000000,00	 0000000000000,00	 0000000000000,00
4100101	 0000000000844,00	 0000000000000,00	 0000000000000,00	 0000000000000,00
4100151	 0000000000000,00	 0000000000000,00	 0000000000000,00	 0000000000000,00
4100200	 0000000000273,00	 0000000000000,00	 0000000000000,00	 0000000000001,00
4100201	 0000000000273,00	 0000000000000,00	 0000000000000,00	 0000000000001,00
4100251	 0000000000000,00	 0000000000000,00	 0000000000000,00	 0000000000000,00
4100300	 0000000065099,00	 0000000037736,00	 0000000001538,00	 0000000020563,00
4100301	 0000000049695,00	 0000000021420,00	 0000000000000,00	 0000000007516,00
4100309	 0000000001615,00	 0000000000000,00	 0000000000000,00	 0000000012744,00
4100310	 0000000005832,00	 0000000000000,00	 0000000000000,00	 0000000000000,00
4100320	 0000000004544,00	 0000000000226,00	 0000000000000,00	 0000000000000,00
4100330	 0000000003221,00	 0000000004490,00	 0000000000558,00	 0000000000303,00
4100340	 0000000000000,00	 0000000002659,00	 0000000000000,00	 0000000000000,00
4100351	 0000000000000,00	 0000000006979,00	 0000000000000,00	 0000000000000,00
4100359	 0000000000000,00	 0000000000000,00	 0000000000000,00	 0000000000000,00
4100360	 0000000000000,00	 0000000000000,00	 0000000000000,00	 0000000000000,00
4100370	 0000000000000,00	 0000000000069,00	 0000000000000,00	 0000000000000,00
4100380	 0000000000000,00	 0000000001265,00	 0000000000980,00	 0000000000000,00
4100390	 0000000000000,00	 0000000000628,00	 0000000000000,00	 0000000000000,00
4100399	 0000000000192,00	 0000000000000,00	 0000000000000,00	 0000000000000,00
4100400	 0000000000302,00	 0000000034750,00	 0000000000000,00	 0000000000000,00
4100401	 0000000000016,00	 0000000000802,00	 0000000000000,00	 0000000000000,00
4100402	 0000000000130,00	 0000000000000,00	 0000000000000,00	 0000000000000,00
4100405	 0000000000005,00	 0000000000560,00	 0000000000000,00	 0000000000000,00
4100407	 0000000000124,00	 0000000024983,00	 0000000000000,00	 0000000000000,00
4100408	 0000000000000,00	 0000000000000,00	 0000000000000,00	 0000000000000,00
4100420	 0000000000000,00	 0000000000000,00	 0000000000000,00	 0000000000000,00
4100430	 0000000000000,00	 0000000000000,00	 0000000000000,00	 0000000000000,00
4100451	 0000000000000,00	 0000000000246,00	 0000000000000,00	 0000000000000,00
4100455	 0000000000000,00	 0000000000149,00	 0000000000000,00	 0000000000000,00
4100457	 0000000000000,00	 0000000008010,00	 0000000000000,00	 0000000000000,00
4100458	 0000000000000,00	 0000000000000,00	 0000000000000,00	 0000000000000,00
4100480	 0000000000000,00	 0000000000000,00	 0000000000000,00	 0000000000000,00
4100490	 0000000000000,00	 0000000000000,00	 0000000000000,00	 0000000000000,00
4100499	 0000000000027,00	 0000000000000,00	 0000000000000,00	 0000000000000,00
4100500	 0000000067711,00	 0000000000088,00	 0000000000002,00	 0000000000000,00
4100501	 0000000031795,00	 0000000000057,00	 0000000000000,00	 0000000000000,00
4100510	 0000000019762,00	 0000000000000,00	 0000000000000,00	 0000000000000,00
4100520	 0000000015286,00	 0000000000000,00	 0000000000000,00	 0000000000000,00
4100530	 0000000000006,00	 0000000000014,00	 0000000000000,00	 0000000000000,00
4100540	 0000000000000,00	 0000000000000,00	 0000000000000,00	 0000000000000,00
4100590	 0000000000000,00	 0000000000017,00	 0000000000002,00	 0000000000000,00
4100599	 0000000000862,00	 0000000000000,00	 0000000000000,00	 0000000000000,00
4100600	 0000000012317,00	 0000000003060,00	 0000000000000,00	 0000000000000,00
4100601	 0000000012317,00	 0000000001832,00	 0000000000000,00	 0000000000000,00
4100621	 0000000000000,00	 0000000000000,00	 0000000000000,00	 0000000000000,00
4100651	 0000000000000,00	 0000000001228,00	 0000000000000,00	 0000000000000,00
4100671	 0000000000000,00	 0000000000000,00	 0000000000000,00	 0000000000000,00
4100800	 0000000001870,00	 0000000000000,00	 0000000000000,00	 0000000000222,00
4100801	 0000000001529,00	 0000000000000,00	 0000000000000,00	 0000000000000,00
4100804	 0000000000000,00	 0000000000000,00	 0000000000000,00	 0000000000093,00
4100810	 0000000000326,00	 0000000000000,00	 0000000000000,00	 0000000000129,00
4100850	 0000000000015,00	 0000000000000,00	 0000000000000,00	 0000000000000,00
4100900	 0000000002111,00	 0000000000000,00	 0000000000000,00	 0000000000000,00
4150000	-0000000064593,00	-0000000062031,00	 0000000000000,00	-0000000007015,00
4150100	 0000000000000,00	 0000000000000,00	 0000000000000,00	 0000000000000,00
4150101	 0000000000000,00	 0000000000000,00	 0000000000000,00	 0000000000000,00
4150102	 0000000000000,00	 0000000000000,00	 0000000000000,00	 0000000000000,00
4150103	 0000000000000,00	 0000000000000,00	 0000000000000,00	 0000000000000,00
4150151	 0000000000000,00	 0000000000000,00	 0000000000000,00	 0000000000000,00
4150200	-0000000002013,00	-0000000000252,00	 0000000000000,00	 0000000000000,00
4150201	-0000000002013,00	-0000000000252,00	 0000000000000,00	 0000000000000,00
4150251	 0000000000000,00	 0000000000000,00	 0000000000000,00	 0000000000000,00
4150300	-0000000052689,00	-0000000038001,00	 0000000000000,00	-0000000002883,00
4150301	-0000000052689,00	-0000000027243,00	 0000000000000,00	-0000000002883,00
4150302	 0000000000000,00	 0000000000000,00	 0000000000000,00	 0000000000000,00
4150309	 0000000000000,00	 0000000000000,00	 0000000000000,00	 0000000000000,00
4150351	 0000000000000,00	-0000000010758,00	 0000000000000,00	 0000000000000,00
4150352	 0000000000000,00	 0000000000000,00	 0000000000000,00	 0000000000000,00
4150359	 0000000000000,00	 0000000000000,00	 0000000000000,00	 0000000000000,00
4150400	-0000000009891,00	-0000000001262,00	 0000000000000,00	-0000000004132,00
4150401	-0000000009891,00	-0000000001262,00	 0000000000000,00	-0000000004132,00
4150451	 0000000000000,00	 0000000000000,00	 0000000000000,00	 0000000000000,00
4150500	 0000000000000,00	-0000000022088,00	 0000000000000,00	 0000000000000,00
4150501	 0000000000000,00	-0000000001246,00	 0000000000000,00	 0000000000000,00
4150511	 0000000000000,00	-0000000013776,00	 0000000000000,00	 0000000000000,00
4150521	 0000000000000,00	-0000000001348,00	 0000000000000,00	 0000000000000,00
4150551	 0000000000000,00	-0000000000378,00	 0000000000000,00	 0000000000000,00
4150561	 0000000000000,00	-0000000004971,00	 0000000000000,00	 0000000000000,00
4150571	 0000000000000,00	-0000000000369,00	 0000000000000,00	 0000000000000,00
4150600	 0000000000000,00	-0000000000097,00	 0000000000000,00	 0000000000000,00
4150601	 0000000000000,00	-0000000000068,00	 0000000000000,00	 0000000000000,00
4150651	 0000000000000,00	-0000000000029,00	 0000000000000,00	 0000000000000,00
4150800	 0000000000000,00	-0000000000331,00	 0000000000000,00	 0000000000000,00
4150801	 0000000000000,00	 0000000000000,00	 0000000000000,00	 0000000000000,00
4150851	 0000000000000,00	-0000000000331,00	 0000000000000,00	 0000000000000,00
4150900	 0000000000000,00	 0000000000000,00	 0000000000000,00	 0000000000000,00
4200000	 0000000032577,00	 0000000000958,00	 0000000000000,00	 0000000006261,00
4200100	 0000000000851,00	 0000000000000,00	 0000000000000,00	 0000000000000,00
4200200	 0000000001789,00	 0000000000958,00	 0000000000000,00	 0000000000383,00
4200300	 0000000012194,00	 0000000000000,00	 0000000000000,00	 0000000000000,00
4200303	 0000000000507,00	 0000000000000,00	 0000000000000,00	 0000000000000,00
4200304	 0000000002178,00	 0000000000000,00	 0000000000000,00	 0000000000000,00
4200305	 0000000005551,00	 0000000000000,00	 0000000000000,00	 0000000000000,00
4200306	 0000000003958,00	 0000000000000,00	 0000000000000,00	 0000000000000,00
4200307	 0000000000000,00	 0000000000000,00	 0000000000000,00	 0000000000000,00
4200309	 0000000000000,00	 0000000000000,00	 0000000000000,00	 0000000000000,00
4200400	 0000000001075,00	 0000000000000,00	 0000000000000,00	 0000000000000,00
4200500	 0000000001899,00	 0000000000000,00	 0000000000000,00	 0000000000004,00
4200600	 0000000002651,00	 0000000000000,00	 0000000000000,00	 0000000001541,00
4200700	 0000000004473,00	 0000000000000,00	 0000000000000,00	 0000000000000,00
4200800	 0000000002778,00	 0000000000000,00	 0000000000000,00	 0000000000000,00
4200900	 0000000004867,00	 0000000000000,00	 0000000000000,00	 0000000004333,00
4250000	-0000000004310,00	 0000000000000,00	 0000000000000,00	-0000000000410,00
4250100	-0000000004115,00	 0000000000000,00	 0000000000000,00	 0000000000000,00
4250101	-0000000001998,00	 0000000000000,00	 0000000000000,00	 0000000000000,00
4250102	-0000000002117,00	 0000000000000,00	 0000000000000,00	 0000000000000,00
4250190	 0000000000000,00	 0000000000000,00	 0000000000000,00	 0000000000000,00
4250200	 0000000000000,00	 0000000000000,00	 0000000000000,00	 0000000000000,00
4250300	-0000000000195,00	 0000000000000,00	 0000000000000,00	-0000000000410,00
4300000	-0000000018881,00	 0000000000613,00	 0000000000000,00	 0000000002971,00
4300100	 0000000000612,00	 0000000000418,00	 0000000000000,00	 0000000000000,00
4300101	 0000000000382,00	 0000000000428,00	 0000000000000,00	 0000000000000,00
4300102	 0000000000126,00	-0000000000010,00	 0000000000000,00	 0000000000000,00
4300103	 0000000000043,00	 0000000000000,00	 0000000000000,00	 0000000000000,00
4300104	-0000000000023,00	 0000000000000,00	 0000000000000,00	 0000000000000,00
4300190	 0000000000084,00	 0000000000000,00	 0000000000000,00	 0000000000000,00
4300200	-0000000019843,00	 0000000000195,00	 0000000000000,00	 0000000002971,00
4300300	 0000000000350,00	 0000000000000,00	 0000000000000,00	 0000000000000,00
4300400	 0000000000000,00	 0000000000000,00	 0000000000000,00	 0000000000000,00
4300500	 0000000000000,00	 0000000000000,00	 0000000000000,00	 0000000000000,00
4350000	 0000000041208,00	 0000000000000,00	 0000000000000,00	 0000000000000,00
4350100	 0000000041117,00	 0000000000000,00	 0000000000000,00	 0000000000000,00
4350200	 0000000000091,00	 0000000000000,00	 0000000000000,00	 0000000000000,00
4350900	 0000000000000,00	 0000000000000,00	 0000000000000,00	 0000000000000,00
4400000	 0000000004505,00	 0000000000000,00	 0000000000000,00	 0000000000951,00
4400100	 0000000000166,00	 0000000000000,00	 0000000000000,00	 0000000000000,00
4400200	 0000000000821,00	 0000000000000,00	 0000000000000,00	 0000000000000,00
4400300	 0000000003518,00	 0000000000000,00	 0000000000000,00	 0000000000951,00
4500000	-0000000032913,00	 0000000000000,00	 0000000000000,00	 0000000000000,00
4500100	-0000000038030,00	 0000000000000,00	 0000000000000,00	 0000000000000,00
4500101	-0000000018376,00	 0000000000000,00	 0000000000000,00	 0000000000000,00
4500111	-0000000001129,00	 0000000000000,00	 0000000000000,00	 0000000000000,00
4500112	-0000000018523,00	 0000000000000,00	 0000000000000,00	 0000000000000,00
4500190	-0000000000002,00	 0000000000000,00	 0000000000000,00	 0000000000000,00
4500200	 0000000000510,00	 0000000000000,00	 0000000000000,00	 0000000000000,00
4500700	 0000000000000,00	 0000000000000,00	 0000000000000,00	 0000000000000,00
4500701	 0000000000000,00	 0000000000000,00	 0000000000000,00	 0000000000000,00
4500702	 0000000000000,00	 0000000000000,00	 0000000000000,00	 0000000000000,00
4500703	 0000000000000,00	 0000000000000,00	 0000000000000,00	 0000000000000,00
4500800	 0000000000000,00	 0000000000000,00	 0000000000000,00	 0000000000000,00
4500801	 0000000000000,00	 0000000000000,00	 0000000000000,00	 0000000000000,00
4500802	 0000000000000,00	 0000000000000,00	 0000000000000,00	 0000000000000,00
4500803	 0000000000000,00	 0000000000000,00	 0000000000000,00	 0000000000000,00
4500900	 0000000004607,00	 0000000000000,00	 0000000000000,00	 0000000000000,00
4500901	 0000000001077,00	 0000000000000,00	 0000000000000,00	 0000000000000,00
4500911	 0000000000000,00	 0000000000000,00	 0000000000000,00	 0000000000000,00
4500921	 0000000003530,00	 0000000000000,00	 0000000000000,00	 0000000000000,00
4500931	 0000000000000,00	 0000000000000,00	 0000000000000,00	 0000000000000,00
4600000	-0000000046810,00	 0000000000000,00	 0000000000000,00	 0000000000000,00
4610000	-0000000033011,00	 0000000000000,00	 0000000000000,00	 0000000000000,00
4610100	-0000000025323,00	 0000000000000,00	 0000000000000,00	 0000000000000,00
4610200	-0000000003184,00	 0000000000000,00	 0000000000000,00	 0000000000000,00
4610300	-0000000000028,00	 0000000000000,00	 0000000000000,00	 0000000000000,00
4610400	-0000000001756,00	 0000000000000,00	 0000000000000,00	 0000000000000,00
4610500	-0000000002720,00	 0000000000000,00	 0000000000000,00	 0000000000000,00
4620000	-0000000005179,00	 0000000000000,00	 0000000000000,00	 0000000000000,00
4630000	 0000000000000,00	 0000000000000,00	 0000000000000,00	 0000000000000,00
4650000	-0000000006765,00	 0000000000000,00	 0000000000000,00	 0000000000000,00
4650100	-0000000000056,00	 0000000000000,00	 0000000000000,00	 0000000000000,00
4650200	-0000000000371,00	 0000000000000,00	 0000000000000,00	 0000000000000,00
4650201	-0000000000311,00	 0000000000000,00	 0000000000000,00	 0000000000000,00
4650211	 0000000000000,00	 0000000000000,00	 0000000000000,00	 0000000000000,00
4650290	-0000000000060,00	 0000000000000,00	 0000000000000,00	 0000000000000,00
4650900	-0000000006338,00	 0000000000000,00	 0000000000000,00	 0000000000000,00
4700000	 0000000000077,00	 0000000000000,00	 0000000000000,00	 0000000000000,00
4700100	 0000000000077,00	 0000000000000,00	 0000000000000,00	 0000000000000,00
4700101	 0000000000000,00	 0000000000000,00	 0000000000000,00	 0000000000000,00
4700102	 0000000000000,00	 0000000000000,00	 0000000000000,00	 0000000000000,00
4700103	 0000000000000,00	 0000000000000,00	 0000000000000,00	 0000000000000,00
4700110	 0000000000077,00	 0000000000000,00	 0000000000000,00	 0000000000000,00
4700200	 0000000000000,00	 0000000000000,00	 0000000000000,00	 0000000000000,00
4700201	 0000000000000,00	 0000000000000,00	 0000000000000,00	 0000000000000,00
4700202	 0000000000000,00	 0000000000000,00	 0000000000000,00	 0000000000000,00
4700203	 0000000000000,00	 0000000000000,00	 0000000000000,00	 0000000000000,00
4700210	 0000000000000,00	 0000000000000,00	 0000000000000,00	 0000000000000,00
4800000	-0000000009542,00	 0000000000000,00	 0000000000000,00	 0000000000000,00
4800001	-0000000013756,00	 0000000000000,00	 0000000000000,00	 0000000000000,00
4850000	 0000000000000,00	 0000000000000,00	 0000000000000,00	 0000000000000,00
4900000	 0000000000005,00	 0000000000000,00	 0000000000000,00	 0000000000000,00
5003000	 0000000085934,00	 0000000013603,00	 0000000001540,00	 0000000013771,00
5004000	 0000000028267,00	 0000000000958,00	 0000000000000,00	 0000000005851,00
5005000	 0000000141033,00	 0000000015174,00	 0000000001540,00	 0000000023544,00
5006000	 0000000108120,00	 0000000015174,00	 0000000001540,00	 0000000023544,00
5007000	 0000000016355,00	 0000000015174,00	 0000000001540,00	 0000000023544,00
5008000	 0000000016432,00	 0000000015174,00	 0000000001540,00	 0000000023544,00
5009000	 0000000006890,00	 0000000015174,00	 0000000001540,00	 0000000023544,00
5010000	 0000000006890,00	 0000000015174,00	 0000000001540,00	 0000000023544,00
5020000	 0000000006885,00	 0000000015174,00	 0000000001540,00	 0000000023544,00
