507	BANCO DEL DESARROLLO                                                    
1000000	 0000001374263,00	 0000001585058,00	 0000000000985,00	 0000000114462,00
1100000	 0000000026428,00	 0000000000000,00	 0000000000000,00	 0000000006443,00
1100100	 0000000017290,00	 0000000000000,00	 0000000000000,00	 0000000001187,00
1100200	 0000000008811,00	 0000000000000,00	 0000000000000,00	 0000000002548,00
1100300	 0000000000327,00	 0000000000000,00	 0000000000000,00	 0000000000000,00
1100400	 0000000000000,00	 0000000000000,00	 0000000000000,00	 0000000002708,00
1130000	 0000000030867,00	 0000000000000,00	 0000000000000,00	 0000000023523,00
1130100	 0000000011101,00	 0000000000000,00	 0000000000000,00	 0000000001103,00
1130200	 0000000019766,00	 0000000000000,00	 0000000000000,00	 0000000022420,00
1150000	 0000000008623,00	 0000000000001,00	 0000000000000,00	 0000000000000,00
1150100	 0000000006931,00	 0000000000000,00	 0000000000000,00	 0000000000000,00
1150200	 0000000000000,00	 0000000000001,00	 0000000000000,00	 0000000000000,00
1150300	 0000000000000,00	 0000000000000,00	 0000000000000,00	 0000000000000,00
1150400	 0000000001692,00	 0000000000000,00	 0000000000000,00	 0000000000000,00
1160000	 0000000030814,00	 0000000000000,00	 0000000000000,00	 0000000000000,00
1160100	 0000000000000,00	 0000000000000,00	 0000000000000,00	 0000000000000,00
1160200	 0000000030814,00	 0000000000000,00	 0000000000000,00	 0000000000000,00
1250000	 0000000013097,00	 0000000000000,00	 0000000000000,00	 0000000000000,00
1250100	 0000000013097,00	 0000000000000,00	 0000000000000,00	 0000000000000,00
1250200	 0000000000000,00	 0000000000000,00	 0000000000000,00	 0000000000000,00
1270000	 0000000085414,00	 0000000000000,00	 0000000000000,00	 0000000000223,00
1270100	 0000000085414,00	 0000000000000,00	 0000000000000,00	 0000000000000,00
1270190	 0000000000000,00	 0000000000000,00	 0000000000000,00	 0000000000000,00
1270200	 0000000000000,00	 0000000000000,00	 0000000000000,00	 0000000000223,00
1270290	 0000000000000,00	 0000000000000,00	 0000000000000,00	 0000000000000,00
1300000	 0000000900949,00	 0000001553830,00	 0000000000985,00	 0000000083807,00
1302000	 0000000900667,00	 0000000964229,00	 0000000000985,00	 0000000083779,00
1302100	 0000000831681,00	 0000000848905,00	 0000000000705,00	 0000000026150,00
1302101	 0000000831681,00	 0000000579493,00	 0000000000705,00	 0000000021368,00
1302102	 0000000000000,00	 0000000000000,00	 0000000000000,00	 0000000004782,00
1302170	 0000000000000,00	 0000000246275,00	 0000000000000,00	 0000000000000,00
1302180	 0000000000000,00	 0000000023137,00	 0000000000000,00	 0000000000000,00
1302200	 0000000005310,00	 0000000000000,00	 0000000000001,00	 0000000057576,00
1302202	 0000000005310,00	 0000000000000,00	 0000000000000,00	 0000000040947,00
1302300	 0000000031418,00	 0000000000000,00	 0000000000000,00	 0000000000000,00
1302500	 0000000022176,00	 0000000000000,00	 0000000000000,00	 0000000000000,00
1302800	 0000000004857,00	 0000000114574,00	 0000000000249,00	 0000000000000,00
1302900	 0000000005225,00	 0000000000750,00	 0000000000030,00	 0000000000053,00
1304000	 0000000000225,00	 0000000589197,00	 0000000000000,00	 0000000000000,00
1304100	 0000000000000,00	 0000000333738,00	 0000000000000,00	 0000000000000,00
1304101	 0000000000000,00	 0000000333738,00	 0000000000000,00	 0000000000000,00
1304102	 0000000000000,00	 0000000000000,00	 0000000000000,00	 0000000000000,00
1304200	 0000000000000,00	 0000000102050,00	 0000000000000,00	 0000000000000,00
1304300	 0000000000000,00	 0000000058171,00	 0000000000000,00	 0000000000000,00
1304800	 0000000000000,00	 0000000040722,00	 0000000000000,00	 0000000000000,00
1304900	 0000000000225,00	 0000000054516,00	 0000000000000,00	 0000000000000,00
1305000	 0000000088550,00	 0000000000404,00	 0000000000000,00	 0000000000028,00
1305100	 0000000066629,00	 0000000000404,00	 0000000000000,00	 0000000000000,00
1305300	 0000000006506,00	 0000000000000,00	 0000000000000,00	 0000000000000,00
1305400	 0000000011850,00	 0000000000000,00	 0000000000000,00	 0000000000028,00
1305800	 0000000000000,00	 0000000000000,00	 0000000000000,00	 0000000000000,00
1305900	 0000000003565,00	 0000000000000,00	 0000000000000,00	 0000000000000,00
1309000	-0000000088493,00	 0000000000000,00	 0000000000000,00	 0000000000000,00
1309001	-0000000070179,00	 0000000000000,00	 0000000000000,00	 0000000000000,00
1309002	-0000000006656,00	 0000000000000,00	 0000000000000,00	 0000000000000,00
1309003	-0000000011658,00	 0000000000000,00	 0000000000000,00	 0000000000000,00
1350000	 0000000141643,00	 0000000010493,00	 0000000000000,00	 0000000000000,00
1350100	 0000000030260,00	 0000000006465,00	 0000000000000,00	 0000000000000,00
1350200	 0000000111383,00	 0000000004028,00	 0000000000000,00	 0000000000000,00
1350300	 0000000000000,00	 0000000000000,00	 0000000000000,00	 0000000000000,00
1360000	 0000000000000,00	 0000000000000,00	 0000000000000,00	 0000000000000,00
1360100	 0000000000000,00	 0000000000000,00	 0000000000000,00	 0000000000000,00
1360200	 0000000000000,00	 0000000000000,00	 0000000000000,00	 0000000000000,00
1360300	 0000000000000,00	 0000000000000,00	 0000000000000,00	 0000000000000,00
1400000	 0000000000242,00	 0000000000000,00	 0000000000000,00	 0000000000012,00
1400100	 0000000000000,00	 0000000000000,00	 0000000000000,00	 0000000000000,00
1400101	 0000000000000,00	 0000000000000,00	 0000000000000,00	 0000000000000,00
1400103	 0000000000000,00	 0000000000000,00	 0000000000000,00	 0000000000000,00
1400200	 0000000000242,00	 0000000000000,00	 0000000000000,00	 0000000000012,00
1500000	 0000000005200,00	 0000000000000,00	 0000000000000,00	 0000000000000,00
1500100	 0000000001420,00	 0000000000000,00	 0000000000000,00	 0000000000000,00
1500200	 0000000003780,00	 0000000000000,00	 0000000000000,00	 0000000000000,00
1600000	 0000000040120,00	 0000000000000,00	 0000000000000,00	 0000000000000,00
1600100	 0000000034432,00	 0000000000000,00	 0000000000000,00	 0000000000000,00
1600200	 0000000005688,00	 0000000000000,00	 0000000000000,00	 0000000000000,00
1700000	 0000000003762,00	 0000000000000,00	 0000000000000,00	 0000000000000,00
1750000	 0000000049244,00	 0000000000000,00	 0000000000000,00	 0000000000000,00
1800000	 0000000037860,00	 0000000020734,00	 0000000000000,00	 0000000000454,00
1800100	 0000000000747,00	 0000000000000,00	 0000000000000,00	 0000000000000,00
1800200	 0000000006514,00	 0000000000000,00	 0000000000000,00	 0000000000000,00
1800900	 0000000030599,00	 0000000020734,00	 0000000000000,00	 0000000000454,00
2000000	 0000001267034,00	 0000001426112,00	 0000000001225,00	 0000000187630,00
2100000	 0000000194491,00	 0000000014712,00	 0000000000000,00	 0000000004617,00
2100100	 0000000129591,00	 0000000000000,00	 0000000000000,00	 0000000003291,00
2100200	 0000000020376,00	 0000000000000,00	 0000000000000,00	 0000000000000,00
2100300	 0000000044524,00	 0000000014712,00	 0000000000000,00	 0000000001326,00
2130000	 0000000021868,00	 0000000000000,00	 0000000000000,00	 0000000019789,00
2160000	 0000000000000,00	 0000000000000,00	 0000000000000,00	 0000000000000,00
2160100	 0000000000000,00	 0000000000000,00	 0000000000000,00	 0000000000000,00
2160200	 0000000000000,00	 0000000000000,00	 0000000000000,00	 0000000000000,00
2200000	 0000000859687,00	 0000000465227,00	 0000000000000,00	 0000000038809,00
2200100	 0000000859300,00	 0000000417550,00	 0000000000000,00	 0000000038809,00
2200200	 0000000000000,00	 0000000047277,00	 0000000000000,00	 0000000000000,00
2200900	 0000000000387,00	 0000000000400,00	 0000000000000,00	 0000000000000,00
2250000	 0000000008347,00	 0000000000000,00	 0000000000000,00	 0000000000000,00
2250100	 0000000008347,00	 0000000000000,00	 0000000000000,00	 0000000000000,00
2250200	 0000000000000,00	 0000000000000,00	 0000000000000,00	 0000000000000,00
2300000	 0000000029949,00	 0000000004711,00	 0000000000660,00	 0000000123915,00
2301000	 0000000029949,00	 0000000004711,00	 0000000000216,00	 0000000000000,00
2302000	 0000000000000,00	 0000000000000,00	 0000000000444,00	 0000000123915,00
2302100	 0000000000000,00	 0000000000000,00	 0000000000000,00	 0000000053147,00
2302200	 0000000000000,00	 0000000000000,00	 0000000000444,00	 0000000070768,00
2303000	 0000000000000,00	 0000000000000,00	 0000000000000,00	 0000000000000,00
2303100	 0000000000000,00	 0000000000000,00	 0000000000000,00	 0000000000000,00
2303900	 0000000000000,00	 0000000000000,00	 0000000000000,00	 0000000000000,00
2400000	 0000000039098,00	 0000000826504,00	 0000000000000,00	 0000000000000,00
2401000	 0000000000000,00	 0000000579486,00	 0000000000000,00	 0000000000000,00
2402000	 0000000039098,00	 0000000247018,00	 0000000000000,00	 0000000000000,00
2402100	 0000000039098,00	 0000000130918,00	 0000000000000,00	 0000000000000,00
2402200	 0000000000000,00	 0000000116100,00	 0000000000000,00	 0000000000000,00
2500000	 0000000060785,00	 0000000112785,00	 0000000000565,00	 0000000000223,00
2500100	 0000000057637,00	 0000000112785,00	 0000000000565,00	 0000000000000,00
2500200	 0000000003148,00	 0000000000000,00	 0000000000000,00	 0000000000223,00
2500300	 0000000000000,00	 0000000000000,00	 0000000000000,00	 0000000000000,00
2600000	 0000000000000,00	 0000000000000,00	 0000000000000,00	 0000000000000,00
2650000	 0000000024157,00	 0000000000000,00	 0000000000000,00	 0000000000000,00
2700000	 0000000019171,00	 0000000000839,00	 0000000000000,00	 0000000000000,00
2700100	 0000000002078,00	 0000000000000,00	 0000000000000,00	 0000000000000,00
2700200	 0000000000729,00	 0000000000000,00	 0000000000000,00	 0000000000000,00
2700300	 0000000001149,00	 0000000000000,00	 0000000000000,00	 0000000000000,00
2700400	 0000000015215,00	 0000000000839,00	 0000000000000,00	 0000000000000,00
2700401	 0000000000000,00	 0000000000000,00	 0000000000000,00	 0000000000000,00
2700402	 0000000000000,00	 0000000000000,00	 0000000000000,00	 0000000000000,00
2700403	 0000000015048,00	 0000000000000,00	 0000000000000,00	 0000000000000,00
2700490	 0000000000167,00	 0000000000839,00	 0000000000000,00	 0000000000000,00
2800000	 0000000009481,00	 0000000001334,00	 0000000000000,00	 0000000000277,00
3000000	 0000000166578,00	 0000000026369,00	-0000000001635,00	 0000000001455,00
3101000	 0000000182237,00	 0000000000000,00	 0000000000000,00	 0000000000000,00
3102000	 0000000009382,00	 0000000000000,00	 0000000000000,00	 0000000000000,00
3103000	-0000000000604,00	 0000000000000,00	 0000000000000,00	 0000000000000,00
3104000	-0000000024488,00	 0000000026369,00	-0000000001635,00	 0000000001455,00
3104100	 0000000000000,00	 0000000000000,00	 0000000000000,00	 0000000000000,00
3104200	-0000000023759,00	 0000000026369,00	-0000000001635,00	 0000000001455,00
3104300	-0000000000729,00	 0000000000000,00	 0000000000000,00	 0000000000000,00
3200000	 0000000000051,00	 0000000000000,00	 0000000000000,00	 0000000000000,00
5001000	 0000000166527,00	 0000000026369,00	-0000000001635,00	 0000000001455,00
5002000	 0000001433612,00	 0000001452481,00	-0000000000410,00	 0000000189085,00
5100000	 0000000989442,00	 0000001553830,00	 0000000000985,00	 0000000083807,00
