039	BANCO ITAÚ CHILE
100000000	 17706109643642,00	 12362610468398,00	 0000714816144,00	 12684756987055,00
105000000	 1035286231862,00	 0000000000000,00	 0000000000000,00	 1745430221351,00
105000100	 0126592898706,00	 0000000000000,00	 0000000000000,00	 0125126774134,00
105000101	 0064479318706,00	 0000000000000,00	 0000000000000,00	 0110334080589,00
105000102	 0062113580000,00	 0000000000000,00	 0000000000000,00	 0014792693545,00
105000103	 0000000000000,00	 0000000000000,00	 0000000000000,00	 0000000000000,00
105000200	 0892956115805,00	 0000000000000,00	 0000000000000,00	 0043498598146,00
105000201	 0400956115805,00	 0000000000000,00	 0000000000000,00	 0043498598146,00
105000202	 0492000000000,00	 0000000000000,00	 0000000000000,00	 0000000000000,00
105000209	 0000000000000,00	 0000000000000,00	 0000000000000,00	 0000000000000,00
105000300	 0000000000000,00	 0000000000000,00	 0000000000000,00	 1259643631329,00
105000301	 0000000000000,00	 0000000000000,00	 0000000000000,00	 1259643631329,00
105000302	 0000000000000,00	 0000000000000,00	 0000000000000,00	 0000000000000,00
105000309	 0000000000000,00	 0000000000000,00	 0000000000000,00	 0000000000000,00
105000400	 0015628199364,00	 0000000000000,00	 0000000000000,00	 0000000000000,00
105000500	 0000109017987,00	 0000000000000,00	 0000000000000,00	 0317161217742,00
107000000	 0300341212493,00	 0000000000000,00	 0000000000000,00	 0496048710853,00
107000100	 0029548199560,00	 0000000000000,00	 0000000000000,00	 0005576869427,00
107000101	 0000000000000,00	 0000000000000,00	 0000000000000,00	 0000015435866,00
107000102	 0029410702447,00	 0000000000000,00	 0000000000000,00	 0001944029439,00
107000103	 0000137497113,00	 0000000000000,00	 0000000000000,00	 0003617404122,00
107000200	 0001525300000,00	 0000000000000,00	 0000000000000,00	 0000000000000,00
107000201	 0000000000000,00	 0000000000000,00	 0000000000000,00	 0000000000000,00
107000202	 0001525300000,00	 0000000000000,00	 0000000000000,00	 0000000000000,00
107000300	 0005317288900,00	 0000000000000,00	 0000000000000,00	 0000000000000,00
107000400	 0263950424033,00	 0000000000000,00	 0000000000000,00	 0490471841426,00
107000401	 0174985108528,00	 0000000000000,00	 0000000000000,00	 0000000519391,00
107000409	 0000000000000,00	 0000000000000,00	 0000000000000,00	 0331018481534,00
107000411	 0088965315505,00	 0000000000000,00	 0000000000000,00	 0001301786574,00
107000419	 0000000000000,00	 0000000000000,00	 0000000000000,00	 0158151053927,00
110000000	 3005173273677,00	 0002970682720,00	 0000000000000,00	 0474302876874,00
111000100	 2911313229836,00	 0000000000000,00	 0000000000000,00	 0167835907695,00
111000101	 0341698815685,00	 0000000000000,00	 0000000000000,00	 0052319477997,00
111000102	 2568827471182,00	 0000000000000,00	 0000000000000,00	 0115482762711,00
111000103	 0000732937016,00	 0000000000000,00	 0000000000000,00	 0000033666987,00
111000104	 0000054005953,00	 0000000000000,00	 0000000000000,00	 0000000000000,00
111000105	 0000000000000,00	 0000000000000,00	 0000000000000,00	 0000000000000,00
111000109	 0000000000000,00	 0000000000000,00	 0000000000000,00	 0000000000000,00
112000000	 0029592992342,00	 0002970682720,00	 0000000000000,00	 0305455093473,00
112000100	 0029512527587,00	 0002970682720,00	 0000000000000,00	 0000000000000,00
112000101	 0027967318489,00	 0000000000000,00	 0000000000000,00	 0000000000000,00
112000102	 0001545209098,00	 0002970682720,00	 0000000000000,00	 0000000000000,00
112000109	 0000000000000,00	 0000000000000,00	 0000000000000,00	 0000000000000,00
112000200	 0000080464755,00	 0000000000000,00	 0000000000000,00	 0000000000000,00
112000201	 0000000000000,00	 0000000000000,00	 0000000000000,00	 0000000000000,00
112000202	 0000080464755,00	 0000000000000,00	 0000000000000,00	 0000000000000,00
112000209	 0000000000000,00	 0000000000000,00	 0000000000000,00	 0000000000000,00
112000300	 0000000000000,00	 0000000000000,00	 0000000000000,00	 0305455093473,00
112000301	 0000000000000,00	 0000000000000,00	 0000000000000,00	 0000000000000,00
112000302	 0000000000000,00	 0000000000000,00	 0000000000000,00	 0305455093473,00
112000303	 0000000000000,00	 0000000000000,00	 0000000000000,00	 0000000000000,00
112000304	 0000000000000,00	 0000000000000,00	 0000000000000,00	 0000000000000,00
112000309	 0000000000000,00	 0000000000000,00	 0000000000000,00	 0000000000000,00
113000000	 0064267051499,00	 0000000000000,00	 0000000000000,00	 0001011875706,00
113000100	 0064267051499,00	 0000000000000,00	 0000000000000,00	 0001011875706,00
113000101	 0064254064181,00	 0000000000000,00	 0000000000000,00	 0000000000000,00
113000102	 0000012987318,00	 0000000000000,00	 0000000000000,00	 0001011875706,00
113000200	 0000000000000,00	 0000000000000,00	 0000000000000,00	 0000000000000,00
113000201	 0000000000000,00	 0000000000000,00	 0000000000000,00	 0000000000000,00
113000202	 0000000000000,00	 0000000000000,00	 0000000000000,00	 0000000000000,00
113000300	 0000000000000,00	 0000000000000,00	 0000000000000,00	 0000000000000,00
113000301	 0000000000000,00	 0000000000000,00	 0000000000000,00	 0000000000000,00
113000302	 0000000000000,00	 0000000000000,00	 0000000000000,00	 0000000000000,00
113000303	 0000000000000,00	 0000000000000,00	 0000000000000,00	 0000000000000,00
113000304	 0000000000000,00	 0000000000000,00	 0000000000000,00	 0000000000000,00
113000400	 0000000000000,00	 0000000000000,00	 0000000000000,00	 0000000000000,00
115000000	 0000000000000,00	 0000000000000,00	 0000000000000,00	 0036100484370,00
115250000	 0000000000000,00	 0000000000000,00	 0000000000000,00	 0000000000000,00
115250100	 0000000000000,00	 0000000000000,00	 0000000000000,00	 0000000000000,00
115250101	 0000000000000,00	 0000000000000,00	 0000000000000,00	 0000000000000,00
115250102	 0000000000000,00	 0000000000000,00	 0000000000000,00	 0000000000000,00
115250109	 0000000000000,00	 0000000000000,00	 0000000000000,00	 0000000000000,00
115250200	 0000000000000,00	 0000000000000,00	 0000000000000,00	 0000000000000,00
115250201	 0000000000000,00	 0000000000000,00	 0000000000000,00	 0000000000000,00
115250202	 0000000000000,00	 0000000000000,00	 0000000000000,00	 0000000000000,00
115250209	 0000000000000,00	 0000000000000,00	 0000000000000,00	 0000000000000,00
115250300	 0000000000000,00	 0000000000000,00	 0000000000000,00	 0000000000000,00
115250301	 0000000000000,00	 0000000000000,00	 0000000000000,00	 0000000000000,00
115250302	 0000000000000,00	 0000000000000,00	 0000000000000,00	 0000000000000,00
115250303	 0000000000000,00	 0000000000000,00	 0000000000000,00	 0000000000000,00
115250304	 0000000000000,00	 0000000000000,00	 0000000000000,00	 0000000000000,00
115250309	 0000000000000,00	 0000000000000,00	 0000000000000,00	 0000000000000,00
115500000	 0000000000000,00	 0000000000000,00	 0000000000000,00	 0036100484370,00
115500100	 0000000000000,00	 0000000000000,00	 0000000000000,00	 0000000000000,00
115500101	 0000000000000,00	 0000000000000,00	 0000000000000,00	 0000000000000,00
115500102	 0000000000000,00	 0000000000000,00	 0000000000000,00	 0000000000000,00
115500300	 0000000000000,00	 0000000000000,00	 0000000000000,00	 0036100484370,00
115500301	 0000000000000,00	 0000000000000,00	 0000000000000,00	 0000000000000,00
115500302	 0000000000000,00	 0000000000000,00	 0000000000000,00	 0036100484370,00
115500303	 0000000000000,00	 0000000000000,00	 0000000000000,00	 0000000000000,00
115500304	 0000000000000,00	 0000000000000,00	 0000000000000,00	 0000000000000,00
115500400	 0000000000000,00	 0000000000000,00	 0000000000000,00	 0000000000000,00
118000000	 0000000000000,00	 0000000000000,00	 0000000000000,00	 0000000000000,00
118250000	 0000000000000,00	 0000000000000,00	 0000000000000,00	 0000000000000,00
118250100	 0000000000000,00	 0000000000000,00	 0000000000000,00	 0000000000000,00
118250101	 0000000000000,00	 0000000000000,00	 0000000000000,00	 0000000000000,00
118250102	 0000000000000,00	 0000000000000,00	 0000000000000,00	 0000000000000,00
118250109	 0000000000000,00	 0000000000000,00	 0000000000000,00	 0000000000000,00
118250200	 0000000000000,00	 0000000000000,00	 0000000000000,00	 0000000000000,00
118250201	 0000000000000,00	 0000000000000,00	 0000000000000,00	 0000000000000,00
118250202	 0000000000000,00	 0000000000000,00	 0000000000000,00	 0000000000000,00
118250209	 0000000000000,00	 0000000000000,00	 0000000000000,00	 0000000000000,00
118250300	 0000000000000,00	 0000000000000,00	 0000000000000,00	 0000000000000,00
118250301	 0000000000000,00	 0000000000000,00	 0000000000000,00	 0000000000000,00
118250302	 0000000000000,00	 0000000000000,00	 0000000000000,00	 0000000000000,00
118250303	 0000000000000,00	 0000000000000,00	 0000000000000,00	 0000000000000,00
118250304	 0000000000000,00	 0000000000000,00	 0000000000000,00	 0000000000000,00
118250309	 0000000000000,00	 0000000000000,00	 0000000000000,00	 0000000000000,00
118500000	 0000000000000,00	 0000000000000,00	 0000000000000,00	 0000000000000,00
118500300	 0000000000000,00	 0000000000000,00	 0000000000000,00	 0000000000000,00
118500301	 0000000000000,00	 0000000000000,00	 0000000000000,00	 0000000000000,00
118500302	 0000000000000,00	 0000000000000,00	 0000000000000,00	 0000000000000,00
118500303	 0000000000000,00	 0000000000000,00	 0000000000000,00	 0000000000000,00
118500304	 0000000000000,00	 0000000000000,00	 0000000000000,00	 0000000000000,00
118500400	 0000000000000,00	 0000000000000,00	 0000000000000,00	 0000000000000,00
120000000	 4113721387961,00	 0434997788759,00	 0000000000000,00	 0923918316003,00
122000000	 4113721387961,00	 0434997788759,00	 0000000000000,00	 0915167086474,00
122000100	 4111761791253,00	 0434997788759,00	 0000000000000,00	 0116120175644,00
122000101	 3151450749486,00	 0000528463252,00	 0000000000000,00	 0000000000000,00
122000102	 0960311041767,00	 0434469325507,00	 0000000000000,00	 0000000000000,00
122000109	 0000000000000,00	 0000000000000,00	 0000000000000,00	 0116120175644,00
122000200	 0001959596708,00	 0000000000000,00	 0000000000000,00	 0082896266984,00
122000201	 0001959596708,00	 0000000000000,00	 0000000000000,00	 0018000389692,00
122000202	 0000000000000,00	 0000000000000,00	 0000000000000,00	 0000000000000,00
122000209	 0000000000000,00	 0000000000000,00	 0000000000000,00	 0064895877292,00
122000300	 0000000000000,00	 0000000000000,00	 0000000000000,00	 0716150643846,00
122000301	 0000000000000,00	 0000000000000,00	 0000000000000,00	 0000000000000,00
122000302	 0000000000000,00	 0000000000000,00	 0000000000000,00	 0496466249936,00
122000303	 0000000000000,00	 0000000000000,00	 0000000000000,00	 0125604805076,00
122000304	 0000000000000,00	 0000000000000,00	 0000000000000,00	 0000000000000,00
122000309	 0000000000000,00	 0000000000000,00	 0000000000000,00	 0094079588834,00
123000000	 0000000000000,00	 0000000000000,00	 0000000000000,00	 0008751229529,00
123000300	 0000000000000,00	 0000000000000,00	 0000000000000,00	 0000000000000,00
123000301	 0000000000000,00	 0000000000000,00	 0000000000000,00	 0000000000000,00
123000302	 0000000000000,00	 0000000000000,00	 0000000000000,00	 0000000000000,00
123000303	 0000000000000,00	 0000000000000,00	 0000000000000,00	 0000000000000,00
123000304	 0000000000000,00	 0000000000000,00	 0000000000000,00	 0000000000000,00
123000400	 0000000000000,00	 0000000000000,00	 0000000000000,00	 0008751229529,00
130000000	 0060644080433,00	 0000000000000,00	 0000000000000,00	 0034813034446,00
130000100	 0060644080433,00	 0000000000000,00	 0000000000000,00	 0034813034446,00
130000101	 0027831043269,00	 0000000000000,00	 0000000000000,00	 0007497937536,00
130000102	 0032813037164,00	 0000000000000,00	 0000000000000,00	 0027315096910,00
130000103	 0000000000000,00	 0000000000000,00	 0000000000000,00	 0000000000000,00
130000104	 0000000000000,00	 0000000000000,00	 0000000000000,00	 0000000000000,00
130000105	 0000000000000,00	 0000000000000,00	 0000000000000,00	 0000000000000,00
130000190	 0000000000000,00	 0000000000000,00	 0000000000000,00	 0000000000000,00
140000000	 7919030074862,00	 11896621209866,00	 0000000000000,00	 8193723125104,00
141000000	 0145202113715,00	 0000000000000,00	 0000000000000,00	 0184361074117,00
141000100	 0000000000000,00	 0000000000000,00	 0000000000000,00	 0000000000000,00
141000101	 0000000000000,00	 0000000000000,00	 0000000000000,00	 0000000000000,00
141000102	 0000000000000,00	 0000000000000,00	 0000000000000,00	 0000000000000,00
141000103	 0000000000000,00	 0000000000000,00	 0000000000000,00	 0000000000000,00
141000200	 0000000000000,00	 0000000000000,00	 0000000000000,00	 0169059550298,00
141000201	 0000000000000,00	 0000000000000,00	 0000000000000,00	 0002709572700,00
141000202	 0000000000000,00	 0000000000000,00	 0000000000000,00	 0166349977598,00
141000203	 0000000000000,00	 0000000000000,00	 0000000000000,00	 0000000000000,00
141000300	 0145202113715,00	 0000000000000,00	 0000000000000,00	 0000000000000,00
141000301	 0145202113715,00	 0000000000000,00	 0000000000000,00	 0000000000000,00
141000302	 0000000000000,00	 0000000000000,00	 0000000000000,00	 0000000000000,00
141000400	 0000000000000,00	 0000000000000,00	 0000000000000,00	 0015301523819,00
141000401	 0000000000000,00	 0000000000000,00	 0000000000000,00	 0015301523819,00
141000402	 0000000000000,00	 0000000000000,00	 0000000000000,00	 0000000000000,00
141000900	 0000000000000,00	 0000000000000,00	 0000000000000,00	 0000000000000,00
141000901	 0000000000000,00	 0000000000000,00	 0000000000000,00	 0000000000000,00
141000902	 0000000000000,00	 0000000000000,00	 0000000000000,00	 0000000000000,00
141000903	 0000000000000,00	 0000000000000,00	 0000000000000,00	 0000000000000,00
141500000	 0460967103811,00	 0406071383859,00	 0000000000000,00	 0405435855796,00
141500100	 0460979614024,00	 0406071383859,00	 0000000000000,00	 0000000000000,00
141500101	 0000000000000,00	 0000000000000,00	 0000000000000,00	 0000000000000,00
141500102	 0460979614024,00	 0406071383859,00	 0000000000000,00	 0000000000000,00
141500109	 0000000000000,00	 0000000000000,00	 0000000000000,00	 0000000000000,00
141500200	 0000000000000,00	 0000000000000,00	 0000000000000,00	 0000000000000,00
141500201	 0000000000000,00	 0000000000000,00	 0000000000000,00	 0000000000000,00
141500202	 0000000000000,00	 0000000000000,00	 0000000000000,00	 0000000000000,00
141500209	 0000000000000,00	 0000000000000,00	 0000000000000,00	 0000000000000,00
141500300	 0000000000000,00	 0000000000000,00	 0000000000000,00	 0405499498249,00
141500301	 0000000000000,00	 0000000000000,00	 0000000000000,00	 0000000000000,00
141500302	 0000000000000,00	 0000000000000,00	 0000000000000,00	 0199258641659,00
141500303	 0000000000000,00	 0000000000000,00	 0000000000000,00	 0061535504298,00
141500304	 0000000000000,00	 0000000000000,00	 0000000000000,00	 0000000000000,00
141500309	 0000000000000,00	 0000000000000,00	 0000000000000,00	 0144705352292,00
141500900	-0000012510213,00	 0000000000000,00	 0000000000000,00	-0000063642453,00
141500901	-0000012510213,00	 0000000000000,00	 0000000000000,00	-0000063642453,00
141500902	 0000000000000,00	 0000000000000,00	 0000000000000,00	 0000000000000,00
141500903	 0000000000000,00	 0000000000000,00	 0000000000000,00	 0000000000000,00
143000000	 0000000000000,00	 0000000000000,00	 0000000000000,00	 0014844329267,00
143100100	 0000000000000,00	 0000000000000,00	 0000000000000,00	 0000000000000,00
143100101	 0000000000000,00	 0000000000000,00	 0000000000000,00	 0000000000000,00
143100102	 0000000000000,00	 0000000000000,00	 0000000000000,00	 0000000000000,00
143100103	 0000000000000,00	 0000000000000,00	 0000000000000,00	 0000000000000,00
143100104	 0000000000000,00	 0000000000000,00	 0000000000000,00	 0000000000000,00
143100105	 0000000000000,00	 0000000000000,00	 0000000000000,00	 0000000000000,00
143100106	 0000000000000,00	 0000000000000,00	 0000000000000,00	 0000000000000,00
143100107	 0000000000000,00	 0000000000000,00	 0000000000000,00	 0000000000000,00
143100190	 0000000000000,00	 0000000000000,00	 0000000000000,00	 0000000000000,00
143150100	 0000000000000,00	 0000000000000,00	 0000000000000,00	 0000000000000,00
143150101	 0000000000000,00	 0000000000000,00	 0000000000000,00	 0000000000000,00
143150102	 0000000000000,00	 0000000000000,00	 0000000000000,00	 0000000000000,00
143150103	 0000000000000,00	 0000000000000,00	 0000000000000,00	 0000000000000,00
143200100	 0000000000000,00	 0000000000000,00	 0000000000000,00	 0015050070287,00
143200101	 0000000000000,00	 0000000000000,00	 0000000000000,00	 0015050070287,00
143200102	 0000000000000,00	 0000000000000,00	 0000000000000,00	 0000000000000,00
143200103	 0000000000000,00	 0000000000000,00	 0000000000000,00	 0000000000000,00
143200104	 0000000000000,00	 0000000000000,00	 0000000000000,00	 0000000000000,00
143200105	 0000000000000,00	 0000000000000,00	 0000000000000,00	 0000000000000,00
143200106	 0000000000000,00	 0000000000000,00	 0000000000000,00	 0000000000000,00
143200107	 0000000000000,00	 0000000000000,00	 0000000000000,00	 0000000000000,00
143200108	 0000000000000,00	 0000000000000,00	 0000000000000,00	 0000000000000,00
143200190	 0000000000000,00	 0000000000000,00	 0000000000000,00	 0000000000000,00
143250100	 0000000000000,00	 0000000000000,00	 0000000000000,00	-0000205741020,00
143250101	 0000000000000,00	 0000000000000,00	 0000000000000,00	-0000205741020,00
143250102	 0000000000000,00	 0000000000000,00	 0000000000000,00	 0000000000000,00
143250103	 0000000000000,00	 0000000000000,00	 0000000000000,00	 0000000000000,00
143300100	 0000000000000,00	 0000000000000,00	 0000000000000,00	 0000000000000,00
143300101	 0000000000000,00	 0000000000000,00	 0000000000000,00	 0000000000000,00
143300102	 0000000000000,00	 0000000000000,00	 0000000000000,00	 0000000000000,00
143300103	 0000000000000,00	 0000000000000,00	 0000000000000,00	 0000000000000,00
143400100	 0000000000000,00	 0000000000000,00	 0000000000000,00	 0000000000000,00
143400101	 0000000000000,00	 0000000000000,00	 0000000000000,00	 0000000000000,00
143400102	 0000000000000,00	 0000000000000,00	 0000000000000,00	 0000000000000,00
143400103	 0000000000000,00	 0000000000000,00	 0000000000000,00	 0000000000000,00
144000000	 7312860857336,00	 11490549826007,00	 0000000000000,00	 7589081865924,00
145000000	 5338488064566,00	 4835249972509,00	 0000000000000,00	 6336559844086,00
145400100	 4557502542283,00	 4007827600289,00	 0000000000000,00	 4430264655870,00
145400101	 4557431683698,00	 2963244629678,00	 0000000000000,00	 1095063841221,00
145400102	 0000000000000,00	 0000000000000,00	 0000000000000,00	 3335200814649,00
145400103	 0000000000000,00	 0000000000000,00	 0000000000000,00	 0000000000000,00
145400104	 0000000000000,00	 0002884528652,00	 0000000000000,00	 0000000000000,00
145400105	 0000070858585,00	 1041698441959,00	 0000000000000,00	 0000000000000,00
145400106	 0000000000000,00	 0000000000000,00	 0000000000000,00	 0000000000000,00
145400200	 0150327843253,00	 0000360998000,00	 0000000000000,00	 1406555088528,00
145400201	 0000000000000,00	 0000000000000,00	 0000000000000,00	 0000000000000,00
145400202	 0082859860471,00	 0000000000000,00	 0000000000000,00	 0793057720640,00
145400203	 0067467955702,00	 0000000000000,00	 0000000000000,00	 0509415990440,00
145400204	 0000000027080,00	 0000360998000,00	 0000000000000,00	 0034169011357,00
145400205	 0000000000000,00	 0000000000000,00	 0000000000000,00	 0000000000000,00
145400290	 0000000000000,00	 0000000000000,00	 0000000000000,00	 0069912366091,00
145400300	 0088615636864,00	 0000000000000,00	 0000000000000,00	 0017156620857,00
145400400	 0025891371233,00	 0000000000000,00	 0000000000000,00	 0009179472502,00
145400401	 0016011149998,00	 0000000000000,00	 0000000000000,00	 0009179472502,00
145400402	 0009880221235,00	 0000000000000,00	 0000000000000,00	 0000000000000,00
145400500	 0213424679547,00	 0000000000000,00	 0000000000000,00	 0071794538059,00
145400501	 0139836183482,00	 0000000000000,00	 0000000000000,00	 0013860240059,00
145400502	 0073588496065,00	 0000000000000,00	 0000000000000,00	 0057934298000,00
145400600	 0302725991386,00	 0292076652982,00	 0000000000000,00	 0401609468270,00
145400601	 0051939517290,00	 0219215984840,00	 0000000000000,00	 0243211831741,00
145400602	 0250786474096,00	 0072860668142,00	 0000000000000,00	 0158397636529,00
145400700	 0000000000000,00	 0534984721238,00	 0000000000000,00	 0000000000000,00
145400701	 0000000000000,00	 0517446193980,00	 0000000000000,00	 0000000000000,00
145400702	 0000000000000,00	 0017538527258,00	 0000000000000,00	 0000000000000,00
145400703	 0000000000000,00	 0000000000000,00	 0000000000000,00	 0000000000000,00
145400900	 0000000000000,00	 0000000000000,00	 0000000000000,00	 0000000000000,00
145400901	 0000000000000,00	 0000000000000,00	 0000000000000,00	 0000000000000,00
145400902	 0000000000000,00	 0000000000000,00	 0000000000000,00	 0000000000000,00
145400990	 0000000000000,00	 0000000000000,00	 0000000000000,00	 0000000000000,00
146000000	 0027841119729,00	 6654148256524,00	 0000000000000,00	 0750602258170,00
146000100	 0000000000000,00	 0010056991424,00	 0000000000000,00	 0000000000000,00
146000200	 0000000000000,00	 0069735589678,00	 0000000000000,00	 0000000000000,00
146000300	 0000000000000,00	 0000000000000,00	 0000000000000,00	 0000000000000,00
146000400	 0027841119729,00	 6539266242890,00	 0000000000000,00	 0430290068753,00
146000401	 0027841119729,00	 6539266242890,00	 0000000000000,00	 0000000000000,00
146000402	 0000000000000,00	 0000000000000,00	 0000000000000,00	 0430290068753,00
146000500	 0000000000000,00	 0000000000000,00	 0000000000000,00	 0320312189417,00
146000900	 0000000000000,00	 0035089432532,00	 0000000000000,00	 0000000000000,00
146000901	 0000000000000,00	 0035089432532,00	 0000000000000,00	 0000000000000,00
146000902	 0000000000000,00	 0000000000000,00	 0000000000000,00	 0000000000000,00
146000903	 0000000000000,00	 0000000000000,00	 0000000000000,00	 0000000000000,00
146000909	 0000000000000,00	 0000000000000,00	 0000000000000,00	 0000000000000,00
148000000	 2422947238294,00	 0001151596974,00	 0000000000000,00	 0838880575388,00
148000100	 1638956612524,00	 0001151596974,00	 0000000000000,00	 0571508274313,00
148000200	 0150228699073,00	 0000000000000,00	 0000000000000,00	 0001247286313,00
148000300	 0633223837993,00	 0000000000000,00	 0000000000000,00	 0221863598784,00
148000301	 0397304934806,00	 0000000000000,00	 0000000000000,00	 0221863598784,00
148000302	 0235918903187,00	 0000000000000,00	 0000000000000,00	 0000000000000,00
148000400	 0000538088704,00	 0000000000000,00	 0000000000000,00	 0000055432490,00
148000900	 0000000000000,00	 0000000000000,00	 0000000000000,00	 0044205983488,00
148000901	 0000000000000,00	 0000000000000,00	 0000000000000,00	 0044205983488,00
148000902	 0000000000000,00	 0000000000000,00	 0000000000000,00	 0000000000000,00
149000000	-0476415565253,00	 0000000000000,00	 0000000000000,00	-0336960811720,00
149500100	-0223346781490,00	 0000000000000,00	 0000000000000,00	-0241435015131,00
149500101	-0034092902388,00	 0000000000000,00	 0000000000000,00	-0062677920324,00
149500102	-0011491198063,00	 0000000000000,00	 0000000000000,00	-0013461428032,00
149500103	-0068424480780,00	 0000000000000,00	 0000000000000,00	-0154337089839,00
149500104	-0026113982183,00	 0000000000000,00	 0000000000000,00	-0005311984665,00
149500105	-0078466911684,00	 0000000000000,00	 0000000000000,00	-0005646592271,00
149500109	-0004757306392,00	 0000000000000,00	 0000000000000,00	 0000000000000,00
149600100	-0029632290331,00	 0000000000000,00	 0000000000000,00	-0023205776429,00
149600101	-0006905042945,00	 0000000000000,00	 0000000000000,00	-0015929031204,00
149600102	-0022727247386,00	 0000000000000,00	 0000000000000,00	-0007276745225,00
149700100	-0223436493432,00	 0000000000000,00	 0000000000000,00	-0072320020160,00
149700101	-0102530473724,00	 0000000000000,00	 0000000000000,00	-0029591080477,00
149700102	-0120906019708,00	 0000000000000,00	 0000000000000,00	-0042728939683,00
150000000	 0020550356412,00	 0000000000000,00	 0000000000000,00	 0006809903577,00
150000100	 0000000000000,00	 0000000000000,00	 0000000000000,00	 0000000000000,00
150000200	 0000000000000,00	 0000000000000,00	 0000000000000,00	 0000000000000,00
150000201	 0000000000000,00	 0000000000000,00	 0000000000000,00	 0000000000000,00
150000202	 0000000000000,00	 0000000000000,00	 0000000000000,00	 0000000000000,00
150000300	 0013265555697,00	 0000000000000,00	 0000000000000,00	 0000000000000,00
150000400	 0000000000000,00	 0000000000000,00	 0000000000000,00	 0000000000000,00
150000500	 0000000000000,00	 0000000000000,00	 0000000000000,00	 0000000000000,00
150000600	 0000000000000,00	 0000000000000,00	 0000000000000,00	 0000000000000,00
150000700	 0007284800715,00	 0000000000000,00	 0000000000000,00	 0000000000000,00
150000800	 0000000000000,00	 0000000000000,00	 0000000000000,00	 0006809903577,00
160000000	 0655311042612,00	 0000000000000,00	 0000000000000,00	 0036279757559,00
160000100	 0492511994761,00	 0000000000000,00	 0000000000000,00	 0000000000000,00
160000200	 0022713349664,00	 0000000000000,00	 0000000000000,00	 0000000000000,00
160000201	 0026370947633,00	 0000000000000,00	 0000000000000,00	 0000000000000,00
160000202	 0000000000000,00	 0000000000000,00	 0000000000000,00	 0000000000000,00
160000203	 0111635885343,00	 0000000000000,00	 0000000000000,00	 0000000000000,00
160000204	 0051037000000,00	 0000000000000,00	 0000000000000,00	 0000000000000,00
160000205	 0000000000000,00	 0000000000000,00	 0000000000000,00	 0000000000000,00
160000206	 0000000000000,00	 0000000000000,00	 0000000000000,00	 0000000000000,00
160000207	 0000000000000,00	 0000000000000,00	 0000000000000,00	 0000000000000,00
160000208	 0000000000000,00	 0000000000000,00	 0000000000000,00	 0000000000000,00
160000209	 0000000000000,00	 0000000000000,00	 0000000000000,00	 0000000000000,00
160000219	-0166330483312,00	 0000000000000,00	 0000000000000,00	 0000000000000,00
160000300	 0140085698187,00	 0000000000000,00	 0000000000000,00	 0036279757559,00
160000301	 0083946022683,00	 0000000000000,00	 0000000000000,00	 0014936060597,00
160000302	 0186388634460,00	 0000000000000,00	 0000000000000,00	 0079905144493,00
160000303	 0000000000000,00	 0000000000000,00	 0000000000000,00	 0000000000000,00
160000309	 0001519518487,00	 0000000000000,00	 0000000000000,00	 0000000000000,00
160000319	-0131768477443,00	 0000000000000,00	 0000000000000,00	-0058561447531,00
170000000	 0020213902947,00	 0000000000000,00	 0000000000000,00	 0016907823004,00
170000100	 0003992047030,00	 0000000000000,00	 0000000000000,00	 0007838693779,00
170000101	 0006869967792,00	 0000000000000,00	 0000000000000,00	 0007922477302,00
170000102	 0000000000000,00	 0000000000000,00	 0000000000000,00	 0002818807884,00
170000119	-0002877920762,00	 0000000000000,00	 0000000000000,00	-0002902591407,00
170000200	 0016221855917,00	 0000000000000,00	 0000000000000,00	 0009069129225,00
170000201	 0048732923349,00	 0000000000000,00	 0000000000000,00	 0043947042876,00
170000209	 0025122840599,00	 0000000000000,00	 0000000000000,00	 0007782769958,00
170000219	-0057633908031,00	 0000000000000,00	 0000000000000,00	-0042660683609,00
175000000	 0078764914930,00	 0000000000000,00	 0000000000000,00	 0021096085590,00
175000100	 0057558424277,00	 0000000000000,00	 0000000000000,00	 0020019487875,00
175000101	 0130840444182,00	 0000000000000,00	 0000000000000,00	 0042079190554,00
175000102	 0000000000000,00	 0000000000000,00	 0000000000000,00	 0000000000000,00
175000119	-0073282019905,00	 0000000000000,00	 0000000000000,00	-0022059702679,00
175000200	 0021206490653,00	 0000000000000,00	 0000000000000,00	 0001076597715,00
175000201	 0045487699584,00	 0000000000000,00	 0000000000000,00	 0011978825298,00
175000219	-0024281208931,00	 0000000000000,00	 0000000000000,00	-0010902227583,00
175000300	 0000000000000,00	 0000000000000,00	 0000000000000,00	 0000000000000,00
175000301	 0000000000000,00	 0000000000000,00	 0000000000000,00	 0000000000000,00
175000309	 0000000000000,00	 0000000000000,00	 0000000000000,00	 0000000000000,00
175000319	 0000000000000,00	 0000000000000,00	 0000000000000,00	 0000000000000,00
175000400	 0000000000000,00	 0000000000000,00	 0000000000000,00	 0000000000000,00
175000401	 0000000000000,00	 0000000000000,00	 0000000000000,00	 0000000000000,00
175000409	 0000000000000,00	 0000000000000,00	 0000000000000,00	 0000000000000,00
175000419	 0000000000000,00	 0000000000000,00	 0000000000000,00	 0000000000000,00
180000000	 0055614627886,00	 0000000000000,00	 0000000000000,00	 0063900015551,00
185000000	 0178238144681,00	 0000000000000,00	 0000000000000,00	 0104612159548,00
190000000	 0252321766182,00	 0028020787053,00	 0000714816144,00	 0516125630986,00
190000100	 0028867080824,00	 0000000000000,00	 0000000000000,00	 0006282681762,00
190000101	 0028830022000,00	 0000000000000,00	 0000000000000,00	 0000911442647,00
190000102	 0000000000000,00	 0000000000000,00	 0000000000000,00	 0003495766977,00
190000103	 0000037058824,00	 0000000000000,00	 0000000000000,00	 0001875472138,00
190000200	 0015410618653,00	 0000000000000,00	 0000000000000,00	 0434967750974,00
190000201	 0002509643952,00	 0000000000000,00	 0000000000000,00	 0000000000000,00
190000202	 0000000000000,00	 0000000000000,00	 0000000000000,00	 0081404385874,00
190000203	 0000000000000,00	 0000000000000,00	 0000000000000,00	 0000000000000,00
190000204	 0012900974701,00	 0000000000000,00	 0000000000000,00	 0353563365100,00
190000300	 0104769900036,00	 0000000000000,00	 0000000000000,00	 0000000000000,00
190000301	 0089730677343,00	 0000000000000,00	 0000000000000,00	 0000000000000,00
190000302	 0014814934139,00	 0000000000000,00	 0000000000000,00	 0000000000000,00
190000303	 0000224288554,00	 0000000000000,00	 0000000000000,00	 0000000000000,00
190000400	 0000000000000,00	 0000000000000,00	 0000000000000,00	 0000000000000,00
190000401	 0000000000000,00	 0000000000000,00	 0000000000000,00	 0000000000000,00
190000402	 0000000000000,00	 0000000000000,00	 0000000000000,00	 0000000000000,00
190000500	 0027817846833,00	 0027402986403,00	 0000714816144,00	 0031544860804,00
190000501	 0000000000000,00	 0000000000000,00	 0000000000000,00	 0000000000000,00
190000502	 0000000000000,00	 0000000000000,00	 0000000000000,00	 0000084373947,00
190000503	 0000000000000,00	 0020057936685,00	 0000000000000,00	 0000000000000,00
190000504	 0000299272352,00	 0007345049718,00	 0000000000000,00	 0000000000000,00
190000505	 0000262551629,00	 0000000000000,00	 0000000000000,00	 0000000000000,00
190000509	 0027256022852,00	 0000000000000,00	 0000714816144,00	 0031460486857,00
190000600	 0000000000000,00	 0000000000000,00	 0000000000000,00	 0000000000000,00
190000700	 0000000000000,00	 0000000000000,00	 0000000000000,00	 0003270001898,00
190000701	 0000000000000,00	 0000000000000,00	 0000000000000,00	 0006284330236,00
190000702	 0000000000000,00	 0000000000000,00	 0000000000000,00	-0003014328338,00
190000800	 0006023438268,00	 0000000000000,00	 0000000000000,00	 0000551991448,00
190000900	 0020793323740,00	 0000000000000,00	 0000000000000,00	 0012096382863,00
190001000	 0000000000000,00	 0000000000000,00	 0000000000000,00	 0001365432093,00
190001100	 0000000000000,00	 0000000000000,00	 0000000000000,00	 0000000000000,00
190001200	 0007126158133,00	 0000000000000,00	 0000000000000,00	 0001195643573,00
190001300	 0000000000000,00	 0000000000000,00	 0000000000000,00	 0000000000000,00
190001400	 0002467678138,00	 0000000000000,00	 0000000000000,00	 0000000000000,00
190001500	 0028804429183,00	 0000000000000,00	 0000000000000,00	 0001383374449,00
190002900	 0010241292374,00	 0000617800650,00	 0000000000000,00	 0023467511122,00
192500100	 0000000000000,00	 0000000000000,00	 0000000000000,00	 0000000000000,00
192500101	 0000000000000,00	 0000000000000,00	 0000000000000,00	 0000000000000,00
192500102	 0000000000000,00	 0000000000000,00	 0000000000000,00	 0000000000000,00
192500103	 0000000000000,00	 0000000000000,00	 0000000000000,00	 0000000000000,00
195000000	 0010898626704,00	 0000000000000,00	 0000000000000,00	 0014688842239,00
195000100	 0008796923159,00	 0000000000000,00	 0000000000000,00	 0006866261056,00
195000101	 0002310122074,00	 0000000000000,00	 0000000000000,00	 0011297579014,00
195000102	 0008748752255,00	 0000000000000,00	 0000000000000,00	 0000000000000,00
195000103	-0002261951170,00	 0000000000000,00	 0000000000000,00	-0004431317958,00
195000200	 0002101703545,00	 0000000000000,00	 0000000000000,00	 0007822581183,00
195000201	 0000000000000,00	 0000000000000,00	 0000000000000,00	 0000000000000,00
195000202	 0000000000000,00	 0000000000000,00	 0000000000000,00	 0000000000000,00
195000203	 0000365241674,00	 0000000000000,00	 0000000000000,00	 0000117247737,00
195000204	 0001736461871,00	 0000000000000,00	 0000000000000,00	 0007705333446,00
195000219	 0000000000000,00	 0000000000000,00	 0000000000000,00	 0000000000000,00
195000300	 0000000000000,00	 0000000000000,00	 0000000000000,00	 0000000000000,00
200000000	 19097204485892,00	 8611476977363,00	 0000206462928,00	 11372899476283,00
207000000	 0504412590715,00	 0000000000000,00	 0000000000000,00	 0357905567644,00
207000100	 0006659230000,00	 0000000000000,00	 0000000000000,00	 0000000000000,00
207000101	 0000000000000,00	 0000000000000,00	 0000000000000,00	 0000000000000,00
207000102	 0006659230000,00	 0000000000000,00	 0000000000000,00	 0000000000000,00
207000200	 0106208155817,00	 0000000000000,00	 0000000000000,00	 0000000000000,00
207000300	 0391545204898,00	 0000000000000,00	 0000000000000,00	 0357905567644,00
207000301	 0318091467027,00	 0000000000000,00	 0000000000000,00	 0000000000000,00
207000309	 0003856509122,00	 0000000000000,00	 0000000000000,00	 0179064145993,00
207000311	 0069597228749,00	 0000000000000,00	 0000000000000,00	 0000000000000,00
207000319	 0000000000000,00	 0000000000000,00	 0000000000000,00	 0178841421651,00
210000000	 2807147504965,00	 0000000000000,00	 0000000000000,00	 0136431287035,00
211000100	 2807147504965,00	 0000000000000,00	 0000000000000,00	 0136431287035,00
211000101	 0360901320203,00	 0000000000000,00	 0000000000000,00	 0027690122483,00
211000102	 2445661456658,00	 0000000000000,00	 0000000000000,00	 0108525250096,00
211000103	 0000480424656,00	 0000000000000,00	 0000000000000,00	 0000181445787,00
211000104	 0000104303448,00	 0000000000000,00	 0000000000000,00	 0000034468669,00
211000105	 0000000000000,00	 0000000000000,00	 0000000000000,00	 0000000000000,00
211000190	 0000000000000,00	 0000000000000,00	 0000000000000,00	 0000000000000,00
213000100	 0000000000000,00	 0000000000000,00	 0000000000000,00	 0000000000000,00
213000101	 0000000000000,00	 0000000000000,00	 0000000000000,00	 0000000000000,00
213000102	 0000000000000,00	 0000000000000,00	 0000000000000,00	 0000000000000,00
213000103	 0000000000000,00	 0000000000000,00	 0000000000000,00	 0000000000000,00
213000109	 0000000000000,00	 0000000000000,00	 0000000000000,00	 0000000000000,00
218000000	 0000000000000,00	 0000000000000,00	 0000000000000,00	 0000000000000,00
218000001	 0000000000000,00	 0000000000000,00	 0000000000000,00	 0000000000000,00
218000002	 0000000000000,00	 0000000000000,00	 0000000000000,00	 0000000000000,00
218000003	 0000000000000,00	 0000000000000,00	 0000000000000,00	 0000000000000,00
218000009	 0000000000000,00	 0000000000000,00	 0000000000000,00	 0000000000000,00
230000000	 0087281332080,00	 0000000000000,00	 0000000000000,00	 0049349239312,00
230000100	 0087281332080,00	 0000000000000,00	 0000000000000,00	 0049349239312,00
230000101	 0001132566056,00	 0000000000000,00	 0000000000000,00	 0039277625786,00
230000102	 0086148766024,00	 0000000000000,00	 0000000000000,00	 0010071613526,00
230000103	 0000000000000,00	 0000000000000,00	 0000000000000,00	 0000000000000,00
230000104	 0000000000000,00	 0000000000000,00	 0000000000000,00	 0000000000000,00
230000105	 0000000000000,00	 0000000000000,00	 0000000000000,00	 0000000000000,00
230000190	 0000000000000,00	 0000000000000,00	 0000000000000,00	 0000000000000,00
240000000	 15011786382716,00	 7312554372978,00	 0000001302299,00	 10212278012832,00
241000000	 2820469847884,00	 0034452972548,00	 0000000000000,00	 3020450037522,00
241000100	 2376582582757,00	 0000000000000,00	 0000000000000,00	 1573054604454,00
241000101	 0000000053944,00	 0000000000000,00	 0000000000000,00	 0000001667523,00
241000102	 0000023412291,00	 0000000000000,00	 0000000000000,00	 0114599586782,00
241000103	 1602954858050,00	 0000000000000,00	 0000000000000,00	 1348663540600,00
241000104	 0773604258472,00	 0000000000000,00	 0000000000000,00	 0109789809549,00
241000200	 0117689680657,00	 0000000000000,00	 0000000000000,00	 1335192375082,00
241000201	 0000000000000,00	 0000000000000,00	 0000000000000,00	 0000000000000,00
241000202	 0117689680657,00	 0000000000000,00	 0000000000000,00	 1335192375082,00
241000300	 0107195555013,00	 0000000000000,00	 0000000000000,00	 0006734296413,00
241000301	 0107195555013,00	 0000000000000,00	 0000000000000,00	 0006734296413,00
241000400	 0000000000000,00	 0000000000000,00	 0000000000000,00	 0000000000000,00
241000401	 0000000000000,00	 0000000000000,00	 0000000000000,00	 0000000000000,00
241000402	 0000000000000,00	 0000000000000,00	 0000000000000,00	 0000000000000,00
241000500	 0219002029457,00	 0034452972548,00	 0000000000000,00	 0105468761573,00
241000501	 0006637532137,00	 0000000000000,00	 0000000000000,00	 0000000000000,00
241000502	 0000819541853,00	 0000000000000,00	 0000000000000,00	 0000007055981,00
241000503	 0000000000000,00	 0000000000000,00	 0000000000000,00	 0000000000000,00
241000504	 0003920353093,00	 0000000000000,00	 0000000000000,00	 0000759080121,00
241000505	 0019519735066,00	 0034452972548,00	 0000000000000,00	 0006253457062,00
241000506	 0047083422133,00	 0000000000000,00	 0000000000000,00	 0004682732352,00
241000507	 0002702684019,00	 0000000000000,00	 0000000000000,00	 0029901291556,00
241000508	 0000000000000,00	 0000000000000,00	 0000000000000,00	 0000000000000,00
241000509	 0022585362354,00	 0000000000000,00	 0000000000000,00	 0003943737415,00
241000510	 0011480351738,00	 0000000000000,00	 0000000000000,00	 0001444925294,00
241000511	 0011238064107,00	 0000000000000,00	 0000000000000,00	 0002214658772,00
241000512	 0000000000000,00	 0000000000000,00	 0000000000000,00	 0000000000000,00
241000513	 0000000000000,00	 0000000000000,00	 0000000000000,00	 0000000000000,00
241000590	 0093014982957,00	 0000000000000,00	 0000000000000,00	 0056261823020,00
242000000	 8720152558799,00	 1038985567210,00	 0000001302299,00	 4204012896147,00
242000100	 8720152558799,00	 1038985567210,00	 0000001302299,00	 4185104231504,00
242000200	 0000000000000,00	 0000000000000,00	 0000000000000,00	 0018908664643,00
242000201	 0000000000000,00	 0000000000000,00	 0000000000000,00	 0018908664643,00
242000202	 0000000000000,00	 0000000000000,00	 0000000000000,00	 0000000000000,00
242000300	 0000000000000,00	 0000000000000,00	 0000000000000,00	 0000000000000,00
242000301	 0000000000000,00	 0000000000000,00	 0000000000000,00	 0000000000000,00
242000302	 0000000000000,00	 0000000000000,00	 0000000000000,00	 0000000000000,00
242000390	 0000000000000,00	 0000000000000,00	 0000000000000,00	 0000000000000,00
243000000	 0220131760863,00	 0000000000000,00	 0000000000000,00	 0145225160449,00
243000100	 0000000000000,00	 0000000000000,00	 0000000000000,00	 0000000000000,00
243000101	 0000000000000,00	 0000000000000,00	 0000000000000,00	 0000000000000,00
243000102	 0000000000000,00	 0000000000000,00	 0000000000000,00	 0000000000000,00
243000103	 0000000000000,00	 0000000000000,00	 0000000000000,00	 0000000000000,00
243000200	 0000000000000,00	 0000000000000,00	 0000000000000,00	 0135575561855,00
243000201	 0000000000000,00	 0000000000000,00	 0000000000000,00	 0000000000000,00
243000202	 0000000000000,00	 0000000000000,00	 0000000000000,00	 0135575561855,00
243000203	 0000000000000,00	 0000000000000,00	 0000000000000,00	 0000000000000,00
243000300	 0220131760863,00	 0000000000000,00	 0000000000000,00	 0007380143114,00
243000301	 0220131760863,00	 0000000000000,00	 0000000000000,00	 0007380143114,00
243000302	 0000000000000,00	 0000000000000,00	 0000000000000,00	 0000000000000,00
243000400	 0000000000000,00	 0000000000000,00	 0000000000000,00	 0002269455480,00
243000401	 0000000000000,00	 0000000000000,00	 0000000000000,00	 0002269455480,00
243000402	 0000000000000,00	 0000000000000,00	 0000000000000,00	 0000000000000,00
244000000	 3007199999993,00	 0000000000000,00	 0000000000000,00	 1988778304765,00
244250000	 0000000000000,00	 0000000000000,00	 0000000000000,00	 0000000000000,00
244250100	 0000000000000,00	 0000000000000,00	 0000000000000,00	 0000000000000,00
244250101	 0000000000000,00	 0000000000000,00	 0000000000000,00	 0000000000000,00
244250102	 0000000000000,00	 0000000000000,00	 0000000000000,00	 0000000000000,00
244250103	 0000000000000,00	 0000000000000,00	 0000000000000,00	 0000000000000,00
244250200	 0000000000000,00	 0000000000000,00	 0000000000000,00	 0000000000000,00
244250201	 0000000000000,00	 0000000000000,00	 0000000000000,00	 0000000000000,00
244250202	 0000000000000,00	 0000000000000,00	 0000000000000,00	 0000000000000,00
244250203	 0000000000000,00	 0000000000000,00	 0000000000000,00	 0000000000000,00
244250204	 0000000000000,00	 0000000000000,00	 0000000000000,00	 0000000000000,00
244250209	 0000000000000,00	 0000000000000,00	 0000000000000,00	 0000000000000,00
244500000	 0000000000000,00	 0000000000000,00	 0000000000000,00	 1988778304765,00
244500100	 0000000000000,00	 0000000000000,00	 0000000000000,00	 0032667245536,00
244500101	 0000000000000,00	 0000000000000,00	 0000000000000,00	 0000000000000,00
244500102	 0000000000000,00	 0000000000000,00	 0000000000000,00	 0032595482479,00
244500103	 0000000000000,00	 0000000000000,00	 0000000000000,00	 0000071763057,00
244500200	 0000000000000,00	 0000000000000,00	 0000000000000,00	 1956111059229,00
244500201	 0000000000000,00	 0000000000000,00	 0000000000000,00	 0199506128619,00
244500202	 0000000000000,00	 0000000000000,00	 0000000000000,00	 1685051733895,00
244500203	 0000000000000,00	 0000000000000,00	 0000000000000,00	 0010063829666,00
244500204	 0000000000000,00	 0000000000000,00	 0000000000000,00	 0061489367049,00
244500209	 0000000000000,00	 0000000000000,00	 0000000000000,00	 0000000000000,00
244700000	 3007199999993,00	 0000000000000,00	 0000000000000,00	 0000000000000,00
244700100	 3007199999993,00	 0000000000000,00	 0000000000000,00	 0000000000000,00
244700200	 0000000000000,00	 0000000000000,00	 0000000000000,00	 0000000000000,00
244900000	 0000000000000,00	 0000000000000,00	 0000000000000,00	 0000000000000,00
244900100	 0000000000000,00	 0000000000000,00	 0000000000000,00	 0000000000000,00
244900200	 0000000000000,00	 0000000000000,00	 0000000000000,00	 0000000000000,00
245000000	 0189487596351,00	 6239115833220,00	 0000000000000,00	 0460763389299,00
245000100	 0000000000000,00	 0013799419286,00	 0000000000000,00	 0000000000000,00
245000101	 0000000000000,00	 0010738038554,00	 0000000000000,00	 0000000000000,00
245000102	 0000000000000,00	 0003061380732,00	 0000000000000,00	 0000000000000,00
245000200	 0189487596351,00	 6225316413934,00	 0000000000000,00	 0460763389299,00
245000201	 0189487596351,00	 6225316413934,00	 0000000000000,00	 0460763389299,00
245000203	 0000000000000,00	 0000000000000,00	 0000000000000,00	 0000000000000,00
246000000	 0054344618826,00	 0000000000000,00	 0000000000000,00	 0393048224650,00
246000100	 0000000000000,00	 0000000000000,00	 0000000000000,00	 0000000000000,00
246000101	 0000000000000,00	 0000000000000,00	 0000000000000,00	 0000000000000,00
246000102	 0000000000000,00	 0000000000000,00	 0000000000000,00	 0000000000000,00
246000200	 0054344618826,00	 0000000000000,00	 0000000000000,00	 0000000000000,00
246000201	 0000000000000,00	 0000000000000,00	 0000000000000,00	 0000000000000,00
246000202	 0000000000000,00	 0000000000000,00	 0000000000000,00	 0000000000000,00
246000203	 0000000000000,00	 0000000000000,00	 0000000000000,00	 0000000000000,00
246000204	 0054344618826,00	 0000000000000,00	 0000000000000,00	 0000000000000,00
246000205	 0000000000000,00	 0000000000000,00	 0000000000000,00	 0000000000000,00
246000206	 0000000000000,00	 0000000000000,00	 0000000000000,00	 0000000000000,00
246000207	 0000000000000,00	 0000000000000,00	 0000000000000,00	 0000000000000,00
246000208	 0000000000000,00	 0000000000000,00	 0000000000000,00	 0000000000000,00
246000290	 0000000000000,00	 0000000000000,00	 0000000000000,00	 0000000000000,00
246000300	 0000000000000,00	 0000000000000,00	 0000000000000,00	 0393048224650,00
246000301	 0000000000000,00	 0000000000000,00	 0000000000000,00	 0000000000000,00
246000302	 0000000000000,00	 0000000000000,00	 0000000000000,00	 0000000000000,00
246000303	 0000000000000,00	 0000000000000,00	 0000000000000,00	 0000000000000,00
246000304	 0000000000000,00	 0000000000000,00	 0000000000000,00	 0000000000000,00
246000305	 0000000000000,00	 0000000000000,00	 0000000000000,00	 0000000000000,00
246000390	 0000000000000,00	 0000000000000,00	 0000000000000,00	 0393048224650,00
250000000	 0000492384704,00	 0060819314534,00	 0000205160629,00	 0022147048486,00
255000000	 0000000000000,00	 1105352849413,00	 0000000000000,00	 0181743269715,00
255000100	 0000000000000,00	 1105352849413,00	 0000000000000,00	 0181743269715,00
255000101	 0000000000000,00	 0000000000000,00	 0000000000000,00	 0000000000000,00
255000102	 0000000000000,00	 1105352849413,00	 0000000000000,00	 0181743269715,00
255000200	 0000000000000,00	 0000000000000,00	 0000000000000,00	 0000000000000,00
255000300	 0000000000000,00	 0000000000000,00	 0000000000000,00	 0000000000000,00
260000000	 0077478939363,00	 0000000000000,00	 0000000000000,00	 0059540793971,00
260000100	 0047873077581,00	 0000000000000,00	 0000000000000,00	 0054362916737,00
260000101	 0040977615081,00	 0000000000000,00	 0000000000000,00	 0004017090471,00
260000102	 0000000000000,00	 0000000000000,00	 0000000000000,00	 0000000000000,00
260000103	 0000000000000,00	 0000000000000,00	 0000000000000,00	 0013138831202,00
260000104	 0000602442112,00	 0000000000000,00	 0000000000000,00	 0002435410100,00
260000105	 0005961858761,00	 0000000000000,00	 0000000000000,00	 0000000000000,00
260000106	 0000000000000,00	 0000000000000,00	 0000000000000,00	 0000000000000,00
260000107	 0000000000000,00	 0000000000000,00	 0000000000000,00	 0026049373245,00
260000109	 0000331161627,00	 0000000000000,00	 0000000000000,00	 0008722211719,00
260000200	 0000000000000,00	 0000000000000,00	 0000000000000,00	 0000000000000,00
260000300	 0007332508340,00	 0000000000000,00	 0000000000000,00	 0000000000000,00
260000400	 0000412030420,00	 0000000000000,00	 0000000000000,00	 0001574012112,00
260000500	 0020481738861,00	 0000000000000,00	 0000000000000,00	 0001770492323,00
260000600	 0001345139249,00	 0000000000000,00	 0000000000000,00	 0000094749722,00
260000900	 0000034444912,00	 0000000000000,00	 0000000000000,00	 0001738623077,00
265000000	 0098619052608,00	 0000000000000,00	 0000000000000,00	 0000000000000,00
265000100	 0098619052608,00	 0000000000000,00	 0000000000000,00	 0000000000000,00
265000101	 0098619052608,00	 0000000000000,00	 0000000000000,00	 0000000000000,00
265000102	 0000000000000,00	 0000000000000,00	 0000000000000,00	 0000000000000,00
265000200	 0000000000000,00	 0000000000000,00	 0000000000000,00	 0000000000000,00
265000300	 0000000000000,00	 0000000000000,00	 0000000000000,00	 0000000000000,00
270000000	 0180732552355,00	 0000000000000,00	 0000000000000,00	 0040637347662,00
271000000	 0017305287672,00	 0000000000000,00	 0000000000000,00	 0024622867403,00
271000100	 0000093650242,00	 0000000000000,00	 0000000000000,00	 0005711904521,00
271000200	 0000379003186,00	 0000000000000,00	 0000000000000,00	 0000000000000,00
271000400	 0013871470454,00	 0000000000000,00	 0000000000000,00	 0005194380984,00
271000500	 0000000000000,00	 0000000000000,00	 0000000000000,00	 0000000000000,00
271000501	 0000000000000,00	 0000000000000,00	 0000000000000,00	 0000000000000,00
271000502	 0000000000000,00	 0000000000000,00	 0000000000000,00	 0000000000000,00
271000503	 0000000000000,00	 0000000000000,00	 0000000000000,00	 0000000000000,00
271000504	 0000000000000,00	 0000000000000,00	 0000000000000,00	 0000000000000,00
271000505	 0000000000000,00	 0000000000000,00	 0000000000000,00	 0000000000000,00
271000600	 0000297338252,00	 0000000000000,00	 0000000000000,00	 0002089395610,00
271000601	 0000297338252,00	 0000000000000,00	 0000000000000,00	 0000000000000,00
271000602	 0000000000000,00	 0000000000000,00	 0000000000000,00	 0002089395610,00
271000700	 0002663825538,00	 0000000000000,00	 0000000000000,00	 0011622582462,00
271000701	 0000877760556,00	 0000000000000,00	 0000000000000,00	 0000326158981,00
271000702	 0000013708753,00	 0000000000000,00	 0000000000000,00	 0001071732985,00
271000703	 0001641087631,00	 0000000000000,00	 0000000000000,00	 0000176219875,00
271000704	 0000131268598,00	 0000000000000,00	 0000000000000,00	 0010048470621,00
271000705	 0000000000000,00	 0000000000000,00	 0000000000000,00	 0000000000000,00
271000800	 0000000000000,00	 0000000000000,00	 0000000000000,00	 0000004603826,00
271000900	 0000000000000,00	 0000000000000,00	 0000000000000,00	 0000000000000,00
272000000	 0002948264683,00	 0000000000000,00	 0000000000000,00	 0005139450367,00
273000000	 0000000000000,00	 0000000000000,00	 0000000000000,00	 0000000000000,00
274000000	 0160479000000,00	 0000000000000,00	 0000000000000,00	 0010875029892,00
274000100	 0090368000000,00	 0000000000000,00	 0000000000000,00	 0006308919192,00
274000200	 0012022000000,00	 0000000000000,00	 0000000000000,00	 0000000000000,00
274000300	 0058089000000,00	 0000000000000,00	 0000000000000,00	 0004566110700,00
275000000	 0000000000000,00	 0000000000000,00	 0000000000000,00	 0000000000000,00
275000100	 0000000000000,00	 0000000000000,00	 0000000000000,00	 0000000000000,00
275000200	 0000000000000,00	 0000000000000,00	 0000000000000,00	 0000000000000,00
275000300	 0000000000000,00	 0000000000000,00	 0000000000000,00	 0000000000000,00
275000400	 0000000000000,00	 0000000000000,00	 0000000000000,00	 0000000000000,00
275000500	 0000000000000,00	 0000000000000,00	 0000000000000,00	 0000000000000,00
275000600	 0000000000000,00	 0000000000000,00	 0000000000000,00	 0000000000000,00
279000000	 0000000000000,00	 0000000000000,00	 0000000000000,00	 0000000000000,00
279000100	 0000000000000,00	 0000000000000,00	 0000000000000,00	 0000000000000,00
279000200	 0000000000000,00	 0000000000000,00	 0000000000000,00	 0000000000000,00
279000300	 0000000000000,00	 0000000000000,00	 0000000000000,00	 0000000000000,00
280000000	 0000644219889,00	 0000000000000,00	 0000000000000,00	 0001030521304,00
285000000	 0000000000000,00	 0000000000000,00	 0000000000000,00	 0000000000000,00
290000000	 0328609526497,00	 0132750440438,00	 0000000000000,00	 0311836388322,00
290000100	 0011398632035,00	 0000000000000,00	 0000000000000,00	 0257289208814,00
290000101	 0009388052035,00	 0000000000000,00	 0000000000000,00	 0000000000000,00
290000102	 0000000000000,00	 0000000000000,00	 0000000000000,00	 0033620384657,00
290000103	 0002010580000,00	 0000000000000,00	 0000000000000,00	 0204664116461,00
290000104	 0000000000000,00	 0000000000000,00	 0000000000000,00	 0019004707696,00
290000200	 0104754318158,00	 0000000000000,00	 0000000000000,00	 0000000000000,00
290000201	 0089715151919,00	 0000000000000,00	 0000000000000,00	 0000000000000,00
290000202	 0014814934139,00	 0000000000000,00	 0000000000000,00	 0000000000000,00
290000203	 0000224232100,00	 0000000000000,00	 0000000000000,00	 0000000000000,00
290000300	 0127566710846,00	 0132750440438,00	 0000000000000,00	 0045122755524,00
290000301	 0001539760303,00	 0000000000000,00	 0000000000000,00	 0000000000000,00
290000302	 0003474105822,00	 0000000000000,00	 0000000000000,00	 0000000000000,00
290000303	 0000000000000,00	 0000000000000,00	 0000000000000,00	 0000000000000,00
290000304	 0000000000000,00	 0000000000000,00	 0000000000000,00	 0000000000000,00
290000305	 0001067657596,00	 0000000000000,00	 0000000000000,00	 0000000000000,00
290000306	 0008618601797,00	 0000000000000,00	 0000000000000,00	 0000000000000,00
290000307	 0012770592235,00	 0000000000000,00	 0000000000000,00	 0000000359610,00
290000308	 0055774030029,00	 0000000000000,00	 0000000000000,00	 0003757565703,00
290000309	 0000000000000,00	 0000000000000,00	 0000000000000,00	 0005622094722,00
290000390	 0044321963064,00	 0132750440438,00	 0000000000000,00	 0035742735489,00
290000400	 0000000000000,00	 0000000000000,00	 0000000000000,00	 0000000000000,00
290000500	 0000083607294,00	 0000000000000,00	 0000000000000,00	 0000172532075,00
290000501	 0000083607294,00	 0000000000000,00	 0000000000000,00	 0000172532075,00
290000502	 0000000000000,00	 0000000000000,00	 0000000000000,00	 0000000000000,00
290000700	 0004376792749,00	 0000000000000,00	 0000000000000,00	 0000000000000,00
290000800	 0046238472476,00	 0000000000000,00	 0000000000000,00	 0004984549794,00
290000801	 0000000000000,00	 0000000000000,00	 0000000000000,00	 0000000000000,00
290000802	 0000129924828,00	 0000000000000,00	 0000000000000,00	 0000045490103,00
290000803	 0000000000000,00	 0000000000000,00	 0000000000000,00	 0000000000000,00
290000809	 0046108547648,00	 0000000000000,00	 0000000000000,00	 0004939059691,00
290000900	 0009230543990,00	 0000000000000,00	 0000000000000,00	 0000977115931,00
290001000	 0000068769186,00	 0000000000000,00	 0000000000000,00	 0000000000000,00
290001100	 0012747321051,00	 0000000000000,00	 0000000000000,00	 0001368423015,00
290001200	 0012144358712,00	 0000000000000,00	 0000000000000,00	 0001921803169,00
295000000	 0000000000000,00	 0000000000000,00	 0000000000000,00	 0000000000000,00
300000000	 3281651587981,00	 0318512423998,00	 0018379709847,00	 0053860790947,00
310000000	 2687950562299,00	 0000000000000,00	 0000000000000,00	 0000000000000,00
311000000	 2687950562299,00	 0000000000000,00	 0000000000000,00	 0000000000000,00
311000100	 2687950562299,00	 0000000000000,00	 0000000000000,00	 0000000000000,00
311000200	 0000000000000,00	 0000000000000,00	 0000000000000,00	 0000000000000,00
311000300	 0000000000000,00	 0000000000000,00	 0000000000000,00	 0000000000000,00
311000400	 0000000000000,00	 0000000000000,00	 0000000000000,00	 0000000000000,00
311000500	 0000000000000,00	 0000000000000,00	 0000000000000,00	 0000000000000,00
311000600	 0000000000000,00	 0000000000000,00	 0000000000000,00	 0000000000000,00
312000000	 0000000000000,00	 0000000000000,00	 0000000000000,00	 0000000000000,00
313000000	 0000000000000,00	 0000000000000,00	 0000000000000,00	 0000000000000,00
320000000	 0236039217712,00	 0000000000000,00	 0000000000000,00	 0000000000000,00
320000100	 0236039217712,00	 0000000000000,00	 0000000000000,00	 0000000000000,00
320000200	 0000000000000,00	 0000000000000,00	 0000000000000,00	 0000000000000,00
320000300	 0000000000000,00	 0000000000000,00	 0000000000000,00	 0000000000000,00
320000400	 0000000000000,00	 0000000000000,00	 0000000000000,00	 0000000000000,00
330000000	-0011112709955,00	 0000000000000,00	 0000000000000,00	 0028057698368,00
331000000	 0002868826925,00	 0000000000000,00	 0000000000000,00	-0000731603706,00
331000100	 0000000000000,00	 0000000000000,00	 0000000000000,00	-0003811121346,00
331000200	 0002868826925,00	 0000000000000,00	 0000000000000,00	 0003079517640,00
331000201	-0000460216696,00	 0000000000000,00	 0000000000000,00	 0003225490607,00
331000202	 0003329043621,00	 0000000000000,00	 0000000000000,00	 0000000000000,00
331000203	 0000000000000,00	 0000000000000,00	 0000000000000,00	-0000145972967,00
331000209	 0000000000000,00	 0000000000000,00	 0000000000000,00	 0000000000000,00
331000300	 0000000000000,00	 0000000000000,00	 0000000000000,00	 0000000000000,00
331000400	 0000000000000,00	 0000000000000,00	 0000000000000,00	 0000000000000,00
331000500	 0000000000000,00	 0000000000000,00	 0000000000000,00	 0000000000000,00
331000900	 0000000000000,00	 0000000000000,00	 0000000000000,00	 0000000000000,00
332000000	-0013981536880,00	 0000000000000,00	 0000000000000,00	 0028789302074,00
332000100	 0005734850557,00	 0000000000000,00	 0000000000000,00	 0012323933697,00
332000200	 0007978180659,00	 0000000000000,00	 0000000000000,00	 0028410827134,00
332000300	-0032673474737,00	 0000000000000,00	 0000000000000,00	-0012464839887,00
332000400	 0004994067269,00	 0000000000000,00	 0000000000000,00	 0000518744480,00
332000500	 0000000000000,00	 0000000000000,00	 0000000000000,00	 0000000000000,00
332000600	-0000015160628,00	 0000000000000,00	 0000000000000,00	 0000000000000,00
332000700	 0000000000000,00	 0000000000000,00	 0000000000000,00	 0000000000000,00
332000900	 0000000000000,00	 0000000000000,00	 0000000000000,00	 0000000636650,00
340000000	 0498085249368,00	 0000000000000,00	 0000000000000,00	 0000000000000,00
340000100	 0498085249368,00	 0000000000000,00	 0000000000000,00	 0000000000000,00
340000200	 0000000000000,00	 0000000000000,00	 0000000000000,00	 0000000000000,00
350000000	-0033746707664,00	 0318512423998,00	 0018379709847,00	 0025584749179,00
360000000	-0098619052608,00	 0000000000000,00	 0000000000000,00	 0000000000000,00
360000100	-0098619052608,00	 0000000000000,00	 0000000000000,00	 0000000000000,00
360000101	-0098619052608,00	 0000000000000,00	 0000000000000,00	 0000000000000,00
360000102	 0000000000000,00	 0000000000000,00	 0000000000000,00	 0000000000000,00
360000200	 0000000000000,00	 0000000000000,00	 0000000000000,00	 0000000000000,00
360000300	 0000000000000,00	 0000000000000,00	 0000000000000,00	 0000000000000,00
365000000	 0000000000000,00	 0000000000000,00	 0000000000000,00	 0000000000000,00
380000000	 3278596559152,00	 0318512423998,00	 0018379709847,00	 0053642447547,00
390000000	 0003055028829,00	 0000000000000,00	 0000000000000,00	 0000218343400,00
500000000	 7789276422589,00	 11490549826007,00	 0000000000000,00	 7977193232301,00
505000000	 7789276422589,00	 11490549826007,00	 0000000000000,00	 7941092747931,00
510000000	 22378856073873,00	 8929989401361,00	 0018586172775,00	 11426760267230,00
