009	BANCO INTERNACIONAL
811000000	 0222664760474,00	
811100000	 0000000000000,00	
811100100	 0000000000000,00	
811100200	 0000000000000,00	
811200000	 0214110338321,00	
811200100	 0178260394648,00	
811200101	 0178260394648,00	
811200102	 0000000000000,00	
811200103	 0000000000000,00	
811200104	 0000000000000,00	
811200600	 0001271593797,00	
811200700	 0000797424904,00	
811200800	 0000000000000,00	
811200900	 0000593270595,00	
811201000	 0012399946561,00	
811201100	 0020689454231,00	
811201200	 0000098253585,00	
811300000	 0001473966876,00	
811300100	 0000399360087,00	
811300200	 0000602322126,00	
811300300	 0000000000000,00	
811300400	 0000472284663,00	
811300500	 0000000000000,00	
811300600	 0000000000000,00	
811400000	 0007080455277,00	
811400100	 0007027625524,00	
811400200	 0000027635501,00	
811400300	 0000025194252,00	
811400400	 0000000000000,00	
811400500	 0000000000000,00	
812000000	 0088841532913,00	
812100000	 0000000000000,00	
812100100	 0000000000000,00	
812100200	 0000000000000,00	
812200000	 0082725033594,00	
812200100	 0066452490804,00	
812200101	 0066375475079,00	
812200102	 0000000000000,00	
812200103	 0000077015725,00	
812200104	 0000000000000,00	
812200600	 0000431825655,00	
812200700	 0000176822081,00	
812200800	 0000000000000,00	
812200900	 0000000000000,00	
812201000	 0001989036429,00	
812201100	 0013630740298,00	
812201200	 0000044118327,00	
812300000	 0000130347385,00	
812300100	 0000007158120,00	
812300200	 0000123189265,00	
812300300	 0000000000000,00	
812300400	 0000000000000,00	
812300500	 0000000000000,00	
812300600	 0000000000000,00	
812400000	 0005986151934,00	
812400100	 0005957463209,00	
812400200	 0000000000000,00	
812400300	 0000000000000,00	
812400400	 0000000000000,00	
812400500	 0000028688725,00	
813000000	 0023452184896,00	
813100000	 0000000000000,00	
813100100	 0000000000000,00	
813100200	 0000000000000,00	
813200000	 0014621200038,00	
813200100	 0013950203424,00	
813200101	 0013950203424,00	
813200102	 0000000000000,00	
813200103	 0000000000000,00	
813200104	 0000000000000,00	
813200600	 0000000000000,00	
813200700	 0000000000000,00	
813200800	 0000000000000,00	
813200900	 0000013504423,00	
813201000	 0000219854535,00	
813201100	 0000437637656,00	
813201200	 0000000000000,00	
813300000	 0000197281448,00	
813300100	 0000119518323,00	
813300200	 0000077763125,00	
813300300	 0000000000000,00	
813300400	 0000000000000,00	
813300500	 0000000000000,00	
813300600	 0000000000000,00	
813400000	 0008633703410,00	
813400100	 0008633703410,00	
813400200	 0000000000000,00	
813400300	 0000000000000,00	
813400400	 0000000000000,00	
813400500	 0000000000000,00	
814000000	 0004799278056,00	
814100000	 0000000000000,00	
814100100	 0000000000000,00	
814100200	 0000000000000,00	
814200000	 0004047215467,00	
814200100	 0003418433972,00	
814200101	 0003418433972,00	
814200102	 0000000000000,00	
814200103	 0000000000000,00	
814200104	 0000000000000,00	
814200600	 0000000000000,00	
814200700	 0000000000000,00	
814200800	 0000000000000,00	
814200900	 0000024876597,00	
814201000	 0000453762651,00	
814201100	 0000150142247,00	
814201200	 0000000000000,00	
814300000	 0000367292830,00	
814300100	 0000195164905,00	
814300200	 0000172127925,00	
814300300	 0000000000000,00	
814300400	 0000000000000,00	
814300500	 0000000000000,00	
814300600	 0000000000000,00	
814400000	 0000384769759,00	
814400100	 0000384769759,00	
814400200	 0000000000000,00	
814400300	 0000000000000,00	
814400400	 0000000000000,00	
814400500	 0000000000000,00	
821000000	 3317552297166,00	
821100000	 0000000000000,00	
821100100	 0000000000000,00	
821100200	 0000000000000,00	
821200000	 3003436387161,00	
821200100	 2361990139483,00	
821200101	 2160125501110,00	
821200102	 0000000000000,00	
821200103	 0002340382544,00	
821200104	 0199524255829,00	
821200600	 0107342972112,00	
821200700	 0021368137657,00	
821200800	 0002303099130,00	
821200900	 0034304785755,00	
821201000	 0201181954192,00	
821201100	 0274115803378,00	
821201200	 0000829495454,00	
821300000	 0097842693487,00	
821300100	 0006985827952,00	
821300200	 0007777283733,00	
821300300	 0000000000000,00	
821300400	 0083079581802,00	
821300500	 0000000000000,00	
821300600	 0000000000000,00	
821400000	 0216273216518,00	
821400100	 0212126344132,00	
821400200	 0001331945750,00	
821400300	 0002814519062,00	
821400400	 0000000000000,00	
821400500	 0000000407574,00	
831000000	 0284923661015,00	
831100000	 0005966132960,00	
831100100	 0000000000000,00	
831100200	 0005966132960,00	
831200000	 0005656054764,00	
831300000	 0000000000000,00	
831500000	 0064565525689,00	
831500100	 0061083932297,00	
831500200	 0003481593392,00	
831600000	 0096443311426,00	
831600100	 0065505312870,00	
831600200	 0011461550042,00	
831600300	 0004536717606,00	
831600400	 0014939730908,00	
831600500	 0000000000000,00	
831700000	 0000000000000,00	
831700100	 0000000000000,00	
831700200	 0000000000000,00	
831700300	 0000000000000,00	
831700400	 0000000000000,00	
831700500	 0000000000000,00	
831800000	 0082685355417,00	
831800100	 0082685355417,00	
831800200	 0000000000000,00	
831900000	 0029607280759,00	
832000000	 0010774559013,00	
832100000	 0010774559013,00	
832100100	 0003921357867,00	
832100200	 0006853201146,00	
832300000	 0000000000000,00	
832300100	 0000000000000,00	
832300200	 0000000000000,00	
832300300	 0000000000000,00	
832500000	 0000000000000,00	
832500100	 0000000000000,00	
832500200	 0000000000000,00	
832500300	 0000000000000,00	
832700000	 0000000000000,00	
832700100	 0000000000000,00	
832700101	 0000000000000,00	
832700102	 0000000000000,00	
832700103	 0000000000000,00	
832700104	 0000000000000,00	
832700200	 0000000000000,00	
832700201	 0000000000000,00	
832700202	 0000000000000,00	
832700203	 0000000000000,00	
832700204	 0000000000000,00	
833000000	 4514912890251,00	
833050000	 0000000000000,00	
833050100	 0000000000000,00	
833050200	 0000000000000,00	
833100000	 4514912890251,00	
833200000	 0000000000000,00	
833300000	 0000000000000,00	
833300100	 0000000000000,00	
833300200	 0000000000000,00	
833300300	 0000000000000,00	
833350000	 0000000000000,00	
833360000	 0000000000000,00	
833370000	 0000000000000,00	
833380000	 0000000000000,00	
833400000	 0000000000000,00	
833410000	 0000000000000,00	
833420000	 0000000000000,00	
833500000	 0000000000000,00	
833500100	 0000000000000,00	
833500200	 0000000000000,00	
833500300	 0000000000000,00	
833500400	 0000000000000,00	
833500500	 0000000000000,00	
833500600	 0000000000000,00	
833500700	 0000000000000,00	
841000000	 0362634651513,00	
841000100	 0005000000000,00	
841000200	 0005000000000,00	
841000300	 0000000000000,00	
841000400	 0000000000000,00	
841000500	 0000000000000,00	
841000600	 0352634651513,00	
841000700	 0000000000000,00	
842000000	 0000000000000,00	
842000100	 0000000000000,00	
842000200	 0000000000000,00	
843000000	 0000000000000,00	
843000100	 0000000000000,00	
843000200	 0000000000000,00	
843000300	 0000000000000,00	
843000400	 0000000000000,00	
843000500	 0000000000000,00	
843500000	 0000000000000,00	
843500100	 0000000000000,00	
843500200	 0000000000000,00	
843500300	 0000000000000,00	
843500400	 0000000000000,00	
843500500	 0000000000000,00	
843500600	 0000000000000,00	
844100000	 0000000000000,00	
844200000	 0000000000000,00	
844300000	 0000000000000,00	
844400000	 0000000000000,00	
844400100	 0000000000000,00	
844400200	 0000000000000,00	
844500000	 1076641291140,00	
844500100	 1076641291140,00	
844500200	 0000000000000,00	
844500300	 0000000000000,00	
844600000	 0000000000000,00	
845250000	 0043139905018,00	
845250100	 0000000000000,00	
845250200	 0000000000000,00	
845250300	 0000000000000,00	
845250400	 0000000000000,00	
845250500	 0041292038083,00	
845250501	 0024356825870,00	
845250502	 0000000000000,00	
845250503	 0004350630874,00	
845250504	 0000793435512,00	
845250505	 0001213267314,00	
845250509	 0010577878513,00	
845250600	 0001847866935,00	
845250601	 0000000000000,00	
845250602	 0001847866935,00	
845250603	 0000000000000,00	
845250609	 0000000000000,00	
845500000	 0009575782153,00	
845500100	 0000000000000,00	
845500200	 0000000000000,00	
845500300	 0002650522366,00	
845500400	 0000000000000,00	
845500500	 0006925259787,00	
845500501	 0000000000000,00	
845500502	 0000000000000,00	
845500503	 0000000000000,00	
845500504	 0000000000000,00	
845500509	 0006925259787,00	
845500600	 0000000000000,00	
846100000	 0000000000000,00	
847000000	 0001188759460,00	
847100000	 0001490198677,00	
847100100	 0000000000000,00	
847100200	 0000513252977,00	
847100300	 0000000206140,00	
847100400	 0000000000000,00	
847100500	 0000001980953,00	
847100600	 0000050695571,00	
847100700	 0000924063036,00	
847200000	 0000301439217,00	
847200100	 0000005822727,00	
847200200	 0000294216687,00	
847200300	 0000000201614,00	
847200400	 0000000000000,00	
847200500	 0000000000000,00	
847200600	 0000000000000,00	
847200700	 0000001198189,00	
851000000	 2200877225480,00	
851100000	 0000000000000,00	
851200000	 2200877225480,00	
852000000	 0376230828327,00	
852100000	 0000000000000,00	
852200000	 0376230828327,00	
853000000	 0155351476116,00	
853100000	 0000000000000,00	
853200000	 0155351476116,00	
854000000	 0558987836999,00	
854200000	 0253426349147,00	
854300000	 0096368726611,00	
854400000	 0209192761241,00	
855000000	 0029243876384,00	
855200000	 0020689454231,00	
855300000	 0001473966876,00	
855400000	 0007080455277,00	
856050000	 0176058319089,00	
856050100	 0005966132960,00	
856050200	 0005656054764,00	
856050300	 0000000000000,00	
856050400	 0062342387878,00	
856050500	 0000000000000,00	
856050600	 0072486462728,00	
856050800	 0000000000000,00	
856050900	 0029607280759,00	
856150000	 0005989763593,00	
856150100	 0000000000000,00	
856150200	 0000000000000,00	
856150300	 0000000000000,00	
856150400	 0001743779745,00	
856150500	 0000000000000,00	
856150600	 0004245983848,00	
856150800	 0000000000000,00	
856150900	 0000000000000,00	
856250000	 0000713774402,00	
856250100	 0000000000000,00	
856250200	 0000000000000,00	
856250300	 0000000000000,00	
856250400	 0000479358066,00	
856250500	 0000000000000,00	
856250600	 0000234416336,00	
856250800	 0000000000000,00	
856250900	 0000000000000,00	
856350000	 0082685355417,00	
856350100	 0000000000000,00	
856350200	 0000000000000,00	
856350300	 0000000000000,00	
856350400	 0000000000000,00	
856350500	 0000000000000,00	
856350600	 0000000000000,00	
856350700	 0082685355417,00	
856350800	 0000000000000,00	
856350900	 0000000000000,00	
856450000	 0000000000000,00	
856450100	 0000000000000,00	
856450200	 0000000000000,00	
856450300	 0000000000000,00	
856450400	 0000000000000,00	
856450500	 0000000000000,00	
856450600	 0000000000000,00	
856450700	 0000000000000,00	
856450800	 0000000000000,00	
856450900	 0000000000000,00	
856550000	 0019408778138,00	
856550100	 0000000000000,00	
856550200	 0000000000000,00	
856550300	 0000000000000,00	
856550400	 0004527594390,00	
856550500	 0014881183748,00	
856550600	 0000000000000,00	
856650000	 0000067670376,00	
856650100	 0000000000000,00	
856650200	 0000000000000,00	
856650300	 0000000000000,00	
856650400	 0000009123216,00	
856650500	 0000058547160,00	
856650600	 0000000000000,00	
856750000	 0000000000000,00	
856750100	 0000000000000,00	
856750200	 0000000000000,00	
856750300	 0000000000000,00	
856750400	 0000000000000,00	
856750500	 0000000000000,00	
856750600	 0000000000000,00	
856750800	 0000000000000,00	
856750900	 0000000000000,00	
856850000	 0000000000000,00	
856850100	 0000000000000,00	
856850200	 0000000000000,00	
856850300	 0000000000000,00	
856850400	 0000000000000,00	
856850500	 0000000000000,00	
856850600	 0000000000000,00	
856850800	 0000000000000,00	
856850900	 0000000000000,00	
856950000	 0000000000000,00	
856950100	 0000000000000,00	
856950200	 0000000000000,00	
856950300	 0000000000000,00	
856950400	 0000000000000,00	
856950500	 0000000000000,00	
856950600	 0000000000000,00	
856950800	 0000000000000,00	
856950900	 0000000000000,00	
857000000	 0088842349189,00	
857100000	 0000000000000,00	
857100100	 0000000000000,00	
857100200	 0000000000000,00	
857200000	 0084432475484,00	
857200100	 0058185538561,00	
857200101	 0058185538561,00	
857200102	 0000000000000,00	
857200103	 0000000000000,00	
857200104	 0000000000000,00	
857200600	 0001167391430,00	
857200700	 0000000000000,00	
857200800	 0000000000000,00	
857200900	 0000465998518,00	
857201000	 0003917590892,00	
857201100	 0019997679813,00	
857201200	 0000698276270,00	
857300000	 0000769666462,00	
857300100	 0000047707621,00	
857300200	 0000478374910,00	
857300300	 0000000000000,00	
857300400	 0000243583931,00	
857300500	 0000000000000,00	
857300600	 0000000000000,00	
857400000	 0003640207243,00	
857400100	 0003640207243,00	
857400200	 0000000000000,00	
857400300	 0000000000000,00	
857400400	 0000000000000,00	
857400500	 0000000000000,00	
858000000	 0000000000000,00	
858100000	 0000000000000,00	
858200000	 0000000000000,00	
858300000	 0000000000000,00	
858400000	 0000000000000,00	
859000000	 0000000000000,00	
859100000	 0000000000000,00	
859200000	 0000000000000,00	
859300000	 0000000000000,00	
859400000	 0000000000000,00	
