999	SISTEMA FINANCIERO
1000000	 0000161649367,00	 0000102358593,00	 0000000823588,00	 0000071373834,00
1100000	 0000012911758,00	 0000000150000,00	 0000000000002,00	 0000011791084,00
1100100	 0000003021648,00	 0000000000000,00	 0000000000000,00	 0000000447928,00
1100200	 0000009721115,00	 0000000150000,00	 0000000000000,00	 0000001792088,00
1100300	 0000000150753,00	 0000000000000,00	 0000000000000,00	 0000000068917,00
1100400	 0000000018242,00	 0000000000000,00	 0000000000002,00	 0000009482151,00
1130000	 0000002493548,00	 0000000000000,00	 0000000000000,00	 0000001705048,00
1130100	 0000000349602,00	 0000000000000,00	 0000000000000,00	 0000000107497,00
1130200	 0000002143946,00	 0000000000000,00	 0000000000000,00	 0000001597551,00
1150000	 0000005924169,00	 0000002637340,00	 0000000000000,00	 0000000419505,00
1150100	 0000002453213,00	 0000001931404,00	 0000000000000,00	 0000000000000,00
1150200	 0000002257395,00	 0000000705936,00	 0000000000000,00	 0000000116749,00
1150300	 0000000000000,00	 0000000000000,00	 0000000000000,00	 0000000244046,00
1150400	 0000001213561,00	 0000000000000,00	 0000000000000,00	 0000000058710,00
1160000	 0000000571392,00	 0000000000000,00	 0000000000000,00	 0000000009734,00
1160100	 0000000000681,00	 0000000000000,00	 0000000000000,00	 0000000000000,00
1160200	 0000000570711,00	 0000000000000,00	 0000000000000,00	 0000000009734,00
1250000	 0000038017010,00	 0000000383021,00	 0000000000000,00	 0000002258331,00
1250100	 0000035385290,00	 0000000365225,00	 0000000000000,00	 0000002001113,00
1250200	 0000002631720,00	 0000000017796,00	 0000000000000,00	 0000000257218,00
1270000	 0000003446192,00	 0000000000000,00	 0000000000000,00	 0000001721013,00
1270100	 0000000164935,00	 0000000000000,00	 0000000000000,00	 0000000017002,00
1270112	 0000000165000,00	 0000000000000,00	 0000000000000,00	 0000000000000,00
1270113	 0000000000000,00	 0000000000000,00	 0000000000000,00	 0000000016703,00
1270116	 0000000000000,00	 0000000000000,00	 0000000000000,00	 0000000000305,00
1270117	 0000000000000,00	 0000000000000,00	 0000000000000,00	 0000000000000,00
1270118	 0000000000000,00	 0000000000000,00	 0000000000000,00	 0000000000000,00
1270190	-0000000000066,00	 0000000000000,00	 0000000000000,00	-0000000000006,00
1270200	-0000000000701,00	 0000000000000,00	 0000000000000,00	 0000001704011,00
1270202	 0000000000000,00	 0000000000000,00	 0000000000000,00	 0000000039298,00
1270203	 0000000000000,00	 0000000000000,00	 0000000000000,00	 0000001477624,00
1270206	 0000000000000,00	 0000000000000,00	 0000000000000,00	 0000000103587,00
1270207	 0000000000000,00	 0000000000000,00	 0000000000000,00	 0000000000000,00
1270208	 0000000000000,00	 0000000000000,00	 0000000000000,00	 0000000000995,00
1270290	-0000000000701,00	 0000000000000,00	 0000000000000,00	-0000000004316,00
1270300	 0000003281958,00	 0000000000000,00	 0000000000000,00	 0000000000000,00
1300000	 0000065275595,00	 0000093747157,00	 0000000703464,00	 0000039879490,00
1302000	 0000044955022,00	 0000038162161,00	 0000000703464,00	 0000036819768,00
1302100	 0000037782212,00	 0000030982014,00	 0000000089379,00	 0000024833530,00
1302101	 0000037708227,00	 0000029737462,00	 0000000089379,00	 0000011982883,00
1302102	 0000000073791,00	 0000000000000,00	 0000000000000,00	 0000008519435,00
1302170	 0000000000002,00	 0000000200734,00	 0000000000000,00	 0000000000000,00
1302180	 0000000000192,00	 0000000919746,00	 0000000000000,00	 0000004331212,00
1302200	 0000000754880,00	 0000000002402,00	 0000000000155,00	 0000010098669,00
1302201	 0000000000000,00	 0000000000000,00	 0000000000000,00	 0000000005880,00
1302202	 0000000584484,00	 0000000000454,00	 0000000000000,00	 0000006497241,00
1302241	 0000000030214,00	 0000000000000,00	 0000000000124,00	 0000000943071,00
1302242	 0000000140182,00	 0000000001948,00	 0000000000031,00	 0000002447601,00
1302281	 0000000000000,00	 0000000000000,00	 0000000000000,00	 0000000009523,00
1302282	 0000000000000,00	 0000000000000,00	 0000000000000,00	 0000000195353,00
1302300	 0000001318809,00	 0000000000000,00	 0000000000000,00	 0000000020833,00
1302500	 0000002065046,00	 0000000219564,00	 0000000000000,00	 0000000834652,00
1302600	 0000000006479,00	 0000002812393,00	 0000000000000,00	 0000000000000,00
1302601	 0000000001064,00	 0000002640666,00	 0000000000000,00	 0000000000000,00
1302602	 0000000000003,00	 0000000031698,00	 0000000000000,00	 0000000000000,00
1302604	 0000000005412,00	 0000000140029,00	 0000000000000,00	 0000000000000,00
1302800	 0000002618742,00	 0000004123328,00	 0000000612947,00	 0000001007227,00
1302900	 0000000408854,00	 0000000022460,00	 0000000000983,00	 0000000024857,00
1304000	 0000000128047,00	 0000055313088,00	 0000000000000,00	 0000002512474,00
1304100	 0000000000013,00	 0000000683454,00	 0000000000000,00	 0000000000000,00
1304101	 0000000000013,00	 0000000681388,00	 0000000000000,00	 0000000000000,00
1304102	 0000000000000,00	 0000000002066,00	 0000000000000,00	 0000000000000,00
1304200	 0000000000992,00	 0000002047315,00	 0000000000000,00	 0000001892356,00
1304400	 0000000000000,00	 0000000088548,00	 0000000000000,00	 0000000000000,00
1304500	 0000000049040,00	 0000052160018,00	 0000000000000,00	 0000000307065,00
1304600	 0000000000000,00	 0000000000003,00	 0000000000000,00	 0000000000000,00
1304800	 0000000000000,00	 0000000054135,00	 0000000000000,00	 0000000313053,00
1304900	 0000000078002,00	 0000000279615,00	 0000000000000,00	 0000000000000,00
1305000	 0000025172218,00	 0000000272022,00	 0000000000000,00	 0000000917381,00
1305100	 0000015454831,00	 0000000270530,00	 0000000000000,00	 0000000646030,00
1305300	 0000000977263,00	 0000000000000,00	 0000000000000,00	 0000000001982,00
1305400	 0000008733257,00	 0000000000000,00	 0000000000000,00	 0000000188887,00
1305800	 0000000003916,00	 0000000001492,00	 0000000000000,00	 0000000001976,00
1305900	 0000000002951,00	 0000000000000,00	 0000000000000,00	 0000000078506,00
1309000	-0000004979692,00	-0000000000114,00	 0000000000000,00	-0000000370133,00
1309100	-0000002710302,00	-0000000000048,00	 0000000000000,00	-0000000272324,00
1309200	-0000000379450,00	-0000000000066,00	 0000000000000,00	-0000000038048,00
1309300	-0000001889940,00	 0000000000000,00	 0000000000000,00	-0000000059761,00
1350000	 0000022686683,00	 0000004812572,00	 0000000000000,00	 0000007109117,00
1350100	 0000017580501,00	 0000003371263,00	 0000000000000,00	 0000000236361,00
1350200	 0000005096895,00	 0000001441309,00	 0000000000000,00	 0000000152049,00
1350300	 0000000009287,00	 0000000000000,00	 0000000000000,00	 0000006720707,00
1360000	 0000000034894,00	 0000000017895,00	 0000000000000,00	 0000000157358,00
1360100	 0000000000000,00	 0000000017895,00	 0000000000000,00	 0000000000000,00
1360200	 0000000034894,00	 0000000000000,00	 0000000000000,00	 0000000046093,00
1360300	 0000000000000,00	 0000000000000,00	 0000000000000,00	 0000000111265,00
1400000	 0000000148905,00	 0000000000000,00	 0000000000000,00	 0000000003629,00
1400100	 0000000118327,00	 0000000000000,00	 0000000000000,00	 0000000000000,00
1400101	 0000000000000,00	 0000000000000,00	 0000000000000,00	 0000000000000,00
1400103	 0000000118327,00	 0000000000000,00	 0000000000000,00	 0000000000000,00
1400200	 0000000030578,00	 0000000000000,00	 0000000000000,00	 0000000003629,00
1500000	 0000002171040,00	 0000000000000,00	 0000000053601,00	 0000000317529,00
1500100	 0000001216075,00	 0000000000000,00	 0000000013430,00	 0000000117800,00
1500200	 0000000954965,00	 0000000000000,00	 0000000040171,00	 0000000199729,00
1600000	 0000001200480,00	 0000000000000,00	 0000000000000,00	 0000000080381,00
1600100	 0000000715888,00	 0000000000000,00	 0000000000000,00	 0000000051694,00
1600200	 0000000484592,00	 0000000000000,00	 0000000000000,00	 0000000028687,00
1650000	 0000000750881,00	 0000000344794,00	 0000000000000,00	 0000000129983,00
1650100	 0000000750881,00	 0000000344794,00	 0000000000000,00	 0000000129983,00
1650200	 0000000000000,00	 0000000000000,00	 0000000000000,00	 0000000000000,00
1700000	 0000000268658,00	 0000000000000,00	 0000000000000,00	 0000000059548,00
1750000	 0000002637247,00	 0000000000000,00	 0000000000000,00	 0000000037443,00
1800000	 0000003110915,00	 0000000265814,00	 0000000066521,00	 0000005694641,00
1800100	 0000000242976,00	 0000000101289,00	 0000000023666,00	 0000000026083,00
1800200	 0000000116920,00	 0000000000000,00	 0000000000000,00	 0000000001216,00
1800900	 0000002751019,00	 0000000164525,00	 0000000042855,00	 0000005667342,00
2000000	 0000179072072,00	 0000052085764,00	 0000000162801,00	 0000082065879,00
2100000	 0000046745256,00	 0000001621459,00	 0000000000054,00	 0000019347205,00
2100100	 0000034866225,00	 0000000000000,00	 0000000000000,00	 0000016406161,00
2100109	 0000023167083,00	 0000000000000,00	 0000000000000,00	 0000014952173,00
2100110	 0000011653947,00	 0000000000000,00	 0000000000000,00	 0000001446015,00
2100200	 0000006406230,00	 0000000000000,00	 0000000000000,00	 0000001726677,00
2100300	 0000005472801,00	 0000001621459,00	 0000000000054,00	 0000001214367,00
2130000	 0000004396439,00	 0000000001422,00	 0000000000000,00	 0000001835955,00
2160000	 0000003685044,00	 0000000002535,00	 0000000000000,00	 0000001009761,00
2160100	 0000000785034,00	 0000000000000,00	 0000000000000,00	 0000000000000,00
2160200	 0000002900010,00	 0000000002535,00	 0000000000000,00	 0000001009761,00
2200000	 0000067632796,00	 0000006995960,00	 0000000000001,00	 0000021634291,00
2200100	 0000064131832,00	 0000003351569,00	 0000000000001,00	 0000021450853,00
2200200	 0000002214402,00	 0000003502518,00	 0000000000000,00	 0000000019388,00
2200900	 0000001286562,00	 0000000141873,00	 0000000000000,00	 0000000164050,00
2250000	 0000036108991,00	 0000000849199,00	 0000000000000,00	 0000002296441,00
2250100	 0000034876190,00	 0000000381506,00	 0000000000000,00	 0000002139890,00
2250200	 0000001232801,00	 0000000467693,00	 0000000000000,00	 0000000156551,00
2300000	 0000010656056,00	 0000000000000,00	 0000000000043,00	 0000017813797,00
2301000	 0000000815797,00	 0000000000000,00	 0000000000000,00	 0000001512824,00
2301001	 0000000258521,00	 0000000000000,00	 0000000000000,00	 0000001496117,00
2302000	 0000000000000,00	 0000000000000,00	 0000000000043,00	 0000016300973,00
2302100	 0000000000000,00	 0000000000000,00	 0000000000043,00	 0000005665398,00
2302200	 0000000000000,00	 0000000000000,00	 0000000000000,00	 0000010635575,00
2303000	 0000009840259,00	 0000000000000,00	 0000000000000,00	 0000000000000,00
2303100	 0000009840259,00	 0000000000000,00	 0000000000000,00	 0000000000000,00
2303900	 0000000000000,00	 0000000000000,00	 0000000000000,00	 0000000000000,00
2400000	 0000003177236,00	 0000040818574,00	 0000000000000,00	 0000013000227,00
2401000	 0000000000000,00	 0000000867477,00	 0000000000000,00	 0000000000000,00
2402000	 0000003177236,00	 0000039951097,00	 0000000000000,00	 0000013000227,00
2402100	 0000003175774,00	 0000033434663,00	 0000000000000,00	 0000012639338,00
2402200	 0000000001462,00	 0000006429659,00	 0000000000000,00	 0000000360889,00
2402300	 0000000000000,00	 0000000086775,00	 0000000000000,00	 0000000000000,00
2500000	 0000000699574,00	 0000000157874,00	 0000000142570,00	 0000002179893,00
2500100	 0000000021807,00	 0000000024926,00	 0000000142570,00	 0000000004177,00
2500200	 0000000675437,00	 0000000132948,00	 0000000000000,00	 0000000117917,00
2500300	 0000000002330,00	 0000000000000,00	 0000000000000,00	 0000002057799,00
2550000	 0000000284859,00	 0000000668540,00	 0000000000279,00	 0000000111652,00
2600000	 0000000132375,00	 0000000000000,00	 0000000000000,00	 0000000002348,00
2650000	 0000000153029,00	 0000000000000,00	 0000000000000,00	 0000000033674,00
2700000	 0000002133900,00	 0000000000000,00	 0000000000000,00	 0000000134935,00
2700100	 0000000407694,00	 0000000000000,00	 0000000000000,00	 0000000096764,00
2700200	 0000000475404,00	 0000000000000,00	 0000000000000,00	 0000000000000,00
2700300	 0000000292927,00	 0000000000000,00	 0000000000000,00	 0000000019490,00
2700400	 0000000957875,00	 0000000000000,00	 0000000000000,00	 0000000018681,00
2700401	 0000000017288,00	 0000000000000,00	 0000000000000,00	 0000000008330,00
2700402	 0000000000000,00	 0000000000000,00	 0000000000000,00	 0000000000000,00
2700411	 0000000422253,00	 0000000000000,00	 0000000000000,00	 0000000008555,00
2700412	 0000000323748,00	 0000000000000,00	 0000000000000,00	 0000000000460,00
2700413	 0000000099738,00	 0000000000000,00	 0000000000000,00	 0000000000000,00
2700421	 0000000000648,00	 0000000000000,00	 0000000000000,00	 0000000000000,00
2700422	 0000000007877,00	 0000000000000,00	 0000000000000,00	 0000000000000,00
2700423	 0000000000065,00	 0000000000000,00	 0000000000000,00	 0000000000000,00
2700490	 0000000086258,00	 0000000000000,00	 0000000000000,00	 0000000001336,00
2800000	 0000003266517,00	 0000000970201,00	 0000000019854,00	 0000002665700,00
3000000	 0000021531121,00	 0000001361780,00	 0000000044174,00	-0000000118209,00
3101000	 0000012607841,00	 0000000000000,00	 0000000000000,00	 0000000000000,00
3102000	 0000006405526,00	 0000000000000,00	 0000000000000,00	 0000000000000,00
3103000	 0000000178213,00	 0000000002872,00	 0000000000000,00	 0000000004684,00
3104000	 0000001897905,00	 0000001358908,00	 0000000044174,00	-0000000125097,00
3104100	 0000002838103,00	 0000000000000,00	 0000000000000,00	 0000000000147,00
3104200	-0000000464861,00	 0000001358908,00	 0000000044174,00	-0000000125244,00
3104300	-0000000475337,00	 0000000000000,00	 0000000000000,00	 0000000000000,00
3200000	 0000000441636,00	 0000000000000,00	 0000000000000,00	 0000000002204,00
5001000	 0000021089485,00	 0000001361780,00	 0000000044174,00	-0000000120413,00
5002000	 0000200603193,00	 0000053447544,00	 0000000206975,00	 0000081947670,00
5100000	 0000070255287,00	 0000093747271,00	 0000000703464,00	 0000040249623,00
