012	BANCO DEL ESTADO DE CHILE
1000000	 0000024437073,00	 0000015550192,00	 0000000098893,00	 0000007118613,00
1100000	 0000002698863,00	 0000000000000,00	 0000000000002,00	 0000002412235,00
1100100	 0000000516834,00	 0000000000000,00	 0000000000000,00	 0000000023996,00
1100200	 0000002177973,00	 0000000000000,00	 0000000000000,00	 0000000410323,00
1100300	 0000000004056,00	 0000000000000,00	 0000000000000,00	 0000000000000,00
1100400	 0000000000000,00	 0000000000000,00	 0000000000002,00	 0000001977916,00
1130000	 0000000452020,00	 0000000000000,00	 0000000000000,00	 0000000109405,00
1130100	 0000000022203,00	 0000000000000,00	 0000000000000,00	 0000000003078,00
1130200	 0000000429817,00	 0000000000000,00	 0000000000000,00	 0000000106327,00
1150000	 0000001162404,00	 0000000263187,00	 0000000000000,00	 0000000000087,00
1150100	 0000000040002,00	 0000000082196,00	 0000000000000,00	 0000000000000,00
1150200	 0000001117405,00	 0000000180991,00	 0000000000000,00	 0000000000000,00
1150300	 0000000000000,00	 0000000000000,00	 0000000000000,00	 0000000000000,00
1150400	 0000000004997,00	 0000000000000,00	 0000000000000,00	 0000000000087,00
1160000	 0000000198366,00	 0000000000000,00	 0000000000000,00	 0000000000000,00
1160100	 0000000000681,00	 0000000000000,00	 0000000000000,00	 0000000000000,00
1160200	 0000000197685,00	 0000000000000,00	 0000000000000,00	 0000000000000,00
1250000	 0000002327903,00	 0000000000000,00	 0000000000000,00	 0000000008043,00
1250100	 0000001764226,00	 0000000000000,00	 0000000000000,00	 0000000007825,00
1250200	 0000000563677,00	 0000000000000,00	 0000000000000,00	 0000000000218,00
1270000	-0000000000083,00	 0000000000000,00	 0000000000000,00	 0000000727687,00
1270100	 0000000000000,00	 0000000000000,00	 0000000000000,00	 0000000000000,00
1270112	 0000000000000,00	 0000000000000,00	 0000000000000,00	 0000000000000,00
1270113	 0000000000000,00	 0000000000000,00	 0000000000000,00	 0000000000000,00
1270116	 0000000000000,00	 0000000000000,00	 0000000000000,00	 0000000000000,00
1270117	 0000000000000,00	 0000000000000,00	 0000000000000,00	 0000000000000,00
1270118	 0000000000000,00	 0000000000000,00	 0000000000000,00	 0000000000000,00
1270190	 0000000000000,00	 0000000000000,00	 0000000000000,00	 0000000000000,00
1270200	-0000000000083,00	 0000000000000,00	 0000000000000,00	 0000000727687,00
1270202	 0000000000000,00	 0000000000000,00	 0000000000000,00	 0000000000000,00
1270203	 0000000000000,00	 0000000000000,00	 0000000000000,00	 0000000690116,00
1270206	 0000000000000,00	 0000000000000,00	 0000000000000,00	 0000000013033,00
1270207	 0000000000000,00	 0000000000000,00	 0000000000000,00	 0000000000000,00
1270208	 0000000000000,00	 0000000000000,00	 0000000000000,00	 0000000000995,00
1270290	-0000000000083,00	 0000000000000,00	 0000000000000,00	-0000000003318,00
1270300	 0000000000000,00	 0000000000000,00	 0000000000000,00	 0000000000000,00
1300000	 0000008264926,00	 0000014752254,00	 0000000082389,00	 0000002756969,00
1302000	 0000007041137,00	 0000004407276,00	 0000000082389,00	 0000002764562,00
1302100	 0000006359364,00	 0000002970063,00	 0000000000000,00	 0000001393124,00
1302101	 0000006359364,00	 0000002777076,00	 0000000000000,00	 0000001126530,00
1302102	 0000000000000,00	 0000000000000,00	 0000000000000,00	 0000000266594,00
1302170	 0000000000000,00	 0000000163126,00	 0000000000000,00	 0000000000000,00
1302180	 0000000000000,00	 0000000000079,00	 0000000000000,00	 0000000000000,00
1302200	 0000000148197,00	 0000000000006,00	 0000000000000,00	 0000001121424,00
1302201	 0000000000000,00	 0000000000000,00	 0000000000000,00	 0000000000000,00
1302202	 0000000136886,00	 0000000000006,00	 0000000000000,00	 0000000860987,00
1302241	 0000000000000,00	 0000000000000,00	 0000000000000,00	 0000000013597,00
1302242	 0000000011311,00	 0000000000000,00	 0000000000000,00	 0000000244329,00
1302281	 0000000000000,00	 0000000000000,00	 0000000000000,00	 0000000000000,00
1302282	 0000000000000,00	 0000000000000,00	 0000000000000,00	 0000000002511,00
1302300	 0000000163994,00	 0000000000000,00	 0000000000000,00	 0000000000000,00
1302500	 0000000074834,00	 0000000125945,00	 0000000000000,00	 0000000249933,00
1302600	 0000000000005,00	 0000000844715,00	 0000000000000,00	 0000000000000,00
1302601	 0000000000000,00	 0000000798060,00	 0000000000000,00	 0000000000000,00
1302602	 0000000000000,00	 0000000010037,00	 0000000000000,00	 0000000000000,00
1302604	 0000000000005,00	 0000000036618,00	 0000000000000,00	 0000000000000,00
1302800	 0000000291114,00	 0000000463360,00	 0000000082389,00	 0000000000000,00
1302900	 0000000003629,00	 0000000003187,00	 0000000000000,00	 0000000000081,00
1304000	 0000000002394,00	 0000010344978,00	 0000000000000,00	 0000000000000,00
1304100	 0000000000000,00	 0000000404860,00	 0000000000000,00	 0000000000000,00
1304101	 0000000000000,00	 0000000404860,00	 0000000000000,00	 0000000000000,00
1304102	 0000000000000,00	 0000000000000,00	 0000000000000,00	 0000000000000,00
1304200	 0000000000000,00	 0000000565227,00	 0000000000000,00	 0000000000000,00
1304400	 0000000000000,00	 0000000000000,00	 0000000000000,00	 0000000000000,00
1304500	 0000000002157,00	 0000009267349,00	 0000000000000,00	 0000000000000,00
1304600	 0000000000000,00	 0000000000000,00	 0000000000000,00	 0000000000000,00
1304800	 0000000000000,00	 0000000000000,00	 0000000000000,00	 0000000000000,00
1304900	 0000000000237,00	 0000000107542,00	 0000000000000,00	 0000000000000,00
1305000	 0000002144778,00	 0000000000000,00	 0000000000000,00	 0000000004647,00
1305100	 0000001747253,00	 0000000000000,00	 0000000000000,00	 0000000000000,00
1305300	 0000000078090,00	 0000000000000,00	 0000000000000,00	 0000000000000,00
1305400	 0000000319435,00	 0000000000000,00	 0000000000000,00	 0000000004647,00
1305800	 0000000000000,00	 0000000000000,00	 0000000000000,00	 0000000000000,00
1305900	 0000000000000,00	 0000000000000,00	 0000000000000,00	 0000000000000,00
1309000	-0000000923383,00	 0000000000000,00	 0000000000000,00	-0000000012240,00
1309100	-0000000535733,00	 0000000000000,00	 0000000000000,00	-0000000012240,00
1309200	-0000000177535,00	 0000000000000,00	 0000000000000,00	 0000000000000,00
1309300	-0000000210115,00	 0000000000000,00	 0000000000000,00	 0000000000000,00
1350000	 0000007372535,00	 0000000481974,00	 0000000000000,00	 0000000708621,00
1350100	 0000004514810,00	 0000000329809,00	 0000000000000,00	 0000000000000,00
1350200	 0000002857725,00	 0000000152165,00	 0000000000000,00	 0000000007830,00
1350300	 0000000000000,00	 0000000000000,00	 0000000000000,00	 0000000700791,00
1360000	 0000000000000,00	 0000000017895,00	 0000000000000,00	 0000000000000,00
1360100	 0000000000000,00	 0000000017895,00	 0000000000000,00	 0000000000000,00
1360200	 0000000000000,00	 0000000000000,00	 0000000000000,00	 0000000000000,00
1360300	 0000000000000,00	 0000000000000,00	 0000000000000,00	 0000000000000,00
1400000	 0000000019401,00	 0000000000000,00	 0000000000000,00	 0000000000000,00
1400100	 0000000017564,00	 0000000000000,00	 0000000000000,00	 0000000000000,00
1400101	 0000000000000,00	 0000000000000,00	 0000000000000,00	 0000000000000,00
1400103	 0000000017564,00	 0000000000000,00	 0000000000000,00	 0000000000000,00
1400200	 0000000001837,00	 0000000000000,00	 0000000000000,00	 0000000000000,00
1500000	 0000000117454,00	 0000000000000,00	 0000000000000,00	 0000000000049,00
1500100	 0000000000000,00	 0000000000000,00	 0000000000000,00	 0000000000000,00
1500200	 0000000117454,00	 0000000000000,00	 0000000000000,00	 0000000000049,00
1600000	 0000000350280,00	 0000000000000,00	 0000000000000,00	 0000000000191,00
1600100	 0000000187075,00	 0000000000000,00	 0000000000000,00	 0000000000000,00
1600200	 0000000163205,00	 0000000000000,00	 0000000000000,00	 0000000000191,00
1650000	 0000000092698,00	 0000000000000,00	 0000000000000,00	 0000000007663,00
1650100	 0000000092698,00	 0000000000000,00	 0000000000000,00	 0000000007663,00
1650200	 0000000000000,00	 0000000000000,00	 0000000000000,00	 0000000000000,00
1700000	 0000000003590,00	 0000000000000,00	 0000000000000,00	 0000000000203,00
1750000	 0000001022194,00	 0000000000000,00	 0000000000000,00	 0000000000000,00
1800000	 0000000354522,00	 0000000034882,00	 0000000016502,00	 0000000387460,00
1800100	 0000000022991,00	 0000000033241,00	 0000000014454,00	 0000000000000,00
1800200	 0000000003344,00	 0000000000000,00	 0000000000000,00	 0000000000000,00
1800900	 0000000328187,00	 0000000001641,00	 0000000002048,00	 0000000387460,00
2000000	 0000024966367,00	 0000008489168,00	 0000000000023,00	 0000011721179,00
2100000	 0000009336741,00	 0000000000020,00	 0000000000000,00	 0000000419384,00
2100100	 0000005253956,00	 0000000000000,00	 0000000000000,00	 0000000364285,00
2100109	 0000004000699,00	 0000000000000,00	 0000000000000,00	 0000000359685,00
2100110	 0000001236968,00	 0000000000000,00	 0000000000000,00	 0000000003381,00
2100200	 0000003084725,00	 0000000000000,00	 0000000000000,00	 0000000000000,00
2100300	 0000000998060,00	 0000000000020,00	 0000000000000,00	 0000000055099,00
2130000	 0000001213733,00	 0000000000000,00	 0000000000000,00	 0000000353186,00
2160000	 0000000904078,00	 0000000000000,00	 0000000000000,00	 0000000045428,00
2160100	 0000000000000,00	 0000000000000,00	 0000000000000,00	 0000000000000,00
2160200	 0000000904078,00	 0000000000000,00	 0000000000000,00	 0000000045428,00
2200000	 0000009256820,00	 0000003129709,00	 0000000000000,00	 0000004797143,00
2200100	 0000007057417,00	 0000000211503,00	 0000000000000,00	 0000004796818,00
2200200	 0000002197130,00	 0000002910992,00	 0000000000000,00	 0000000000000,00
2200900	 0000000002273,00	 0000000007214,00	 0000000000000,00	 0000000000325,00
2250000	 0000001772270,00	 0000000000000,00	 0000000000000,00	 0000000012287,00
2250100	 0000001652331,00	 0000000000000,00	 0000000000000,00	 0000000011569,00
2250200	 0000000119939,00	 0000000000000,00	 0000000000000,00	 0000000000718,00
2300000	 0000000931694,00	 0000000000000,00	 0000000000000,00	 0000001659210,00
2301000	 0000000000000,00	 0000000000000,00	 0000000000000,00	 0000000000000,00
2301001	 0000000000000,00	 0000000000000,00	 0000000000000,00	 0000000000000,00
2302000	 0000000000000,00	 0000000000000,00	 0000000000000,00	 0000001659210,00
2302100	 0000000000000,00	 0000000000000,00	 0000000000000,00	 0000000054106,00
2302200	 0000000000000,00	 0000000000000,00	 0000000000000,00	 0000001605104,00
2303000	 0000000931694,00	 0000000000000,00	 0000000000000,00	 0000000000000,00
2303100	 0000000931694,00	 0000000000000,00	 0000000000000,00	 0000000000000,00
2303900	 0000000000000,00	 0000000000000,00	 0000000000000,00	 0000000000000,00
2400000	 0000000147299,00	 0000005339021,00	 0000000000000,00	 0000004118556,00
2401000	 0000000000000,00	 0000000547809,00	 0000000000000,00	 0000000000000,00
2402000	 0000000147299,00	 0000004791212,00	 0000000000000,00	 0000004118556,00
2402100	 0000000147299,00	 0000003797027,00	 0000000000000,00	 0000004118556,00
2402200	 0000000000000,00	 0000000994185,00	 0000000000000,00	 0000000000000,00
2402300	 0000000000000,00	 0000000000000,00	 0000000000000,00	 0000000000000,00
2500000	 0000000012710,00	 0000000000000,00	 0000000000000,00	 0000000012097,00
2500100	 0000000000000,00	 0000000000000,00	 0000000000000,00	 0000000000000,00
2500200	 0000000012710,00	 0000000000000,00	 0000000000000,00	 0000000012097,00
2500300	 0000000000000,00	 0000000000000,00	 0000000000000,00	 0000000000000,00
2550000	 0000000079931,00	 0000000000000,00	 0000000000000,00	 0000000007192,00
2600000	 0000000072415,00	 0000000000000,00	 0000000000000,00	 0000000000000,00
2650000	 0000000000000,00	 0000000000000,00	 0000000000000,00	 0000000000000,00
2700000	 0000000904643,00	 0000000000000,00	 0000000000000,00	 0000000000498,00
2700100	 0000000135967,00	 0000000000000,00	 0000000000000,00	 0000000000498,00
2700200	 0000000230201,00	 0000000000000,00	 0000000000000,00	 0000000000000,00
2700300	 0000000043780,00	 0000000000000,00	 0000000000000,00	 0000000000000,00
2700400	 0000000494695,00	 0000000000000,00	 0000000000000,00	 0000000000000,00
2700401	 0000000001401,00	 0000000000000,00	 0000000000000,00	 0000000000000,00
2700402	 0000000000000,00	 0000000000000,00	 0000000000000,00	 0000000000000,00
2700411	 0000000124029,00	 0000000000000,00	 0000000000000,00	 0000000000000,00
2700412	 0000000311476,00	 0000000000000,00	 0000000000000,00	 0000000000000,00
2700413	 0000000046900,00	 0000000000000,00	 0000000000000,00	 0000000000000,00
2700421	 0000000000000,00	 0000000000000,00	 0000000000000,00	 0000000000000,00
2700422	 0000000000000,00	 0000000000000,00	 0000000000000,00	 0000000000000,00
2700423	 0000000000000,00	 0000000000000,00	 0000000000000,00	 0000000000000,00
2700490	 0000000010889,00	 0000000000000,00	 0000000000000,00	 0000000000000,00
2800000	 0000000334033,00	 0000000020418,00	 0000000000023,00	 0000000296198,00
3000000	 0000001814718,00	 0000000230783,00	 0000000011918,00	-0000000029385,00
3101000	 0000000970337,00	 0000000000000,00	 0000000000000,00	 0000000000000,00
3102000	 0000001071473,00	 0000000000000,00	 0000000000000,00	 0000000000000,00
3103000	-0000000020634,00	 0000000000000,00	 0000000000000,00	 0000000000000,00
3104000	-0000000213316,00	 0000000230783,00	 0000000011918,00	-0000000029385,00
3104100	 0000000167019,00	 0000000000000,00	 0000000000000,00	 0000000000000,00
3104200	-0000000150134,00	 0000000230783,00	 0000000011918,00	-0000000029385,00
3104300	-0000000230201,00	 0000000000000,00	 0000000000000,00	 0000000000000,00
3200000	 0000000006858,00	 0000000000000,00	 0000000000000,00	 0000000000000,00
5001000	 0000001807860,00	 0000000230783,00	 0000000011918,00	-0000000029385,00
5002000	 0000026781085,00	 0000008719951,00	 0000000011941,00	 0000011691794,00
5100000	 0000009188309,00	 0000014752254,00	 0000000082389,00	 0000002769209,00
