001	BANCO DE CHILE                                                          
1000000	 0000008518773,00	 0000006546232,00	 0000000087920,00	 0000002529098,00
1100000	 0000000409469,00	 0000000000000,00	 0000000000000,00	 0000000466922,00
1100100	 0000000260473,00	 0000000000000,00	 0000000000000,00	 0000000017777,00
1100200	 0000000065948,00	 0000000000000,00	 0000000000000,00	 0000000063669,00
1100300	 0000000083048,00	 0000000000000,00	 0000000000000,00	 0000000001330,00
1100400	 0000000000000,00	 0000000000000,00	 0000000000000,00	 0000000384146,00
1130000	 0000000285296,00	 0000000000000,00	 0000000000000,00	 0000000164749,00
1130100	 0000000163671,00	 0000000000000,00	 0000000000000,00	 0000000025594,00
1130200	 0000000121625,00	 0000000000000,00	 0000000000000,00	 0000000139155,00
1150000	 0000000134011,00	 0000000230662,00	 0000000000000,00	 0000000005804,00
1150100	 0000000051282,00	 0000000107137,00	 0000000000000,00	 0000000000000,00
1150200	 0000000031533,00	 0000000123525,00	 0000000000000,00	 0000000000000,00
1150300	 0000000000000,00	 0000000000000,00	 0000000000000,00	 0000000005664,00
1150400	 0000000051196,00	 0000000000000,00	 0000000000000,00	 0000000000140,00
1160000	 0000000073961,00	 0000000000000,00	 0000000000000,00	 0000000000000,00
1160100	 0000000000000,00	 0000000000000,00	 0000000000000,00	 0000000000000,00
1160200	 0000000073961,00	 0000000000000,00	 0000000000000,00	 0000000000000,00
1250000	 0000000471447,00	 0000000000000,00	 0000000000000,00	 0000000045876,00
1250100	 0000000471447,00	 0000000000000,00	 0000000000000,00	 0000000045876,00
1250200	 0000000000000,00	 0000000000000,00	 0000000000000,00	 0000000000000,00
1270000	 0000000271981,00	 0000000000000,00	 0000000000000,00	 0000000234772,00
1270100	 0000000272961,00	 0000000000000,00	 0000000000000,00	 0000000014638,00
1270101	 0000000250000,00	 0000000000000,00	 0000000000000,00	 0000000000000,00
1270111	 0000000022500,00	 0000000000000,00	 0000000000000,00	 0000000014638,00
1270190	 0000000000000,00	 0000000000000,00	 0000000000000,00	 0000000000000,00
1270200	-0000000000980,00	 0000000000000,00	 0000000000000,00	 0000000220134,00
1270201	 0000000000000,00	 0000000000000,00	 0000000000000,00	 0000000175484,00
1270290	-0000000000980,00	 0000000000000,00	 0000000000000,00	 0000000000000,00
1300000	 0000005748301,00	 0000005817407,00	 0000000078160,00	 0000001464719,00
1302000	 0000004173921,00	 0000003134952,00	 0000000078160,00	 0000001454460,00
1302100	 0000003607642,00	 0000002565256,00	 0000000007217,00	 0000000475971,00
1302101	 0000003607642,00	 0000002405904,00	 0000000007217,00	 0000000404232,00
1302102	 0000000000000,00	 0000000000000,00	 0000000000000,00	 0000000071735,00
1302170	 0000000000000,00	 0000000111285,00	 0000000000000,00	 0000000000000,00
1302180	 0000000000000,00	 0000000048067,00	 0000000000000,00	 0000000000004,00
1302200	 0000000056298,00	 0000000006278,00	 0000000000021,00	 0000000916895,00
1302202	 0000000000000,00	 0000000000000,00	 0000000000000,00	 0000000000000,00
1302300	 0000000104377,00	 0000000000000,00	 0000000000000,00	 0000000002354,00
1302500	 0000000237876,00	 0000000051676,00	 0000000000000,00	 0000000055562,00
1302800	 0000000133860,00	 0000000509240,00	 0000000070922,00	 0000000000000,00
1302900	 0000000033868,00	 0000000002502,00	 0000000000000,00	 0000000003678,00
1304000	 0000000004444,00	 0000002643638,00	 0000000000000,00	 0000000000000,00
1304100	 0000000000000,00	 0000000186937,00	 0000000000000,00	 0000000000000,00
1304101	 0000000000000,00	 0000000175886,00	 0000000000000,00	 0000000000000,00
1304102	 0000000000000,00	 0000000011051,00	 0000000000000,00	 0000000000000,00
1304200	 0000000000000,00	 0000000224087,00	 0000000000000,00	 0000000000000,00
1304300	 0000000003835,00	 0000002232612,00	 0000000000000,00	 0000000000000,00
1304800	 0000000000000,00	 0000000000000,00	 0000000000000,00	 0000000000000,00
1304900	 0000000000609,00	 0000000000002,00	 0000000000000,00	 0000000000000,00
1305000	 0000001914089,00	 0000000038817,00	 0000000000000,00	 0000000010259,00
1305100	 0000001315694,00	 0000000038817,00	 0000000000000,00	 0000000000000,00
1305300	 0000000220540,00	 0000000000000,00	 0000000000000,00	 0000000000005,00
1305400	 0000000377320,00	 0000000000000,00	 0000000000000,00	 0000000010254,00
1305800	 0000000000000,00	 0000000000000,00	 0000000000000,00	 0000000000000,00
1305900	 0000000000535,00	 0000000000000,00	 0000000000000,00	 0000000000000,00
1309000	-0000000344153,00	 0000000000000,00	 0000000000000,00	 0000000000000,00
1309001	-0000000215753,00	 0000000000000,00	 0000000000000,00	 0000000000000,00
1309002	-0000000014353,00	 0000000000000,00	 0000000000000,00	 0000000000000,00
1309003	-0000000114047,00	 0000000000000,00	 0000000000000,00	 0000000000000,00
1350000	 0000000532722,00	 0000000461790,00	 0000000009746,00	 0000000141719,00
1350100	 0000000332519,00	 0000000083827,00	 0000000000000,00	 0000000000000,00
1350200	 0000000200203,00	 0000000377963,00	 0000000009746,00	 0000000000000,00
1350300	 0000000000000,00	 0000000000000,00	 0000000000000,00	 0000000141719,00
1360000	 0000000000000,00	 0000000000000,00	 0000000000000,00	 0000000000000,00
1360100	 0000000000000,00	 0000000000000,00	 0000000000000,00	 0000000000000,00
1360200	 0000000000000,00	 0000000000000,00	 0000000000000,00	 0000000000000,00
1360300	 0000000000000,00	 0000000000000,00	 0000000000000,00	 0000000000000,00
1400000	 0000000012170,00	 0000000000000,00	 0000000000000,00	 0000000000002,00
1400100	 0000000009950,00	 0000000000000,00	 0000000000000,00	 0000000000000,00
1400101	 0000000000000,00	 0000000000000,00	 0000000000000,00	 0000000000000,00
1400103	 0000000009950,00	 0000000000000,00	 0000000000000,00	 0000000000000,00
1400200	 0000000002220,00	 0000000000000,00	 0000000000000,00	 0000000000002,00
1500000	 0000000029466,00	 0000000000000,00	 0000000000000,00	 0000000000000,00
1500100	 0000000002742,00	 0000000000000,00	 0000000000000,00	 0000000000000,00
1500200	 0000000026724,00	 0000000000000,00	 0000000000000,00	 0000000000000,00
1600000	 0000000209429,00	 0000000000000,00	 0000000000000,00	 0000000000000,00
1600100	 0000000142706,00	 0000000000000,00	 0000000000000,00	 0000000000000,00
1600200	 0000000066723,00	 0000000000000,00	 0000000000000,00	 0000000000000,00
1700000	 0000000000000,00	 0000000000000,00	 0000000000000,00	 0000000000000,00
1750000	 0000000085920,00	 0000000000000,00	 0000000000000,00	 0000000000000,00
1800000	 0000000254600,00	 0000000036373,00	 0000000000014,00	 0000000004535,00
1800100	 0000000020127,00	 0000000034397,00	 0000000000014,00	 0000000000523,00
1800200	 0000000004187,00	 0000000000000,00	 0000000000000,00	 0000000000000,00
1800900	 0000000230286,00	 0000000001976,00	 0000000000000,00	 0000000004012,00
2000000	 0000009346439,00	 0000003682061,00	 0000000014778,00	 0000003315417,00
2100000	 0000003940146,00	 0000000016111,00	 0000000000000,00	 0000000536355,00
2100100	 0000003176957,00	 0000000000000,00	 0000000000000,00	 0000000467164,00
2100109	 0000001984404,00	 0000000000000,00	 0000000000000,00	 0000000367781,00
2100110	 0000001183853,00	 0000000000000,00	 0000000000000,00	 0000000099187,00
2100200	 0000000230092,00	 0000000000000,00	 0000000000000,00	 0000000000000,00
2100300	 0000000533097,00	 0000000016111,00	 0000000000000,00	 0000000069191,00
2130000	 0000000062385,00	 0000000000000,00	 0000000000000,00	 0000000199459,00
2160000	 0000000220687,00	 0000000000000,00	 0000000000000,00	 0000000001219,00
2160100	 0000000000000,00	 0000000000000,00	 0000000000000,00	 0000000000000,00
2160200	 0000000220687,00	 0000000000000,00	 0000000000000,00	 0000000001219,00
2200000	 0000004215868,00	 0000002019619,00	 0000000000000,00	 0000001086698,00
2200100	 0000004215177,00	 0000001842954,00	 0000000000000,00	 0000001082571,00
2200200	 0000000000000,00	 0000000176165,00	 0000000000000,00	 0000000000000,00
2200900	 0000000000691,00	 0000000000500,00	 0000000000000,00	 0000000004127,00
2250000	 0000000399438,00	 0000000000000,00	 0000000000000,00	 0000000074389,00
2250100	 0000000393056,00	 0000000000000,00	 0000000000000,00	 0000000065172,00
2250200	 0000000006382,00	 0000000000000,00	 0000000000000,00	 0000000009217,00
2300000	 0000000000001,00	 0000000000078,00	 0000000000100,00	 0000001243449,00
2301000	 0000000000001,00	 0000000000000,00	 0000000000000,00	 0000000008718,00
2301001	 0000000000000,00	 0000000000000,00	 0000000000000,00	 0000000000000,00
2302000	 0000000000000,00	 0000000000000,00	 0000000000100,00	 0000001234731,00
2302100	 0000000000000,00	 0000000000000,00	 0000000000100,00	 0000001234361,00
2302200	 0000000000000,00	 0000000000000,00	 0000000000000,00	 0000000000370,00
2303000	 0000000000000,00	 0000000000078,00	 0000000000000,00	 0000000000000,00
2303100	 0000000000000,00	 0000000000000,00	 0000000000000,00	 0000000000000,00
2303900	 0000000000000,00	 0000000000078,00	 0000000000000,00	 0000000000000,00
2400000	 0000000000000,00	 0000001606871,00	 0000000000000,00	 0000000123423,00
2401000	 0000000000000,00	 0000000231868,00	 0000000000000,00	 0000000000000,00
2402000	 0000000000000,00	 0000001375003,00	 0000000000000,00	 0000000123423,00
2402100	 0000000000000,00	 0000000733638,00	 0000000000000,00	 0000000000000,00
2402200	 0000000000000,00	 0000000641365,00	 0000000000000,00	 0000000123423,00
2500000	 0000000060205,00	 0000000029161,00	 0000000013749,00	 0000000039109,00
2500100	 0000000015342,00	 0000000029161,00	 0000000013749,00	 0000000000000,00
2500200	 0000000044863,00	 0000000000000,00	 0000000000000,00	 0000000039109,00
2500300	 0000000000000,00	 0000000000000,00	 0000000000000,00	 0000000000000,00
2600000	 0000000007197,00	 0000000000000,00	 0000000000000,00	 0000000000000,00
2650000	 0000000011218,00	 0000000000000,00	 0000000000000,00	 0000000000000,00
2700000	 0000000233012,00	 0000000000000,00	 0000000000000,00	 0000000000000,00
2700100	 0000000039179,00	 0000000000000,00	 0000000000000,00	 0000000000000,00
2700200	 0000000109900,00	 0000000000000,00	 0000000000000,00	 0000000000000,00
2700300	 0000000009535,00	 0000000000000,00	 0000000000000,00	 0000000000000,00
2700400	 0000000074398,00	 0000000000000,00	 0000000000000,00	 0000000000000,00
2700401	 0000000001312,00	 0000000000000,00	 0000000000000,00	 0000000000000,00
2700402	 0000000000000,00	 0000000000000,00	 0000000000000,00	 0000000000000,00
2700403	 0000000066238,00	 0000000000000,00	 0000000000000,00	 0000000000000,00
2700490	 0000000006848,00	 0000000000000,00	 0000000000000,00	 0000000000000,00
2800000	 0000000196282,00	 0000000010221,00	 0000000000929,00	 0000000011316,00
3000000	 0000001224049,00	 0000000114791,00	 0000000005209,00	-0000000020721,00
3101000	 0000001158752,00	 0000000000000,00	 0000000000000,00	 0000000000000,00
3102000	 0000000087386,00	 0000000000000,00	 0000000000000,00	 0000000000000,00
3103000	 0000000000833,00	 0000000000000,00	 0000000000000,00	 0000000000000,00
3104000	-0000000022923,00	 0000000114791,00	 0000000005209,00	-0000000020721,00
3104100	 0000000016093,00	 0000000000000,00	 0000000000000,00	 0000000000000,00
3104200	 0000000070884,00	 0000000114791,00	 0000000005209,00	-0000000020721,00
3104300	-0000000109900,00	 0000000000000,00	 0000000000000,00	 0000000000000,00
3200000	 0000000000001,00	 0000000000000,00	 0000000000000,00	 0000000000000,00
5001000	 0000001224048,00	 0000000114791,00	 0000000005209,00	-0000000020721,00
5002000	 0000010570488,00	 0000003796852,00	 0000000019987,00	 0000003294696,00
5100000	 0000006092454,00	 0000005817407,00	 0000000078160,00	 0000001464719,00
