039	BANCO ITAU CHILE
100000000	014738442084118	012781163796494	000009670049847	014508349999254
105000000	000691064543910	000000000000000	000000000000000	002160157709641
105000100	000097019998801	000000000000000	000000000000000	000221709164798
105000101	000050364383801	000000000000000	000000000000000	000205555355242
105000102	000046655615000	000000000000000	000000000000000	000016153809556
105000103	000000000000000	000000000000000	000000000000000	000000000000000
105000200	000586562457058	000000000000000	000000000000000	000001937525027
105000201	000236562457058	000000000000000	000000000000000	000001937525027
105000202	000350000000000	000000000000000	000000000000000	000000000000000
105000209	000000000000000	000000000000000	000000000000000	000000000000000
105000300	000000000000000	000000000000000	000000000000000	001428062105913
105000301	000000000000000	000000000000000	000000000000000	001428062105913
105000302	000000000000000	000000000000000	000000000000000	000000000000000
105000309	000000000000000	000000000000000	000000000000000	000000000000000
105000400	000007217952286	000000000000000	000000000000000	000000000000000
105000500	000000264135765	000000000000000	000000000000000	000508448913903
107000000	000219354323749	000000000000000	000000000000000	000295842464292
107000100	000026221766276	000000000000000	000000000000000	000002534114759
107000101	000000000000000	000000000000000	000000000000000	000000009566812
107000102	000026055405461	000000000000000	000000000000000	000000964863585
107000103	000000166360815	000000000000000	000000000000000	000001559684362
107000200	000033841539500	000000000000000	000000000000000	000056023727000
107000201	000000000000000	000000000000000	000000000000000	000000000000000
107000202	000033841539500	000000000000000	000000000000000	000056023727000
107000300	000002547317681	000000000000000	000000000000000	000000000000000
107000400	000156743700292	000000000000000	000000000000000	000237284622533
107000401	000131975457927	000000000000000	000000000000000	000000000000000
107000409	000000000000000	000000000000000	000000000000000	000173020151121
107000411	000024768242365	000000000000000	000000000000000	000000128693161
107000419	000000000000000	000000000000000	000000000000000	000064135778251
110000000	003738640065533	000000000000000	000000000000000	000837221812010
111000100	003649828152552	000000000000000	000000000000000	000147130943164
111000101	000632786904869	000000000000000	000000000000000	000040034320961
111000102	003016687208786	000000000000000	000000000000000	000107052147534
111000103	000000354038897	000000000000000	000000000000000	000000044474669
111000104	000000000000000	000000000000000	000000000000000	000000000000000
111000105	000000000000000	000000000000000	000000000000000	000000000000000
111000109	000000000000000	000000000000000	000000000000000	000000000000000
112000000	000024627211358	000000000000000	000000000000000	000690063960503
112000100	000024609038649	000000000000000	000000000000000	000000000000000
112000101	000020610980658	000000000000000	000000000000000	000000000000000
112000102	000003998057991	000000000000000	000000000000000	000000000000000
112000109	000000000000000	000000000000000	000000000000000	000000000000000
112000200	000000018172709	000000000000000	000000000000000	000000000000000
112000201	000000000000000	000000000000000	000000000000000	000000000000000
112000202	000000018172709	000000000000000	000000000000000	000000000000000
112000209	000000000000000	000000000000000	000000000000000	000000000000000
112000300	000000000000000	000000000000000	000000000000000	000690063960503
112000301	000000000000000	000000000000000	000000000000000	000000000000000
112000302	000000000000000	000000000000000	000000000000000	000690063960503
112000303	000000000000000	000000000000000	000000000000000	000000000000000
112000304	000000000000000	000000000000000	000000000000000	000000000000000
112000309	000000000000000	000000000000000	000000000000000	000000000000000
113000000	000064184701623	000000000000000	000000000000000	000000026908343
113000100	000064184701623	000000000000000	000000000000000	000000026908343
113000101	000063986479207	000000000000000	000000000000000	000000000000000
113000102	000000198222416	000000000000000	000000000000000	000000026908343
113000200	000000000000000	000000000000000	000000000000000	000000000000000
113000201	000000000000000	000000000000000	000000000000000	000000000000000
113000202	000000000000000	000000000000000	000000000000000	000000000000000
113000300	000000000000000	000000000000000	000000000000000	000000000000000
113000301	000000000000000	000000000000000	000000000000000	000000000000000
113000302	000000000000000	000000000000000	000000000000000	000000000000000
113000303	000000000000000	000000000000000	000000000000000	000000000000000
113000304	000000000000000	000000000000000	000000000000000	000000000000000
113000400	000000000000000	000000000000000	000000000000000	000000000000000
115000000	000000000000000	000000000000000	000000000000000	000008617994378
115250000	000000000000000	000000000000000	000000000000000	000000000000000
115250100	000000000000000	000000000000000	000000000000000	000000000000000
115250101	000000000000000	000000000000000	000000000000000	000000000000000
115250102	000000000000000	000000000000000	000000000000000	000000000000000
115250109	000000000000000	000000000000000	000000000000000	000000000000000
115250200	000000000000000	000000000000000	000000000000000	000000000000000
115250201	000000000000000	000000000000000	000000000000000	000000000000000
115250202	000000000000000	000000000000000	000000000000000	000000000000000
115250209	000000000000000	000000000000000	000000000000000	000000000000000
115250300	000000000000000	000000000000000	000000000000000	000000000000000
115250301	000000000000000	000000000000000	000000000000000	000000000000000
115250302	000000000000000	000000000000000	000000000000000	000000000000000
115250303	000000000000000	000000000000000	000000000000000	000000000000000
115250304	000000000000000	000000000000000	000000000000000	000000000000000
115250309	000000000000000	000000000000000	000000000000000	000000000000000
115500000	000000000000000	000000000000000	000000000000000	000008617994378
115500100	000000000000000	000000000000000	000000000000000	000000000000000
115500101	000000000000000	000000000000000	000000000000000	000000000000000
115500102	000000000000000	000000000000000	000000000000000	000000000000000
115500300	000000000000000	000000000000000	000000000000000	000008617994378
115500301	000000000000000	000000000000000	000000000000000	000000000000000
115500302	000000000000000	000000000000000	000000000000000	000008617994378
115500303	000000000000000	000000000000000	000000000000000	000000000000000
115500304	000000000000000	000000000000000	000000000000000	000000000000000
115500400	000000000000000	000000000000000	000000000000000	000000000000000
118000000	000000000000000	000000000000000	000000000000000	000000000000000
118250000	000000000000000	000000000000000	000000000000000	000000000000000
118250100	000000000000000	000000000000000	000000000000000	000000000000000
118250101	000000000000000	000000000000000	000000000000000	000000000000000
118250102	000000000000000	000000000000000	000000000000000	000000000000000
118250109	000000000000000	000000000000000	000000000000000	000000000000000
118250200	000000000000000	000000000000000	000000000000000	000000000000000
118250201	000000000000000	000000000000000	000000000000000	000000000000000
118250202	000000000000000	000000000000000	000000000000000	000000000000000
118250209	000000000000000	000000000000000	000000000000000	000000000000000
118250300	000000000000000	000000000000000	000000000000000	000000000000000
118250301	000000000000000	000000000000000	000000000000000	000000000000000
118250302	000000000000000	000000000000000	000000000000000	000000000000000
118250303	000000000000000	000000000000000	000000000000000	000000000000000
118250304	000000000000000	000000000000000	000000000000000	000000000000000
118250309	000000000000000	000000000000000	000000000000000	000000000000000
118500000	000000000000000	000000000000000	000000000000000	000000000000000
118500300	000000000000000	000000000000000	000000000000000	000000000000000
118500301	000000000000000	000000000000000	000000000000000	000000000000000
118500302	000000000000000	000000000000000	000000000000000	000000000000000
118500303	000000000000000	000000000000000	000000000000000	000000000000000
118500304	000000000000000	000000000000000	000000000000000	000000000000000
118500400	000000000000000	000000000000000	000000000000000	000000000000000
120000000	001359971969429	000345359957143	000000000000000	001232409709376
122000000	001359971969429	000345359957143	000000000000000	001232409709376
122000100	001359971969429	000345359957143	000000000000000	000160282918049
122000101	000599574558626	000000558571705	000000000000000	000000000000000
122000102	000760397410803	000344801385438	000000000000000	000000000000000
122000109	000000000000000	000000000000000	000000000000000	000160282918049
122000200	000000000000000	000000000000000	000000000000000	000036982973518
122000201	000000000000000	000000000000000	000000000000000	000007855011547
122000202	000000000000000	000000000000000	000000000000000	000000000000000
122000209	000000000000000	000000000000000	000000000000000	000029127961971
122000300	000000000000000	000000000000000	000000000000000	001035143817809
122000301	000000000000000	000000000000000	000000000000000	000000000000000
122000302	000000000000000	000000000000000	000000000000000	000804003506410
122000303	000000000000000	000000000000000	000000000000000	000124171312114
122000304	000000000000000	000000000000000	000000000000000	000000000000000
122000309	000000000000000	000000000000000	000000000000000	000106968999285
123000000	000000000000000	000000000000000	000000000000000	000000000000000
123000300	000000000000000	000000000000000	000000000000000	000000000000000
123000301	000000000000000	000000000000000	000000000000000	000000000000000
123000302	000000000000000	000000000000000	000000000000000	000000000000000
123000303	000000000000000	000000000000000	000000000000000	000000000000000
123000304	000000000000000	000000000000000	000000000000000	000000000000000
123000400	000000000000000	000000000000000	000000000000000	000000000000000
130000000	000040441263972	000000000000000	000000000000000	000037046292607
130000100	000040441263972	000000000000000	000000000000000	000037046292607
130000101	000016286147759	000000000000000	000000000000000	000003557955770
130000102	000024155116213	000000000000000	000000000000000	000033488336837
130000103	000000000000000	000000000000000	000000000000000	000000000000000
130000104	000000000000000	000000000000000	000000000000000	000000000000000
130000105	000000000000000	000000000000000	000000000000000	000000000000000
130000190	000000000000000	000000000000000	000000000000000	000000000000000
140000000	007453136574742	012429242573522	000008164215403	008945412989472
141000000	000329689273207	000000000000000	000000000000000	000093803352395
141000100	000000000000000	000000000000000	000000000000000	000000000000000
141000101	000000000000000	000000000000000	000000000000000	000000000000000
141000102	000000000000000	000000000000000	000000000000000	000000000000000
141000103	000000000000000	000000000000000	000000000000000	000000000000000
141000200	000000000000000	000000000000000	000000000000000	000005907392090
141000201	000000000000000	000000000000000	000000000000000	000000000000000
141000202	000000000000000	000000000000000	000000000000000	000005907392090
141000203	000000000000000	000000000000000	000000000000000	000000000000000
141000300	000329689273207	000000000000000	000000000000000	000000000000000
141000301	000329689273207	000000000000000	000000000000000	000000000000000
141000302	000000000000000	000000000000000	000000000000000	000000000000000
141000400	000000000000000	000000000000000	000000000000000	000087895960305
141000401	000000000000000	000000000000000	000000000000000	000087895960305
141000402	000000000000000	000000000000000	000000000000000	000000000000000
141000900	000000000000000	000000000000000	000000000000000	000000000000000
141000901	000000000000000	000000000000000	000000000000000	000000000000000
141000902	000000000000000	000000000000000	000000000000000	000000000000000
141000903	000000000000000	000000000000000	000000000000000	000000000000000
141500000	000476809738839	000418344110573	000000000000000	000289550426405
141500100	000476834682141	000418344110573	000000000000000	000000000000000
141500101	000000000000000	000000000000000	000000000000000	000000000000000
141500102	000476834682141	000418344110573	000000000000000	000000000000000
141500109	000000000000000	000000000000000	000000000000000	000000000000000
141500200	000000000000000	000000000000000	000000000000000	000000000000000
141500201	000000000000000	000000000000000	000000000000000	000000000000000
141500202	000000000000000	000000000000000	000000000000000	000000000000000
141500209	000000000000000	000000000000000	000000000000000	000000000000000
141500300	000000000000000	000000000000000	000000000000000	000289566837882
141500301	000000000000000	000000000000000	000000000000000	000000000000000
141500302	000000000000000	000000000000000	000000000000000	000110456148315
141500303	000000000000000	000000000000000	000000000000000	000009908110790
141500304	000000000000000	000000000000000	000000000000000	000000000000000
141500309	000000000000000	000000000000000	000000000000000	000169202578777
141500900	-00000024943302	000000000000000	000000000000000	-00000016411477
141500901	-00000024943302	000000000000000	000000000000000	-00000016411477
141500902	000000000000000	000000000000000	000000000000000	000000000000000
141500903	000000000000000	000000000000000	000000000000000	000000000000000
143000000	000099964000000	000000000000000	000000000000000	000004434671707
143100100	000100000000000	000000000000000	000000000000000	000000000000000
143100101	000000000000000	000000000000000	000000000000000	000000000000000
143100102	000100000000000	000000000000000	000000000000000	000000000000000
143100103	000000000000000	000000000000000	000000000000000	000000000000000
143100104	000000000000000	000000000000000	000000000000000	000000000000000
143100105	000000000000000	000000000000000	000000000000000	000000000000000
143100106	000000000000000	000000000000000	000000000000000	000000000000000
143100107	000000000000000	000000000000000	000000000000000	000000000000000
143100190	000000000000000	000000000000000	000000000000000	000000000000000
143150100	-00000036000000	000000000000000	000000000000000	000000000000000
143150101	-00000036000000	000000000000000	000000000000000	000000000000000
143150102	000000000000000	000000000000000	000000000000000	000000000000000
143150103	000000000000000	000000000000000	000000000000000	000000000000000
143200100	000000000000000	000000000000000	000000000000000	000004695173500
143200101	000000000000000	000000000000000	000000000000000	000004695173500
143200102	000000000000000	000000000000000	000000000000000	000000000000000
143200103	000000000000000	000000000000000	000000000000000	000000000000000
143200104	000000000000000	000000000000000	000000000000000	000000000000000
143200105	000000000000000	000000000000000	000000000000000	000000000000000
143200106	000000000000000	000000000000000	000000000000000	000000000000000
143200107	000000000000000	000000000000000	000000000000000	000000000000000
143200108	000000000000000	000000000000000	000000000000000	000000000000000
143200190	000000000000000	000000000000000	000000000000000	000000000000000
143250100	000000000000000	000000000000000	000000000000000	-00000260501793
143250101	000000000000000	000000000000000	000000000000000	-00000260501793
143250102	000000000000000	000000000000000	000000000000000	000000000000000
143250103	000000000000000	000000000000000	000000000000000	000000000000000
143300100	000000000000000	000000000000000	000000000000000	000000000000000
143300101	000000000000000	000000000000000	000000000000000	000000000000000
143300102	000000000000000	000000000000000	000000000000000	000000000000000
143300103	000000000000000	000000000000000	000000000000000	000000000000000
143400100	000000000000000	000000000000000	000000000000000	000000000000000
143400101	000000000000000	000000000000000	000000000000000	000000000000000
143400102	000000000000000	000000000000000	000000000000000	000000000000000
143400103	000000000000000	000000000000000	000000000000000	000000000000000
144000000	006546673562696	012010898462949	000008164215403	008557624538965
145000000	004552866160855	004781234800198	000008164215403	007365350732359
145400100	003832801125365	004088911954125	000000000000000	005221762024449
145400101	003832800910249	003009121043153	000000000000000	001275661397636
145400102	000000000000000	000000000000000	000000000000000	003946100626813
145400103	000000000000000	000000000000000	000000000000000	000000000000000
145400104	000000000000000	000001547039173	000000000000000	000000000000000
145400105	000000000215116	000000299918171	000000000000000	000000000000000
145400106	000000000000000	001077943953628	000000000000000	000000000000000
145400200	000094195032578	000000130566873	000000000000000	001662532185252
145400201	000000000000000	000000000000000	000000000000000	000000000000000
145400202	000060734559704	000000000000000	000000000000000	000959490362934
145400203	000033460472874	000000000000000	000000000000000	000578042431127
145400204	000000000000000	000000130566873	000000000000000	000073327894140
145400205	000000000000000	000000000000000	000000000000000	000000000000000
145400290	000000000000000	000000000000000	000000000000000	000051671497051
145400300	000077985868203	000000000000000	000000000000000	000015526662308
145400400	000030064639885	000000000000000	000000000000000	000009509884134
145400401	000017771477719	000000000000000	000000000000000	000009509884134
145400402	000012293162166	000000000000000	000000000000000	000000000000000
145400500	000174965346817	000000000000000	000000000000000	000065624438931
145400501	000126575682527	000000000000000	000000000000000	000010873468189
145400502	000048389664290	000000000000000	000000000000000	000054750970742
145400600	000342854148007	000272492327497	000008164215403	000390395537285
145400601	000043437149826	000207127373485	000000000000000	000233740531359
145400602	000299416998181	000065364954012	000008164215403	000156655005926
145400700	000000000000000	000419699951703	000000000000000	000000000000000
145400701	000000000000000	000394186484423	000000000000000	000000000000000
145400702	000000000000000	000025513467280	000000000000000	000000000000000
145400703	000000000000000	000000000000000	000000000000000	000000000000000
145400900	000000000000000	000000000000000	000000000000000	000000000000000
145400901	000000000000000	000000000000000	000000000000000	000000000000000
145400902	000000000000000	000000000000000	000000000000000	000000000000000
145400990	000000000000000	000000000000000	000000000000000	000000000000000
146000000	000000645537483	007229423730991	000000000000000	000754945552786
146000100	000000000000000	000005783545891	000000000000000	000000000000000
146000200	000000000000000	000061077693576	000000000000000	000000000000000
146000300	000000000000000	000000000000000	000000000000000	000000000000000
146000400	000000645537483	007142771033097	000000000000000	000438024994858
146000401	000000645537483	007142771033097	000000000000000	000000000000000
146000402	000000000000000	000000000000000	000000000000000	000438024994858
146000500	000000000000000	000000000000000	000000000000000	000316920557928
146000900	000000000000000	000019791458427	000000000000000	000000000000000
146000901	000000000000000	000019791458427	000000000000000	000000000000000
146000902	000000000000000	000000000000000	000000000000000	000000000000000
146000903	000000000000000	000000000000000	000000000000000	000000000000000
146000909	000000000000000	000000000000000	000000000000000	000000000000000
148000000	002457260931701	000000239931760	000000000000000	000803765639746
148000100	001600266102270	000000239931760	000000000000000	000539560195343
148000200	000145594338243	000000000000000	000000000000000	000001053423793
148000300	000710095329763	000000000000000	000000000000000	000210511638510
148000301	000428277111621	000000000000000	000000000000000	000210511638510
148000302	000281818218142	000000000000000	000000000000000	000000000000000
148000400	000001305161425	000000000000000	000000000000000	000000289308079
148000900	000000000000000	000000000000000	000000000000000	000052351074021
148000901	000000000000000	000000000000000	000000000000000	000052351074021
148000902	000000000000000	000000000000000	000000000000000	000000000000000
149000000	-00464099067343	000000000000000	000000000000000	-00366437385926
149500100	-00223956113472	000000000000000	000000000000000	-00272680183642
149500101	-00034393877294	000000000000000	000000000000000	-00070027223790
149500102	-00014414498002	000000000000000	000000000000000	-00020218130996
149500103	-00075015784768	000000000000000	000000000000000	-00167381677457
149500104	-00022636525432	000000000000000	000000000000000	-00005703989926
149500105	-00073928689593	000000000000000	000000000000000	-00009349161473
149500109	-00003566738383	000000000000000	000000000000000	000000000000000
149600100	-00035720873337	000000000000000	000000000000000	-00024383510600
149600101	-00008465463403	000000000000000	000000000000000	-00015982728595
149600102	-00027255409934	000000000000000	000000000000000	-00008400782005
149700100	-00204422080534	000000000000000	000000000000000	-00069373691684
149700101	-00094183182216	000000000000000	000000000000000	-00026585140502
149700102	-00110238898318	000000000000000	000000000000000	-00042788551182
150000000	000022812799895	000000000000000	000000000000000	000017466874118
150000100	000000000000000	000000000000000	000000000000000	000000000000000
150000200	000000000000000	000000000000000	000000000000000	000000000000000
150000201	000000000000000	000000000000000	000000000000000	000000000000000
150000202	000000000000000	000000000000000	000000000000000	000000000000000
150000300	000015123101406	000000000000000	000000000000000	000000000000000
150000400	000000000000000	000000000000000	000000000000000	000000000000000
150000500	000000000000000	000000000000000	000000000000000	000000000000000
150000600	000000000000000	000000000000000	000000000000000	000000000000000
150000700	000007689698489	000000000000000	000000000000000	000000000000000
150000800	000000000000000	000000000000000	000000000000000	000017466874118
160000000	000642277389564	000000000000000	000000000000000	000043454906727
160000100	000492511994761	000000000000000	000000000000000	000000000000000
160000200	000009030927254	000000000000000	000000000000000	000000000000000
160000201	000026370947633	000000000000000	000000000000000	000000000000000
160000202	000000000000000	000000000000000	000000000000000	000000000000000
160000203	000111635885343	000000000000000	000000000000000	000000000000000
160000204	000051037000000	000000000000000	000000000000000	000000000000000
160000205	000000000000000	000000000000000	000000000000000	000000000000000
160000206	000000000000000	000000000000000	000000000000000	000000000000000
160000207	000000000000000	000000000000000	000000000000000	000000000000000
160000208	000000000000000	000000000000000	000000000000000	000000000000000
160000209	000000000000000	000000000000000	000000000000000	000000000000000
160000219	-00180012905722	000000000000000	000000000000000	000000000000000
160000300	000140734467549	000000000000000	000000000000000	000043454906727
160000301	000101007801867	000000000000000	000000000000000	000026494689634
160000302	000223515109794	000000000000000	000000000000000	000092927200234
160000303	000000000000000	000000000000000	000000000000000	000000000000000
160000309	000001519518487	000000000000000	000000000000000	000000000000000
160000319	-00185307962599	000000000000000	000000000000000	-00075966983141
170000000	000015876480016	000000000000000	000000000000000	000015103617894
170000100	000003813144978	000000000000000	000000000000000	000008443239641
170000101	000007101970147	000000000000000	000000000000000	000008697787862
170000102	000000000000000	000000000000000	000000000000000	000003090024337
170000119	-00003288825169	000000000000000	000000000000000	-00003344572558
170000200	000012063335038	000000000000000	000000000000000	000006660378253
170000201	000049610388328	000000000000000	000000000000000	000048306401690
170000209	000022120402596	000000000000000	000000000000000	000008326266886
170000219	-00059667455886	000000000000000	000000000000000	-00049972290323
175000000	000117322647623	000000000000000	000000000000000	000022488395060
175000100	000095817337850	000000000000000	000000000000000	000021641865484
175000101	000153033055030	000000000000000	000000000000000	000052665714345
175000102	000000000000000	000000000000000	000000000000000	000000000000000
175000119	-00057215717180	000000000000000	000000000000000	-00031023848861
175000200	000021505309773	000000000000000	000000000000000	000000846529576
175000201	000052617496074	000000000000000	000000000000000	000013452055083
175000219	-00031112186301	000000000000000	000000000000000	-00012605525507
175000300	000000000000000	000000000000000	000000000000000	000000000000000
175000301	000000000000000	000000000000000	000000000000000	000000000000000
175000309	000000000000000	000000000000000	000000000000000	000000000000000
175000319	000000000000000	000000000000000	000000000000000	000000000000000
175000400	000000000000000	000000000000000	000000000000000	000000000000000
175000401	000000000000000	000000000000000	000000000000000	000000000000000
175000409	000000000000000	000000000000000	000000000000000	000000000000000
175000419	000000000000000	000000000000000	000000000000000	000000000000000
180000000	000000119838606	000000000000000	000000000000000	000084162204516
185000000	000237819142772	000000000000000	000000000000000	000116463433592
190000000	000192309954595	000006561265829	000001505834444	000670266339792
190000100	000024836969306	000000000000000	000000000000000	000003916170063
190000101	000024836969306	000000000000000	000000000000000	000000793544434
190000102	000000000000000	000000000000000	000000000000000	000001053089530
190000103	000000000000000	000000000000000	000000000000000	000002069536099
190000200	000036552475897	000000000000000	000000000000000	000595839970916
190000201	000034057520997	000000000000000	000000000000000	000007147040986
190000202	000000000000000	000000000000000	000000000000000	000052513127016
190000203	000000000000000	000000000000000	000000000000000	000000000000000
190000204	000002494954900	000000000000000	000000000000000	000536179802914
190000300	000057111491661	000000000000000	000000000000000	000000000000000
190000301	000029858620677	000000000000000	000000000000000	000000000000000
190000302	000025960253521	000000000000000	000000000000000	000000000000000
190000303	000001292617463	000000000000000	000000000000000	000000000000000
190000400	000000000000000	000000000000000	000000000000000	000000000000000
190000401	000000000000000	000000000000000	000000000000000	000000000000000
190000402	000000000000000	000000000000000	000000000000000	000000000000000
190000500	000015927402905	000005883816026	000001505834444	000029744043899
190000501	000000000000000	000000000000000	000000000000000	000000000000000
190000502	000000000000000	000000000000000	000000000000000	000000000000000
190000503	000000000000000	000000000000000	000000000000000	000000000000000
190000504	000000311388533	000005851938026	000000000000000	000000000000000
190000505	000002957218036	000000000000000	000000000000000	000007216107270
190000509	000012658796336	000000031878000	000001505834444	000022527936629
190000600	000000000000000	000000000000000	000000000000000	000000000000000
190000700	000000000000000	000000000000000	000000000000000	000002331544974
190000701	000000000000000	000000000000000	000000000000000	000005002692342
190000702	000000000000000	000000000000000	000000000000000	-00002671147368
190000800	000005921864005	000000000000000	000000000000000	000000362631497
190000900	000013880763940	000000000000000	000000000000000	000012540074301
190001000	000000938902830	000000000000000	000000000000000	000000000000000
190001100	000000000000000	000000000000000	000000000000000	000000000000000
190001200	000007112596389	000000000000000	000000000000000	000001587655856
190001300	000000000000000	000000000000000	000000000000000	000000000000000
190001400	000003476758485	000000000000000	000000000000000	000000000000000
190001500	000019771564548	000000000000000	000000000000000	000022074084331
190002900	000006779164629	000000677449803	000000000000000	000001870163955
192500100	000000000000000	000000000000000	000000000000000	000000000000000
192500101	000000000000000	000000000000000	000000000000000	000000000000000
192500102	000000000000000	000000000000000	000000000000000	000000000000000
192500103	000000000000000	000000000000000	000000000000000	000000000000000
195000000	000007295089712	000000000000000	000000000000000	000022235255779
195000100	000004756518637	000000000000000	000000000000000	000015521359792
195000101	000001324241934	000000000000000	000000000000000	000024641431864
195000102	000004042779129	000000000000000	000000000000000	000000000000000
195000103	-00000610502426	000000000000000	000000000000000	-00009120072072
195000200	000002538571075	000000000000000	000000000000000	000006713895987
195000201	000000000000000	000000000000000	000000000000000	000000000000000
195000202	000000000000000	000000000000000	000000000000000	000000000000000
195000203	000000365241674	000000000000000	000000000000000	000000160679489
195000204	000002173329401	000000000000000	000000000000000	000006553216498
195000219	000000000000000	000000000000000	000000000000000	000000000000000
195000300	000000000000000	000000000000000	000000000000000	000000000000000
200000000	016156911243329	008828020096245	000000255789589	013066357528306
207000000	000431189935708	000000000000000	000000000000000	000229105942332
207000100	000008999150000	000000000000000	000000000000000	000000000000000
207000101	000000000000000	000000000000000	000000000000000	000000000000000
207000102	000008999150000	000000000000000	000000000000000	000000000000000
207000200	000168015416096	000000000000000	000000000000000	000000000000000
207000300	000254175369612	000000000000000	000000000000000	000229105942332
207000301	000171330214753	000000000000000	000000000000000	000000000000000
207000309	000057656582604	000000000000000	000000000000000	000159885358132
207000311	000025188572255	000000000000000	000000000000000	000000000000000
207000319	000000000000000	000000000000000	000000000000000	000069220584200
210000000	003500067225069	000000000000000	000000000000000	000122860212688
211000100	003500067225069	000000000000000	000000000000000	000122860212688
211000101	000620590477498	000000000000000	000000000000000	000022106861416
211000102	002878885116042	000000000000000	000000000000000	000100480808755
211000103	000000584025260	000000000000000	000000000000000	000000000484847
211000104	000000007606269	000000000000000	000000000000000	000000272057670
211000105	000000000000000	000000000000000	000000000000000	000000000000000
211000190	000000000000000	000000000000000	000000000000000	000000000000000
213000100	000000000000000	000000000000000	000000000000000	000000000000000
213000101	000000000000000	000000000000000	000000000000000	000000000000000
213000102	000000000000000	000000000000000	000000000000000	000000000000000
213000103	000000000000000	000000000000000	000000000000000	000000000000000
213000109	000000000000000	000000000000000	000000000000000	000000000000000
218000000	000000000000000	000000000000000	000000000000000	000000000000000
218000001	000000000000000	000000000000000	000000000000000	000000000000000
218000002	000000000000000	000000000000000	000000000000000	000000000000000
218000003	000000000000000	000000000000000	000000000000000	000000000000000
218000009	000000000000000	000000000000000	000000000000000	000000000000000
230000000	000111060247638	000000867863669	000000000000000	000015883017100
230000100	000111060247638	000000867863669	000000000000000	000015883017100
230000101	000039602859296	000000000000000	000000000000000	000006549371445
230000102	000071457388342	000000867863669	000000000000000	000009333645655
230000103	000000000000000	000000000000000	000000000000000	000000000000000
230000104	000000000000000	000000000000000	000000000000000	000000000000000
230000105	000000000000000	000000000000000	000000000000000	000000000000000
230000190	000000000000000	000000000000000	000000000000000	000000000000000
240000000	011476621076333	007375044379800	000000001514189	012175810161033
241000000	003130260072887	000049511817551	000000000000000	003270290455061
241000100	002660261114912	000000000000000	000000000000000	001730893475805
241000101	000000012234999	000000000000000	000000000000000	000000000697717
241000102	000000021141425	000000000000000	000000000000000	000126645355900
241000103	001757813761099	000000000000000	000000000000000	001492276308213
241000104	000902413977389	000000000000000	000000000000000	000111971113975
241000200	000066793774950	000000000000000	000000000000000	001286170868857
241000201	000000000000000	000000000000000	000000000000000	000000000000000
241000202	000066793774950	000000000000000	000000000000000	001286170868857
241000300	000144045097486	000000000000000	000000000000000	000008400219502
241000301	000144045097486	000000000000000	000000000000000	000008400219502
241000400	000000000000000	000000000000000	000000000000000	000000000000000
241000401	000000000000000	000000000000000	000000000000000	000000000000000
241000402	000000000000000	000000000000000	000000000000000	000000000000000
241000500	000259160085539	000049511817551	000000000000000	000244825890897
241000501	000000445058726	000000000000000	000000000000000	000000000000000
241000502	000001094499145	000000000000000	000000000000000	000000011741624
241000503	000000000000000	000000000000000	000000000000000	000000000000000
241000504	000003272831569	000000000000000	000000000000000	000000875898022
241000505	000022180222091	000049511817551	000000000000000	000008008358157
241000506	000078666740970	000000000000000	000000000000000	000005749457919
241000507	000001113620601	000000000000000	000000000000000	000136505365546
241000508	000000000198329	000000000000000	000000000000000	000000000000000
241000509	000021829803751	000000000000000	000000000000000	000002942106718
241000510	000015464672761	000000000000000	000000000000000	000001214534121
241000511	000011224464874	000000000000000	000000000000000	000001014975327
241000512	000000000000000	000000000000000	000000000000000	000000000000000
241000513	000000000000000	000000000000000	000000000000000	000000000000000
241000590	000103867972722	000000000000000	000000000000000	000088503453463
242000000	008136615993993	000724068678831	000000001514189	005168035333607
242000100	008136615993993	000724068678831	000000001514189	005153238311580
242000200	000000000000000	000000000000000	000000000000000	000014797022027
242000201	000000000000000	000000000000000	000000000000000	000014797022027
242000202	000000000000000	000000000000000	000000000000000	000000000000000
242000300	000000000000000	000000000000000	000000000000000	000000000000000
242000301	000000000000000	000000000000000	000000000000000	000000000000000
242000302	000000000000000	000000000000000	000000000000000	000000000000000
242000390	000000000000000	000000000000000	000000000000000	000000000000000
243000000	000006300777000	000000000000000	000000000000000	000683245128893
243000100	000000000000000	000000000000000	000000000000000	000000000000000
243000101	000000000000000	000000000000000	000000000000000	000000000000000
243000102	000000000000000	000000000000000	000000000000000	000000000000000
243000103	000000000000000	000000000000000	000000000000000	000000000000000
243000200	000000000000000	000000000000000	000000000000000	000645585710825
243000201	000000000000000	000000000000000	000000000000000	000000000000000
243000202	000000000000000	000000000000000	000000000000000	000645585710825
243000203	000000000000000	000000000000000	000000000000000	000000000000000
243000300	000006300777000	000000000000000	000000000000000	000037659418068
243000301	000006300777000	000000000000000	000000000000000	000037659418068
243000302	000000000000000	000000000000000	000000000000000	000000000000000
243000400	000000000000000	000000000000000	000000000000000	000000000000000
243000401	000000000000000	000000000000000	000000000000000	000000000000000
243000402	000000000000000	000000000000000	000000000000000	000000000000000
244000000	000000000000000	000000000000000	000000000000000	001792982830069
244250000	000000000000000	000000000000000	000000000000000	000000000000000
244250100	000000000000000	000000000000000	000000000000000	000000000000000
244250101	000000000000000	000000000000000	000000000000000	000000000000000
244250102	000000000000000	000000000000000	000000000000000	000000000000000
244250103	000000000000000	000000000000000	000000000000000	000000000000000
244250200	000000000000000	000000000000000	000000000000000	000000000000000
244250201	000000000000000	000000000000000	000000000000000	000000000000000
244250202	000000000000000	000000000000000	000000000000000	000000000000000
244250203	000000000000000	000000000000000	000000000000000	000000000000000
244250204	000000000000000	000000000000000	000000000000000	000000000000000
244250209	000000000000000	000000000000000	000000000000000	000000000000000
244500000	000000000000000	000000000000000	000000000000000	001792982830069
244500100	000000000000000	000000000000000	000000000000000	000072962235973
244500101	000000000000000	000000000000000	000000000000000	000000000000000
244500102	000000000000000	000000000000000	000000000000000	000072962235973
244500103	000000000000000	000000000000000	000000000000000	000000000000000
244500200	000000000000000	000000000000000	000000000000000	001720020594096
244500201	000000000000000	000000000000000	000000000000000	000537955494914
244500202	000000000000000	000000000000000	000000000000000	001093458520782
244500203	000000000000000	000000000000000	000000000000000	000000014576741
244500204	000000000000000	000000000000000	000000000000000	000088592001659
244500209	000000000000000	000000000000000	000000000000000	000000000000000
244700000	000000000000000	000000000000000	000000000000000	000000000000000
244700100	000000000000000	000000000000000	000000000000000	000000000000000
244700200	000000000000000	000000000000000	000000000000000	000000000000000
244900000	000000000000000	000000000000000	000000000000000	000000000000000
244900100	000000000000000	000000000000000	000000000000000	000000000000000
244900200	000000000000000	000000000000000	000000000000000	000000000000000
245000000	000135982073716	006601463883418	000000000000000	000381241616182
245000100	000000000000000	000007874150991	000000000000000	000000000000000
245000101	000000000000000	000006034909061	000000000000000	000000000000000
245000102	000000000000000	000001839241930	000000000000000	000000000000000
245000200	000135982073716	006593589732427	000000000000000	000381241616182
245000201	000135982073716	006593589732427	000000000000000	000381241616182
245000203	000000000000000	000000000000000	000000000000000	000000000000000
246000000	000067462158737	000000000000000	000000000000000	000880014797221
246000100	000000000000000	000000000000000	000000000000000	000000000000000
246000101	000000000000000	000000000000000	000000000000000	000000000000000
246000102	000000000000000	000000000000000	000000000000000	000000000000000
246000200	000067462158737	000000000000000	000000000000000	000000000385091
246000201	000000000000000	000000000000000	000000000000000	000000000000000
246000202	000000000000000	000000000000000	000000000000000	000000000000000
246000203	000000000000000	000000000000000	000000000000000	000000000000000
246000204	000067462158737	000000000000000	000000000000000	000000000385091
246000205	000000000000000	000000000000000	000000000000000	000000000000000
246000206	000000000000000	000000000000000	000000000000000	000000000000000
246000207	000000000000000	000000000000000	000000000000000	000000000000000
246000208	000000000000000	000000000000000	000000000000000	000000000000000
246000290	000000000000000	000000000000000	000000000000000	000000000000000
246000300	000000000000000	000000000000000	000000000000000	000880014412130
246000301	000000000000000	000000000000000	000000000000000	000000000000000
246000302	000000000000000	000000000000000	000000000000000	000000000000000
246000303	000000000000000	000000000000000	000000000000000	000000000000000
246000304	000000000000000	000000000000000	000000000000000	000000000000000
246000305	000000000000000	000000000000000	000000000000000	000000000000000
246000390	000000000000000	000000000000000	000000000000000	000880014412130
250000000	000000447760357	000101002890525	000000254275400	000024014605313
255000000	-00001308896350	001147665396524	000000000000000	000231540104533
255000100	000000000000000	001147665396524	000000000000000	000035000104533
255000101	000000000000000	000000000000000	000000000000000	000000000000000
255000102	000000000000000	001147665396524	000000000000000	000035000104533
255000200	-00001308896350	000000000000000	000000000000000	000196540000000
255000300	000000000000000	000000000000000	000000000000000	000000000000000
260000000	000077861186219	000000000000000	000000000000000	000067844062598
260000100	000054606174227	000000000000000	000000000000000	000062581651582
260000101	000046413683917	000000000000000	000000000000000	000012846942695
260000102	000000000000000	000000000000000	000000000000000	000000000000000
260000103	000000000000000	000000000000000	000000000000000	000009587620040
260000104	000001023154814	000000000000000	000000000000000	000006429547659
260000105	000006893076706	000000000000000	000000000000000	000000000000000
260000106	000000000000000	000000000000000	000000000000000	000000000000000
260000107	000000000000000	000000000000000	000000000000000	000029565317436
260000109	000000276258790	000000000000000	000000000000000	000004152223752
260000200	000000000000000	000000000000000	000000000000000	000000000000000
260000300	000002570994097	000000000000000	000000000000000	000000000000000
260000400	000000607621608	000000000000000	000000000000000	000001176623806
260000500	000018023323976	000000000000000	000000000000000	000000986144330
260000600	000002053072311	000000000000000	000000000000000	000001648526368
260000900	000000000000000	000000000000000	000000000000000	000001451116512
265000000	000120672836809	000000000000000	000000000000000	000001633945884
265000100	000120672836809	000000000000000	000000000000000	000000000000000
265000101	000120672836809	000000000000000	000000000000000	000000000000000
265000102	000000000000000	000000000000000	000000000000000	000000000000000
265000200	000000000000000	000000000000000	000000000000000	000001633945884
265000300	000000000000000	000000000000000	000000000000000	000000000000000
270000000	000128965439228	000000000000000	000000000000000	000031650660898
271000000	000018240714951	000000000000000	000000000000000	000021731842408
271000100	000000525135546	000000000000000	000000000000000	000003696963664
271000200	000000339288022	000000000000000	000000000000000	000000000000000
271000400	000014368699803	000000000000000	000000000000000	000002872608485
271000500	000000000000000	000000000000000	000000000000000	000000000000000
271000501	000000000000000	000000000000000	000000000000000	000000000000000
271000502	000000000000000	000000000000000	000000000000000	000000000000000
271000503	000000000000000	000000000000000	000000000000000	000000000000000
271000504	000000000000000	000000000000000	000000000000000	000000000000000
271000505	000000000000000	000000000000000	000000000000000	000000000000000
271000600	000000205786510	000000000000000	000000000000000	000001848394171
271000601	000000205786510	000000000000000	000000000000000	000000000000000
271000602	000000000000000	000000000000000	000000000000000	000001848394171
271000700	000002801805070	000000000000000	000000000000000	000013303929009
271000701	000000914271005	000000000000000	000000000000000	000000295496147
271000702	000000006943293	000000000000000	000000000000000	000001340744086
271000703	000001621123679	000000000000000	000000000000000	000000186945768
271000704	000000259467093	000000000000000	000000000000000	000011480743008
271000705	000000000000000	000000000000000	000000000000000	000000000000000
271000800	000000000000000	000000000000000	000000000000000	000000009947079
271000900	000000000000000	000000000000000	000000000000000	000000000000000
272000000	000003345724277	000000000000000	000000000000000	000009004858879
273000000	000000000000000	000000000000000	000000000000000	000000000000000
274000000	000107379000000	000000000000000	000000000000000	000000913959611
274000100	000079868000000	000000000000000	000000000000000	000000913959611
274000200	000000022000000	000000000000000	000000000000000	000000000000000
274000300	000027489000000	000000000000000	000000000000000	000000000000000
275000000	000000000000000	000000000000000	000000000000000	000000000000000
275000100	000000000000000	000000000000000	000000000000000	000000000000000
275000200	000000000000000	000000000000000	000000000000000	000000000000000
275000300	000000000000000	000000000000000	000000000000000	000000000000000
275000400	000000000000000	000000000000000	000000000000000	000000000000000
275000500	000000000000000	000000000000000	000000000000000	000000000000000
275000600	000000000000000	000000000000000	000000000000000	000000000000000
279000000	000000000000000	000000000000000	000000000000000	000000000000000
279000100	000000000000000	000000000000000	000000000000000	000000000000000
279000200	000000000000000	000000000000000	000000000000000	000000000000000
279000300	000000000000000	000000000000000	000000000000000	000000000000000
280000000	000050274417613	000000000000000	000000000000000	000001212269557
285000000	000000000000000	000000000000000	000000000000000	000000000000000
290000000	000261060014705	000203439565727	000000000000000	000164802546370
290000100	000009917382900	000000000000000	000000000000000	000106131946285
290000101	000000000000000	000000000000000	000000000000000	000000000000000
290000102	000000000000000	000000000000000	000000000000000	000005040519545
290000103	000009917382900	000000000000000	000000000000000	000086752882169
290000104	000000000000000	000000000000000	000000000000000	000014338544571
290000200	000045427508779	000000000000000	000000000000000	000000000000000
290000201	000029845431840	000000000000000	000000000000000	000000000000000
290000202	000014351699302	000000000000000	000000000000000	000000000000000
290000203	000001230377637	000000000000000	000000000000000	000000000000000
290000300	000108215115524	000203439565727	000000000000000	000045756279013
290000301	000001200973570	000000000000000	000000000000000	000000000000000
290000302	000004319387746	000000000000000	000000000000000	000000000000000
290000303	000000000000000	000000000000000	000000000000000	000000000000000
290000304	000000000000000	000000000000000	000000000000000	000000000000000
290000305	000000000000000	000000000000000	000000000000000	000000000000000
290000306	000006361334366	000000000000000	000000000000000	000000000000000
290000307	000021366803860	000000000000000	000000000000000	000000001335519
290000308	000049175474105	000000000000000	000000000000000	000005005118693
290000309	000000000000000	000000000000000	000000000000000	000003059664722
290000390	000025791141877	000203439565727	000000000000000	000037690160079
290000400	000000000000000	000000000000000	000000000000000	000000000000000
290000500	000000021803574	000000000000000	000000000000000	000000188491349
290000501	000000021803574	000000000000000	000000000000000	000000188491349
290000502	000000000000000	000000000000000	000000000000000	000000000000000
290000700	000000000000000	000000000000000	000000000000000	000004091856110
290000800	000043077336808	000000000000000	000000000000000	000004785756258
290000801	000000000000000	000000000000000	000000000000000	000000000000000
290000802	000000022602814	000000000000000	000000000000000	000000007283343
290000803	000000000000000	000000000000000	000000000000000	000000000000000
290000809	000043054733994	000000000000000	000000000000000	000004778472915
290000900	000010466989030	000000000000000	000000000000000	000001353571589
290001000	000000078236673	000000000000000	000000000000000	000000000000000
290001100	000027346776775	000000000000000	000000000000000	000002154107959
290001200	000016508864642	000000000000000	000000000000000	000000340537807
295000000	000000000000000	000000000000000	000000000000000	000000000000000
300000000	003928951781855	000019569435824	-00000237212048	000037797266613
310000000	002687950562299	000000000000000	000000000000000	000000000000000
311000000	002687950562299	000000000000000	000000000000000	000000000000000
311000100	002687950562299	000000000000000	000000000000000	000000000000000
311000200	000000000000000	000000000000000	000000000000000	000000000000000
311000300	000000000000000	000000000000000	000000000000000	000000000000000
311000400	000000000000000	000000000000000	000000000000000	000000000000000
311000500	000000000000000	000000000000000	000000000000000	000000000000000
311000600	000000000000000	000000000000000	000000000000000	000000000000000
312000000	000000000000000	000000000000000	000000000000000	000000000000000
313000000	000000000000000	000000000000000	000000000000000	000000000000000
320000000	000236039217712	000000000000000	000000000000000	000000000000000
320000100	000236039217712	000000000000000	000000000000000	000000000000000
320000200	000000000000000	000000000000000	000000000000000	000000000000000
320000300	000000000000000	000000000000000	000000000000000	000000000000000
320000400	000000000000000	000000000000000	000000000000000	000000000000000
330000000	000001050355530	000000000000000	000000000000000	000030600554485
331000000	000002667021640	000000000000000	000000000000000	-00002632334674
331000100	000000000000000	000000000000000	000000000000000	-00006004619115
331000200	000002667021640	000000000000000	000000000000000	000003372284441
331000201	-00000662021981	000000000000000	000000000000000	000002040242529
331000202	000003329043621	000000000000000	000000000000000	000001492059918
331000203	000000000000000	000000000000000	000000000000000	-00000160018006
331000209	000000000000000	000000000000000	000000000000000	000000000000000
331000300	000000000000000	000000000000000	000000000000000	000000000000000
331000400	000000000000000	000000000000000	000000000000000	000000000000000
331000500	000000000000000	000000000000000	000000000000000	000000000000000
331000900	000000000000000	000000000000000	000000000000000	000000000000000
332000000	-00001616666110	000000000000000	000000000000000	000033232889159
332000100	000003367079866	000000000000000	000000000000000	000014632327643
332000200	000088898164433	000000000000000	000000000000000	000034773316718
332000300	-00059952347279	000000000000000	000000000000000	-00016488584073
332000400	-00033937164016	000000000000000	000000000000000	000000315130965
332000500	000000000000000	000000000000000	000000000000000	000000000000000
332000600	000000007600886	000000000000000	000000000000000	000000000000000
332000700	000000000000000	000000000000000	000000000000000	000000000000000
332000900	000000000000000	000000000000000	000000000000000	000000000697906
340000000	001123132958860	000000000000000	000000000000000	000000000000000
340000100	000746506033053	000000000000000	000000000000000	000000000000000
340000200	000376626925807	000000000000000	000000000000000	000000000000000
350000000	-00000596437250	000019569435824	-00000237212048	000006880077030
360000000	-00121957936795	000000000000000	000000000000000	000000000000000
360000100	-00120672836809	000000000000000	000000000000000	000000000000000
360000101	-00120672836809	000000000000000	000000000000000	000000000000000
360000102	000000000000000	000000000000000	000000000000000	000000000000000
360000200	-00001285099986	000000000000000	000000000000000	000000000000000
360000300	000000000000000	000000000000000	000000000000000	000000000000000
365000000	000000000000000	000000000000000	000000000000000	000000000000000
380000000	003925618720356	000019569435824	-00000237212048	000037480631515
390000000	000003333061499	000000000000000	000000000000000	000000316635098
500000000	007110772630039	012010898462949	000008164215403	008937375092769
505000000	007110772630039	012010898462949	000008164215403	008928757098391
510000000	020085863025184	008847589532069	000000018577541	013104154794919
