504	BANCO BILBAO VIZCAYA ARGENTARIA, CHILE  
4100000	 0000000277768,00	 0000000207229,00	 0000000001364,00	 0000000020558,00
4100100	 0000000002817,00	 0000000000000,00	 0000000000000,00	 0000000000000,00
4100101	 0000000002817,00	 0000000000000,00	 0000000000000,00	 0000000000000,00
4100151	 0000000000000,00	 0000000000000,00	 0000000000000,00	 0000000000000,00
4100200	 0000000000108,00	 0000000000000,00	 0000000000000,00	 0000000000883,00
4100201	 0000000000108,00	 0000000000000,00	 0000000000000,00	 0000000000883,00
4100251	 0000000000000,00	 0000000000000,00	 0000000000000,00	 0000000000000,00
4100300	 0000000113879,00	 0000000067857,00	 0000000001364,00	 0000000019057,00
4100301	 0000000085618,00	 0000000036991,00	 0000000000000,00	 0000000009004,00
4100309	 0000000002673,00	 0000000000044,00	 0000000000000,00	 0000000009413,00
4100310	 0000000005941,00	 0000000000000,00	 0000000000000,00	 0000000000000,00
4100320	 0000000012716,00	 0000000001202,00	 0000000000000,00	 0000000000639,00
4100330	 0000000006307,00	 0000000009511,00	 0000000001364,00	 0000000000000,00
4100340	 0000000000122,00	 0000000000000,00	 0000000000000,00	 0000000000000,00
4100351	 0000000000000,00	 0000000015131,00	 0000000000000,00	 0000000000000,00
4100359	 0000000000000,00	 0000000000029,00	 0000000000000,00	 0000000000000,00
4100360	 0000000000000,00	 0000000000000,00	 0000000000000,00	 0000000000000,00
4100370	 0000000000000,00	 0000000000570,00	 0000000000000,00	 0000000000000,00
4100380	 0000000000000,00	 0000000004377,00	 0000000000000,00	 0000000000000,00
4100390	 0000000000000,00	 0000000000002,00	 0000000000000,00	 0000000000000,00
4100399	 0000000000502,00	 0000000000000,00	 0000000000000,00	 0000000000001,00
4100400	 0000000003888,00	 0000000132564,00	 0000000000000,00	 0000000000000,00
4100401	 0000000000000,00	 0000000000977,00	 0000000000000,00	 0000000000000,00
4100402	 0000000000000,00	 0000000000276,00	 0000000000000,00	 0000000000000,00
4100403	 0000000000000,00	 0000000000000,00	 0000000000000,00	 0000000000000,00
4100405	 0000000000000,00	 0000000001521,00	 0000000000000,00	 0000000000000,00
4100407	 0000000000121,00	 0000000090130,00	 0000000000000,00	 0000000000000,00
4100408	 0000000000000,00	 0000000000001,00	 0000000000000,00	 0000000000000,00
4100420	 0000000002619,00	 0000000000021,00	 0000000000000,00	 0000000000000,00
4100430	 0000000000000,00	 0000000000023,00	 0000000000000,00	 0000000000000,00
4100451	 0000000000000,00	 0000000000303,00	 0000000000000,00	 0000000000000,00
4100452	 0000000000000,00	 0000000000000,00	 0000000000000,00	 0000000000000,00
4100455	 0000000000000,00	 0000000000469,00	 0000000000000,00	 0000000000000,00
4100457	 0000000000000,00	 0000000038832,00	 0000000000000,00	 0000000000000,00
4100458	 0000000000000,00	 0000000000000,00	 0000000000000,00	 0000000000000,00
4100480	 0000000000542,00	 0000000000005,00	 0000000000000,00	 0000000000000,00
4100490	 0000000000000,00	 0000000000006,00	 0000000000000,00	 0000000000000,00
4100499	 0000000000606,00	 0000000000000,00	 0000000000000,00	 0000000000000,00
4100500	 0000000138670,00	 0000000007089,00	 0000000000000,00	 0000000000000,00
4100501	 0000000090064,00	 0000000005390,00	 0000000000000,00	 0000000000000,00
4100510	 0000000016134,00	 0000000000000,00	 0000000000000,00	 0000000000000,00
4100520	 0000000030215,00	 0000000000000,00	 0000000000000,00	 0000000000000,00
4100530	 0000000000052,00	 0000000000012,00	 0000000000000,00	 0000000000000,00
4100540	 0000000000000,00	 0000000000000,00	 0000000000000,00	 0000000000000,00
4100590	 0000000000000,00	 0000000001687,00	 0000000000000,00	 0000000000000,00
4100599	 0000000002205,00	 0000000000000,00	 0000000000000,00	 0000000000000,00
4100600	 0000000012782,00	 0000000000452,00	 0000000000000,00	 0000000000000,00
4100601	 0000000012025,00	 0000000000201,00	 0000000000000,00	 0000000000000,00
4100621	 0000000000000,00	 0000000000128,00	 0000000000000,00	 0000000000000,00
4100651	 0000000000757,00	 0000000000096,00	 0000000000000,00	 0000000000000,00
4100671	 0000000000000,00	 0000000000027,00	 0000000000000,00	 0000000000000,00
4100800	 0000000005264,00	 0000000001336,00	 0000000000000,00	 0000000000618,00
4100801	 0000000000000,00	 0000000000000,00	 0000000000000,00	 0000000000000,00
4100804	 0000000004489,00	 0000000000000,00	 0000000000000,00	 0000000000572,00
4100810	 0000000000775,00	 0000000000000,00	 0000000000000,00	 0000000000046,00
4100850	 0000000000000,00	 0000000001336,00	 0000000000000,00	 0000000000000,00
4100900	 0000000000360,00	-0000000002069,00	 0000000000000,00	 0000000000000,00
4150000	-0000000228181,00	-0000000117717,00	-0000000000012,00	-0000000008073,00
4150100	-0000000010236,00	-0000000001219,00	 0000000000000,00	 0000000000000,00
4150101	-0000000010234,00	 0000000000000,00	 0000000000000,00	 0000000000000,00
4150102	-0000000000002,00	 0000000000000,00	 0000000000000,00	 0000000000000,00
4150103	 0000000000000,00	 0000000000000,00	 0000000000000,00	 0000000000000,00
4150151	 0000000000000,00	-0000000001219,00	 0000000000000,00	 0000000000000,00
4150200	-0000000019605,00	 0000000000000,00	 0000000000000,00	-0000000000029,00
4150201	-0000000019604,00	 0000000000000,00	 0000000000000,00	-0000000000029,00
4150251	-0000000000001,00	 0000000000000,00	 0000000000000,00	 0000000000000,00
4150300	-0000000189503,00	-0000000041544,00	 0000000000000,00	-0000000002178,00
4150301	-0000000189503,00	-0000000026229,00	 0000000000000,00	-0000000002178,00
4150302	 0000000000000,00	-0000000000099,00	 0000000000000,00	 0000000000000,00
4150309	 0000000000000,00	 0000000000000,00	 0000000000000,00	 0000000000000,00
4150351	 0000000000000,00	-0000000014493,00	 0000000000000,00	 0000000000000,00
4150352	 0000000000000,00	-0000000000632,00	 0000000000000,00	 0000000000000,00
4150359	 0000000000000,00	-0000000000091,00	 0000000000000,00	 0000000000000,00
4150400	-0000000002675,00	-0000000000002,00	 0000000000000,00	-0000000006098,00
4150401	-0000000002210,00	-0000000000001,00	 0000000000000,00	-0000000006098,00
4150451	-0000000000465,00	-0000000000001,00	 0000000000000,00	 0000000000000,00
4150500	-0000000000117,00	-0000000073844,00	 0000000000000,00	 0000000000000,00
4150501	 0000000000000,00	-0000000002242,00	 0000000000000,00	 0000000000000,00
4150511	-0000000000117,00	-0000000029889,00	 0000000000000,00	 0000000000000,00
4150521	 0000000000000,00	-0000000017074,00	 0000000000000,00	 0000000000000,00
4150522	 0000000000000,00	 0000000000000,00	 0000000000000,00	 0000000000000,00
4150551	 0000000000000,00	-0000000000700,00	 0000000000000,00	 0000000000000,00
4150561	 0000000000000,00	-0000000016877,00	 0000000000000,00	 0000000000000,00
4150571	 0000000000000,00	-0000000007062,00	 0000000000000,00	 0000000000000,00
4150572	 0000000000000,00	 0000000000000,00	 0000000000000,00	 0000000000000,00
4150600	-0000000001123,00	-0000000000649,00	-0000000000012,00	 0000000000000,00
4150601	-0000000001123,00	-0000000000417,00	-0000000000012,00	 0000000000000,00
4150651	 0000000000000,00	-0000000000232,00	 0000000000000,00	 0000000000000,00
4150800	-0000000000003,00	-0000000000225,00	 0000000000000,00	-0000000000074,00
4150801	-0000000000003,00	 0000000000000,00	 0000000000000,00	-0000000000074,00
4150851	 0000000000000,00	-0000000000225,00	 0000000000000,00	 0000000000000,00
4150900	-0000000004919,00	-0000000000234,00	 0000000000000,00	 0000000000306,00
4200000	 0000000058061,00	 0000000001511,00	 0000000000000,00	 0000000005098,00
4200100	 0000000003914,00	 0000000000000,00	 0000000000000,00	 0000000000412,00
4200200	 0000000001174,00	 0000000001511,00	 0000000000000,00	 0000000003022,00
4200300	 0000000019616,00	 0000000000000,00	 0000000000000,00	 0000000000000,00
4200303	 0000000004246,00	 0000000000000,00	 0000000000000,00	 0000000000000,00
4200304	 0000000007105,00	 0000000000000,00	 0000000000000,00	 0000000000000,00
4200305	 0000000003670,00	 0000000000000,00	 0000000000000,00	 0000000000000,00
4200306	 0000000001717,00	 0000000000000,00	 0000000000000,00	 0000000000000,00
4200307	 0000000002878,00	 0000000000000,00	 0000000000000,00	 0000000000000,00
4200309	 0000000000000,00	 0000000000000,00	 0000000000000,00	 0000000000000,00
4200400	 0000000003607,00	 0000000000000,00	 0000000000000,00	 0000000000016,00
4200500	 0000000013366,00	 0000000000000,00	 0000000000000,00	 0000000000163,00
4200600	 0000000001335,00	 0000000000000,00	 0000000000000,00	 0000000000000,00
4200700	 0000000004981,00	 0000000000000,00	 0000000000000,00	 0000000000000,00
4200800	 0000000006716,00	 0000000000000,00	 0000000000000,00	 0000000000000,00
4200900	 0000000003352,00	 0000000000000,00	 0000000000000,00	 0000000001485,00
4250000	-0000000015182,00	 0000000000000,00	 0000000000000,00	-0000000003790,00
4250100	-0000000008893,00	 0000000000000,00	 0000000000000,00	-0000000002232,00
4250101	-0000000004603,00	 0000000000000,00	 0000000000000,00	-0000000002227,00
4250102	-0000000004290,00	 0000000000000,00	 0000000000000,00	 0000000000000,00
4250190	 0000000000000,00	 0000000000000,00	 0000000000000,00	-0000000000005,00
4250200	-0000000000526,00	 0000000000000,00	 0000000000000,00	 0000000000000,00
4250300	-0000000005763,00	 0000000000000,00	 0000000000000,00	-0000000001558,00
4300000	 0000000013677,00	 0000000008383,00	 0000000000000,00	 0000000000000,00
4300100	 0000000046761,00	 0000000007860,00	 0000000000000,00	 0000000000000,00
4300101	 0000000040299,00	 0000000006747,00	 0000000000000,00	 0000000000000,00
4300102	 0000000001371,00	 0000000000323,00	 0000000000000,00	 0000000000000,00
4300103	 0000000006835,00	 0000000001810,00	 0000000000000,00	 0000000000000,00
4300104	-0000000004074,00	-0000000001020,00	 0000000000000,00	 0000000000000,00
4300190	 0000000002330,00	 0000000000000,00	 0000000000000,00	 0000000000000,00
4300200	-0000000033150,00	 0000000000000,00	 0000000000000,00	 0000000000000,00
4300300	 0000000000484,00	 0000000000539,00	 0000000000000,00	 0000000000000,00
4300400	 0000000000345,00	 0000000000000,00	 0000000000000,00	 0000000000000,00
4300500	-0000000000763,00	-0000000000016,00	 0000000000000,00	 0000000000000,00
4350000	 0000000000316,00	 0000000000000,00	 0000000003842,00	 0000000054812,00
4350100	 0000000000316,00	 0000000000000,00	 0000000000000,00	 0000000042315,00
4350200	 0000000000000,00	 0000000000000,00	 0000000003842,00	 0000000000000,00
4350900	 0000000000000,00	 0000000000000,00	 0000000000000,00	 0000000012497,00
4400000	 0000000014773,00	 0000000000000,00	 0000000000000,00	 0000000000108,00
4400100	 0000000004232,00	 0000000000000,00	 0000000000000,00	 0000000000000,00
4400200	 0000000000140,00	 0000000000000,00	 0000000000000,00	 0000000000000,00
4400290	 0000000000000,00	 0000000000000,00	 0000000000000,00	 0000000000000,00
4400300	 0000000010401,00	 0000000000000,00	 0000000000000,00	 0000000000108,00
4500000	-0000000052788,00	-0000000018132,00	 0000000000000,00	 0000000000172,00
4500100	-0000000066965,00	-0000000027144,00	 0000000000000,00	 0000000000162,00
4500101	 0000000003594,00	-0000000008896,00	 0000000000000,00	-0000000000259,00
4500111	-0000000001098,00	-0000000003149,00	 0000000000000,00	 0000000000000,00
4500112	-0000000069461,00	-0000000015099,00	 0000000000000,00	 0000000000000,00
4500190	 0000000000000,00	 0000000000000,00	 0000000000000,00	 0000000000421,00
4500200	 0000000003222,00	 0000000000000,00	 0000000000000,00	 0000000000000,00
4500700	 0000000000676,00	 0000000000000,00	 0000000000000,00	 0000000000000,00
4500701	 0000000000411,00	 0000000000000,00	 0000000000000,00	 0000000000000,00
4500702	 0000000000265,00	 0000000000000,00	 0000000000000,00	 0000000000000,00
4500703	 0000000000000,00	 0000000000000,00	 0000000000000,00	 0000000000000,00
4500800	 0000000000000,00	 0000000000000,00	 0000000000000,00	 0000000000000,00
4500801	 0000000000000,00	 0000000000000,00	 0000000000000,00	 0000000000000,00
4500802	 0000000000000,00	 0000000000000,00	 0000000000000,00	 0000000000000,00
4500803	 0000000000000,00	 0000000000000,00	 0000000000000,00	 0000000000000,00
4500900	 0000000010279,00	 0000000009012,00	 0000000000000,00	 0000000000010,00
4500901	 0000000002174,00	 0000000002411,00	 0000000000000,00	 0000000000010,00
4500911	 0000000000249,00	 0000000001974,00	 0000000000000,00	 0000000000000,00
4500921	 0000000007856,00	 0000000004627,00	 0000000000000,00	 0000000000000,00
4500931	 0000000000000,00	 0000000000000,00	 0000000000000,00	 0000000000000,00
4600000	-0000000074009,00	 0000000000000,00	 0000000000000,00	 0000000000000,00
4610000	-0000000081791,00	 0000000000000,00	 0000000000000,00	-0000000000125,00
4610100	-0000000043807,00	 0000000000000,00	 0000000000000,00	 0000000000000,00
4610200	-0000000025200,00	 0000000000000,00	 0000000000000,00	 0000000000000,00
4610300	-0000000000656,00	 0000000000000,00	 0000000000000,00	 0000000000000,00
4610400	-0000000008480,00	 0000000000000,00	 0000000000000,00	-0000000000125,00
4610500	-0000000003648,00	 0000000000000,00	 0000000000000,00	 0000000000000,00
4620000	-0000000010322,00	 0000000000000,00	 0000000000000,00	 0000000000000,00
4630000	 0000000000000,00	 0000000000000,00	 0000000000000,00	 0000000000000,00
4650000	-0000000006589,00	 0000000000000,00	 0000000000000,00	 0000000000000,00
4650100	-0000000002891,00	 0000000000000,00	 0000000000000,00	 0000000000000,00
4650200	-0000000003164,00	 0000000000000,00	 0000000000000,00	 0000000000000,00
4650201	 0000000000000,00	 0000000000000,00	 0000000000000,00	 0000000000000,00
4650211	 0000000000000,00	 0000000000000,00	 0000000000000,00	 0000000000000,00
4650290	-0000000003164,00	 0000000000000,00	 0000000000000,00	 0000000000000,00
4650900	-0000000000534,00	 0000000000000,00	 0000000000000,00	 0000000000000,00
4700000	 0000000000508,00	 0000000000000,00	 0000000000000,00	 0000000000000,00
4700100	 0000000000508,00	 0000000000000,00	 0000000000000,00	 0000000000000,00
4700101	 0000000000000,00	 0000000000000,00	 0000000000000,00	 0000000000000,00
4700102	 0000000000000,00	 0000000000000,00	 0000000000000,00	 0000000000000,00
4700103	 0000000000000,00	 0000000000000,00	 0000000000000,00	 0000000000000,00
4700110	 0000000000508,00	 0000000000000,00	 0000000000000,00	 0000000000000,00
4700200	 0000000000000,00	 0000000000000,00	 0000000000000,00	 0000000000000,00
4700201	 0000000000000,00	 0000000000000,00	 0000000000000,00	 0000000000000,00
4700202	 0000000000000,00	 0000000000000,00	 0000000000000,00	 0000000000000,00
4700203	 0000000000000,00	 0000000000000,00	 0000000000000,00	 0000000000000,00
4700210	 0000000000000,00	 0000000000000,00	 0000000000000,00	 0000000000000,00
4800000	-0000000006842,00	 0000000000000,00	 0000000000000,00	 0000000000000,00
4800001	-0000000009645,00	 0000000000000,00	 0000000000000,00	 0000000000000,00
4850000	 0000000000000,00	 0000000000000,00	 0000000000000,00	 0000000000000,00
4900000	 0000000000046,00	 0000000000000,00	 0000000000000,00	 0000000000000,00
5003000	 0000000049587,00	 0000000089512,00	 0000000001352,00	 0000000012485,00
5004000	 0000000042879,00	 0000000001511,00	 0000000000000,00	 0000000001308,00
5005000	 0000000121232,00	 0000000099406,00	 0000000005194,00	 0000000068713,00
5006000	 0000000068444,00	 0000000081274,00	 0000000005194,00	 0000000068885,00
5007000	-0000000104267,00	 0000000081274,00	 0000000005194,00	 0000000068760,00
5008000	-0000000103759,00	 0000000081274,00	 0000000005194,00	 0000000068760,00
5009000	-0000000110601,00	 0000000081274,00	 0000000005194,00	 0000000068760,00
5010000	-0000000110601,00	 0000000081274,00	 0000000005194,00	 0000000068760,00
5020000	-0000000110647,00	 0000000081274,00	 0000000005194,00	 0000000068760,00
