051	BANCO FALABELLA                                                         
1000000	 0000001134336,00	 0000000556326,00	 0000000000000,00	 0000000064735,00
1100000	 0000000147648,00	 0000000000000,00	 0000000000000,00	 0000000033270,00
1100100	 0000000085801,00	 0000000000000,00	 0000000000000,00	 0000000001362,00
1100200	 0000000059118,00	 0000000000000,00	 0000000000000,00	 0000000000029,00
1100300	 0000000002729,00	 0000000000000,00	 0000000000000,00	 0000000000250,00
1100400	 0000000000000,00	 0000000000000,00	 0000000000000,00	 0000000031629,00
1130000	 0000000027932,00	 0000000000000,00	 0000000000000,00	 0000000015202,00
1130100	 0000000002444,00	 0000000000000,00	 0000000000000,00	 0000000000000,00
1130200	 0000000025488,00	 0000000000000,00	 0000000000000,00	 0000000015202,00
1150000	 0000000011518,00	 0000000010599,00	 0000000000000,00	 0000000015943,00
1150100	 0000000006171,00	 0000000007643,00	 0000000000000,00	 0000000000000,00
1150200	 0000000000000,00	 0000000002956,00	 0000000000000,00	 0000000000000,00
1150300	 0000000000000,00	 0000000000000,00	 0000000000000,00	 0000000000000,00
1150400	 0000000005347,00	 0000000000000,00	 0000000000000,00	 0000000015943,00
1160000	 0000000000000,00	 0000000000000,00	 0000000000000,00	 0000000000000,00
1160100	 0000000000000,00	 0000000000000,00	 0000000000000,00	 0000000000000,00
1160200	 0000000000000,00	 0000000000000,00	 0000000000000,00	 0000000000000,00
1250000	 0000000006585,00	 0000000000000,00	 0000000000000,00	 0000000000000,00
1250100	 0000000006585,00	 0000000000000,00	 0000000000000,00	 0000000000000,00
1250200	 0000000000000,00	 0000000000000,00	 0000000000000,00	 0000000000000,00
1270000	 0000000000000,00	 0000000000000,00	 0000000000000,00	 0000000000000,00
1270100	 0000000000000,00	 0000000000000,00	 0000000000000,00	 0000000000000,00
1270112	 0000000000000,00	 0000000000000,00	 0000000000000,00	 0000000000000,00
1270113	 0000000000000,00	 0000000000000,00	 0000000000000,00	 0000000000000,00
1270116	 0000000000000,00	 0000000000000,00	 0000000000000,00	 0000000000000,00
1270117	 0000000000000,00	 0000000000000,00	 0000000000000,00	 0000000000000,00
1270118	 0000000000000,00	 0000000000000,00	 0000000000000,00	 0000000000000,00
1270190	 0000000000000,00	 0000000000000,00	 0000000000000,00	 0000000000000,00
1270200	 0000000000000,00	 0000000000000,00	 0000000000000,00	 0000000000000,00
1270202	 0000000000000,00	 0000000000000,00	 0000000000000,00	 0000000000000,00
1270203	 0000000000000,00	 0000000000000,00	 0000000000000,00	 0000000000000,00
1270206	 0000000000000,00	 0000000000000,00	 0000000000000,00	 0000000000000,00
1270207	 0000000000000,00	 0000000000000,00	 0000000000000,00	 0000000000000,00
1270208	 0000000000000,00	 0000000000000,00	 0000000000000,00	 0000000000000,00
1270290	 0000000000000,00	 0000000000000,00	 0000000000000,00	 0000000000000,00
1270300	 0000000000000,00	 0000000000000,00	 0000000000000,00	 0000000000000,00
1300000	 0000000662041,00	 0000000535403,00	 0000000000000,00	 0000000000293,00
1302000	 0000000001516,00	 0000000090883,00	 0000000000000,00	 0000000000000,00
1302100	 0000000001514,00	 0000000006186,00	 0000000000000,00	 0000000000000,00
1302101	 0000000001514,00	 0000000004184,00	 0000000000000,00	 0000000000000,00
1302102	 0000000000000,00	 0000000000000,00	 0000000000000,00	 0000000000000,00
1302170	 0000000000000,00	 0000000002002,00	 0000000000000,00	 0000000000000,00
1302180	 0000000000000,00	 0000000000000,00	 0000000000000,00	 0000000000000,00
1302200	 0000000000000,00	 0000000000000,00	 0000000000000,00	 0000000000000,00
1302201	 0000000000000,00	 0000000000000,00	 0000000000000,00	 0000000000000,00
1302202	 0000000000000,00	 0000000000000,00	 0000000000000,00	 0000000000000,00
1302241	 0000000000000,00	 0000000000000,00	 0000000000000,00	 0000000000000,00
1302242	 0000000000000,00	 0000000000000,00	 0000000000000,00	 0000000000000,00
1302281	 0000000000000,00	 0000000000000,00	 0000000000000,00	 0000000000000,00
1302282	 0000000000000,00	 0000000000000,00	 0000000000000,00	 0000000000000,00
1302300	 0000000000000,00	 0000000000000,00	 0000000000000,00	 0000000000000,00
1302500	 0000000000000,00	 0000000000000,00	 0000000000000,00	 0000000000000,00
1302800	 0000000000000,00	 0000000000000,00	 0000000000000,00	 0000000000000,00
1302900	 0000000000002,00	 0000000084697,00	 0000000000000,00	 0000000000000,00
1304000	 0000000000070,00	 0000000381513,00	 0000000000000,00	 0000000000000,00
1304100	 0000000000000,00	 0000000124522,00	 0000000000000,00	 0000000000000,00
1304101	 0000000000000,00	 0000000124522,00	 0000000000000,00	 0000000000000,00
1304102	 0000000000000,00	 0000000000000,00	 0000000000000,00	 0000000000000,00
1304200	 0000000000000,00	 0000000014010,00	 0000000000000,00	 0000000000000,00
1304400	 0000000000000,00	 0000000000000,00	 0000000000000,00	 0000000000000,00
1304500	 0000000000003,00	 0000000216733,00	 0000000000000,00	 0000000000000,00
1304600	 0000000000000,00	 0000000000000,00	 0000000000000,00	 0000000000000,00
1304800	 0000000000000,00	 0000000000000,00	 0000000000000,00	 0000000000000,00
1304900	 0000000000067,00	 0000000026248,00	 0000000000000,00	 0000000000000,00
1305000	 0000000720096,00	 0000000063007,00	 0000000000000,00	 0000000000293,00
1305100	 0000000684023,00	 0000000063007,00	 0000000000000,00	 0000000000000,00
1305300	 0000000021589,00	 0000000000000,00	 0000000000000,00	 0000000000000,00
1305400	 0000000014484,00	 0000000000000,00	 0000000000000,00	 0000000000293,00
1305800	 0000000000000,00	 0000000000000,00	 0000000000000,00	 0000000000000,00
1305900	 0000000000000,00	 0000000000000,00	 0000000000000,00	 0000000000000,00
1309000	-0000000059641,00	 0000000000000,00	 0000000000000,00	 0000000000000,00
1309100	-0000000001185,00	 0000000000000,00	 0000000000000,00	 0000000000000,00
1309200	-0000000001621,00	 0000000000000,00	 0000000000000,00	 0000000000000,00
1309300	-0000000056835,00	 0000000000000,00	 0000000000000,00	 0000000000000,00
1350000	 0000000221810,00	 0000000010324,00	 0000000000000,00	 0000000000000,00
1350100	 0000000047744,00	 0000000008458,00	 0000000000000,00	 0000000000000,00
1350200	 0000000174066,00	 0000000001866,00	 0000000000000,00	 0000000000000,00
1350300	 0000000000000,00	 0000000000000,00	 0000000000000,00	 0000000000000,00
1360000	 0000000000000,00	 0000000000000,00	 0000000000000,00	 0000000000000,00
1360100	 0000000000000,00	 0000000000000,00	 0000000000000,00	 0000000000000,00
1360200	 0000000000000,00	 0000000000000,00	 0000000000000,00	 0000000000000,00
1360300	 0000000000000,00	 0000000000000,00	 0000000000000,00	 0000000000000,00
1400000	 0000000000228,00	 0000000000000,00	 0000000000000,00	 0000000000000,00
1400100	 0000000000000,00	 0000000000000,00	 0000000000000,00	 0000000000000,00
1400101	 0000000000000,00	 0000000000000,00	 0000000000000,00	 0000000000000,00
1400103	 0000000000000,00	 0000000000000,00	 0000000000000,00	 0000000000000,00
1400200	 0000000000228,00	 0000000000000,00	 0000000000000,00	 0000000000000,00
1500000	 0000000012832,00	 0000000000000,00	 0000000000000,00	 0000000000000,00
1500100	 0000000000000,00	 0000000000000,00	 0000000000000,00	 0000000000000,00
1500200	 0000000012832,00	 0000000000000,00	 0000000000000,00	 0000000000000,00
1600000	 0000000015324,00	 0000000000000,00	 0000000000000,00	 0000000000000,00
1600100	 0000000010342,00	 0000000000000,00	 0000000000000,00	 0000000000000,00
1600200	 0000000004982,00	 0000000000000,00	 0000000000000,00	 0000000000000,00
1700000	 0000000002681,00	 0000000000000,00	 0000000000000,00	 0000000000000,00
1750000	 0000000014555,00	 0000000000000,00	 0000000000000,00	 0000000000000,00
1800000	 0000000011182,00	 0000000000000,00	 0000000000000,00	 0000000000027,00
1800100	 0000000000000,00	 0000000000000,00	 0000000000000,00	 0000000000000,00
1800200	 0000000000915,00	 0000000000000,00	 0000000000000,00	 0000000000000,00
1800900	 0000000010267,00	 0000000000000,00	 0000000000000,00	 0000000000027,00
2000000	 0000001112988,00	 0000000412000,00	 0000000000000,00	 0000000084846,00
2100000	 0000000164318,00	 0000000011649,00	 0000000000000,00	 0000000000045,00
2100100	 0000000108936,00	 0000000000000,00	 0000000000000,00	 0000000000000,00
2100109	 0000000002358,00	 0000000000000,00	 0000000000000,00	 0000000000000,00
2100110	 0000000106578,00	 0000000000000,00	 0000000000000,00	 0000000000000,00
2100200	 0000000043959,00	 0000000000000,00	 0000000000000,00	 0000000000000,00
2100300	 0000000011423,00	 0000000011649,00	 0000000000000,00	 0000000000045,00
2130000	 0000000015327,00	 0000000000000,00	 0000000000000,00	 0000000024433,00
2160000	 0000000000000,00	 0000000000000,00	 0000000000000,00	 0000000000000,00
2160100	 0000000000000,00	 0000000000000,00	 0000000000000,00	 0000000000000,00
2160200	 0000000000000,00	 0000000000000,00	 0000000000000,00	 0000000000000,00
2200000	 0000000892434,00	 0000000045215,00	 0000000000000,00	 0000000060358,00
2200100	 0000000892434,00	 0000000004320,00	 0000000000000,00	 0000000060358,00
2200200	 0000000000000,00	 0000000040895,00	 0000000000000,00	 0000000000000,00
2200900	 0000000000000,00	 0000000000000,00	 0000000000000,00	 0000000000000,00
2250000	 0000000007777,00	 0000000000000,00	 0000000000000,00	 0000000000000,00
2250100	 0000000007777,00	 0000000000000,00	 0000000000000,00	 0000000000000,00
2250200	 0000000000000,00	 0000000000000,00	 0000000000000,00	 0000000000000,00
2300000	 0000000000213,00	 0000000000000,00	 0000000000000,00	 0000000000000,00
2301000	 0000000000213,00	 0000000000000,00	 0000000000000,00	 0000000000000,00
2301001	 0000000000000,00	 0000000000000,00	 0000000000000,00	 0000000000000,00
2302000	 0000000000000,00	 0000000000000,00	 0000000000000,00	 0000000000000,00
2302100	 0000000000000,00	 0000000000000,00	 0000000000000,00	 0000000000000,00
2302200	 0000000000000,00	 0000000000000,00	 0000000000000,00	 0000000000000,00
2303000	 0000000000000,00	 0000000000000,00	 0000000000000,00	 0000000000000,00
2303100	 0000000000000,00	 0000000000000,00	 0000000000000,00	 0000000000000,00
2303900	 0000000000000,00	 0000000000000,00	 0000000000000,00	 0000000000000,00
2400000	 0000000000787,00	 0000000295465,00	 0000000000000,00	 0000000000000,00
2401000	 0000000000000,00	 0000000123451,00	 0000000000000,00	 0000000000000,00
2402000	 0000000000787,00	 0000000172014,00	 0000000000000,00	 0000000000000,00
2402100	 0000000000000,00	 0000000130594,00	 0000000000000,00	 0000000000000,00
2402200	 0000000000787,00	 0000000041420,00	 0000000000000,00	 0000000000000,00
2402300	 0000000000000,00	 0000000000000,00	 0000000000000,00	 0000000000000,00
2500000	 0000000002124,00	 0000000059671,00	 0000000000000,00	 0000000000010,00
2500100	 0000000000000,00	 0000000059671,00	 0000000000000,00	 0000000000000,00
2500200	 0000000002124,00	 0000000000000,00	 0000000000000,00	 0000000000010,00
2500300	 0000000000000,00	 0000000000000,00	 0000000000000,00	 0000000000000,00
2600000	 0000000000000,00	 0000000000000,00	 0000000000000,00	 0000000000000,00
2650000	 0000000006673,00	 0000000000000,00	 0000000000000,00	 0000000000000,00
2700000	 0000000010167,00	 0000000000000,00	 0000000000000,00	 0000000000000,00
2700100	 0000000001842,00	 0000000000000,00	 0000000000000,00	 0000000000000,00
2700200	 0000000003694,00	 0000000000000,00	 0000000000000,00	 0000000000000,00
2700300	 0000000001127,00	 0000000000000,00	 0000000000000,00	 0000000000000,00
2700400	 0000000003504,00	 0000000000000,00	 0000000000000,00	 0000000000000,00
2700401	 0000000000000,00	 0000000000000,00	 0000000000000,00	 0000000000000,00
2700402	 0000000000000,00	 0000000000000,00	 0000000000000,00	 0000000000000,00
2700411	 0000000000000,00	 0000000000000,00	 0000000000000,00	 0000000000000,00
2700412	 0000000000000,00	 0000000000000,00	 0000000000000,00	 0000000000000,00
2700413	 0000000003500,00	 0000000000000,00	 0000000000000,00	 0000000000000,00
2700421	 0000000000000,00	 0000000000000,00	 0000000000000,00	 0000000000000,00
2700422	 0000000000000,00	 0000000000000,00	 0000000000000,00	 0000000000000,00
2700423	 0000000000004,00	 0000000000000,00	 0000000000000,00	 0000000000000,00
2700490	 0000000000000,00	 0000000000000,00	 0000000000000,00	 0000000000000,00
2800000	 0000000013168,00	 0000000000000,00	 0000000000000,00	 0000000000000,00
3000000	 0000000145563,00	 0000000000000,00	 0000000000000,00	 0000000000000,00
3101000	 0000000035286,00	 0000000000000,00	 0000000000000,00	 0000000000000,00
3102000	 0000000101241,00	 0000000000000,00	 0000000000000,00	 0000000000000,00
3103000	 0000000000396,00	 0000000000000,00	 0000000000000,00	 0000000000000,00
3104000	 0000000008621,00	 0000000000000,00	 0000000000000,00	 0000000000000,00
3104100	 0000000000000,00	 0000000000000,00	 0000000000000,00	 0000000000000,00
3104200	 0000000012315,00	 0000000000000,00	 0000000000000,00	 0000000000000,00
3104300	-0000000003694,00	 0000000000000,00	 0000000000000,00	 0000000000000,00
3200000	 0000000000019,00	 0000000000000,00	 0000000000000,00	 0000000000000,00
5001000	 0000000145544,00	 0000000000000,00	 0000000000000,00	 0000000000000,00
5002000	 0000001258551,00	 0000000412000,00	 0000000000000,00	 0000000084846,00
5100000	 0000000721682,00	 0000000535403,00	 0000000000000,00	 0000000000293,00
