001	BANCO DE CHILE                          
4100000	 0000000480656,00	 0000000509844,00	 0000000002851,00	 0000000043547,00
4100100	 0000000015916,00	 0000000003681,00	 0000000000000,00	 0000000000001,00
4100200	 0000000006964,00	 0000000000000,00	 0000000000000,00	 0000000000505,00
4100300	 0000000202938,00	 0000000309324,00	 0000000002833,00	 0000000041193,00
4100399	 0000000002772,00	 0000000000000,00	 0000000000000,00	 0000000000000,00
4100400	 0000000004069,00	 0000000190557,00	 0000000000000,00	 0000000000000,00
4100499	 0000000001378,00	 0000000000000,00	 0000000000000,00	 0000000000000,00
4100500	 0000000242697,00	 0000000003381,00	 0000000000000,00	 0000000000000,00
4100599	 0000000000000,00	 0000000000000,00	 0000000000000,00	 0000000000000,00
4100600	 0000000007840,00	 0000000002821,00	 0000000000018,00	 0000000000000,00
4100800	 0000000000232,00	 0000000000080,00	 0000000000000,00	 0000000001848,00
4100900	 0000000000000,00	 0000000000000,00	 0000000000000,00	 0000000000000,00
4150000	-0000000235279,00	-0000000274293,00	 0000000000000,00	-0000000036384,00
4150100	-0000000000309,00	 0000000000000,00	 0000000000000,00	 0000000000000,00
4150200	-0000000017696,00	-0000000000256,00	 0000000000000,00	 0000000000000,00
4150300	-0000000212002,00	-0000000134700,00	 0000000000000,00	-0000000022505,00
4150400	-0000000003219,00	-0000000000022,00	 0000000000000,00	-0000000000054,00
4150500	-0000000001924,00	-0000000134032,00	 0000000000000,00	-0000000003987,00
4150600	-0000000000129,00	-0000000000815,00	 0000000000000,00	-0000000010634,00
4150800	 0000000000000,00	-0000000004465,00	 0000000000000,00	-0000000000169,00
4150900	 0000000000000,00	-0000000000003,00	 0000000000000,00	 0000000000965,00
4200000	 0000000172011,00	 0000000003092,00	 0000000000017,00	 0000000003211,00
4200100	 0000000021033,00	 0000000000000,00	 0000000000000,00	 0000000000051,00
4200200	 0000000002009,00	 0000000003058,00	 0000000000017,00	 0000000000517,00
4200300	 0000000041392,00	 0000000000000,00	 0000000000000,00	 0000000000000,00
4200400	 0000000005435,00	 0000000000000,00	 0000000000000,00	 0000000000000,00
4200500	 0000000031026,00	 0000000000034,00	 0000000000000,00	 0000000000003,00
4200600	 0000000010633,00	 0000000000000,00	 0000000000000,00	 0000000000000,00
4200700	 0000000026420,00	 0000000000000,00	 0000000000000,00	 0000000002504,00
4200800	 0000000012570,00	 0000000000000,00	 0000000000000,00	 0000000000000,00
4200900	 0000000021493,00	 0000000000000,00	 0000000000000,00	 0000000000136,00
4250000	-0000000035976,00	 0000000000000,00	 0000000000000,00	-0000000000103,00
4250100	-0000000015855,00	 0000000000000,00	 0000000000000,00	 0000000000000,00
4250200	-0000000000884,00	 0000000000000,00	 0000000000000,00	 0000000000000,00
4250300	-0000000019237,00	 0000000000000,00	 0000000000000,00	-0000000000103,00
4300000	 0000000044135,00	 0000000015689,00	 0000000000104,00	-0000000020198,00
4300100	 0000000009354,00	 0000000015287,00	 0000000000104,00	 0000000004263,00
4300200	 0000000034766,00	 0000000000537,00	 0000000000000,00	-0000000024461,00
4300300	 0000000000023,00	-0000000000135,00	 0000000000000,00	 0000000000000,00
4300400	 0000000000000,00	 0000000000000,00	 0000000000000,00	 0000000000000,00
4300500	-0000000000008,00	 0000000000000,00	 0000000000000,00	 0000000000000,00
4350000	-0000000010446,00	 0000000000000,00	-0000000005951,00	 0000000001441,00
4350100	-0000000010446,00	 0000000000000,00	 0000000000000,00	 0000000001441,00
4350200	 0000000000000,00	 0000000000000,00	-0000000005951,00	 0000000000000,00
4350900	 0000000000000,00	 0000000000000,00	 0000000000000,00	 0000000000000,00
4400000	 0000000061016,00	 0000000000000,00	 0000000000000,00	 0000000009520,00
4400100	 0000000004783,00	 0000000000000,00	 0000000000000,00	 0000000000000,00
4400200	 0000000000419,00	 0000000000000,00	 0000000000000,00	 0000000000000,00
4400300	 0000000055814,00	 0000000000000,00	 0000000000000,00	 0000000009520,00
4500000	-0000000080153,00	 0000000000000,00	 0000000000000,00	 0000000000014,00
4500100	-0000000104252,00	 0000000000000,00	 0000000000000,00	 0000000000000,00
4500200	-0000000000932,00	 0000000000000,00	 0000000000000,00	 0000000000000,00
4500900	 0000000025031,00	 0000000000000,00	 0000000000000,00	 0000000000014,00
4500901	 0000000010087,00	 0000000000000,00	 0000000000000,00	 0000000000014,00
4500911	 0000000002318,00	 0000000000000,00	 0000000000000,00	 0000000000000,00
4500921	 0000000012626,00	 0000000000000,00	 0000000000000,00	 0000000000000,00
4600000	-0000000217179,00	 0000000000000,00	 0000000000000,00	 0000000000000,00
4610000	-0000000111636,00	 0000000000000,00	 0000000000000,00	-0000000000011,00
4610100	-0000000085376,00	 0000000000000,00	 0000000000000,00	-0000000000011,00
4610200	-0000000002001,00	 0000000000000,00	 0000000000000,00	 0000000000000,00
4610300	-0000000001447,00	 0000000000000,00	 0000000000000,00	 0000000000000,00
4610400	-0000000016815,00	 0000000000000,00	 0000000000000,00	 0000000000000,00
4610500	-0000000005997,00	 0000000000000,00	 0000000000000,00	 0000000000000,00
4620000	-0000000023634,00	 0000000000000,00	 0000000000000,00	 0000000000000,00
4630000	 0000000000000,00	 0000000000000,00	 0000000000000,00	 0000000000000,00
4650000	-0000000031110,00	 0000000000000,00	 0000000000000,00	-0000000000273,00
4650100	-0000000003583,00	 0000000000000,00	 0000000000000,00	 0000000000000,00
4650200	-0000000000074,00	 0000000000000,00	 0000000000000,00	 0000000000000,00
4650201	 0000000000000,00	 0000000000000,00	 0000000000000,00	 0000000000000,00
4650211	 0000000000000,00	 0000000000000,00	 0000000000000,00	 0000000000000,00
4650212	-0000000000074,00	 0000000000000,00	 0000000000000,00	 0000000000000,00
4650290	 0000000000000,00	 0000000000000,00	 0000000000000,00	 0000000000000,00
4650900	-0000000027453,00	 0000000000000,00	 0000000000000,00	-0000000000273,00
4700000	 0000000002888,00	 0000000000000,00	 0000000000000,00	 0000000000000,00
4700100	 0000000002888,00	 0000000000000,00	 0000000000000,00	 0000000000000,00
4700101	 0000000000000,00	 0000000000000,00	 0000000000000,00	 0000000000000,00
4700102	 0000000000000,00	 0000000000000,00	 0000000000000,00	 0000000000000,00
4700103	 0000000002888,00	 0000000000000,00	 0000000000000,00	 0000000000000,00
4700110	 0000000000000,00	 0000000000000,00	 0000000000000,00	 0000000000000,00
4700200	 0000000000000,00	 0000000000000,00	 0000000000000,00	 0000000000000,00
4700201	 0000000000000,00	 0000000000000,00	 0000000000000,00	 0000000000000,00
4700202	 0000000000000,00	 0000000000000,00	 0000000000000,00	 0000000000000,00
4700203	 0000000000000,00	 0000000000000,00	 0000000000000,00	 0000000000000,00
4700210	 0000000000000,00	 0000000000000,00	 0000000000000,00	 0000000000000,00
4710000	-0000000052553,00	 0000000000000,00	 0000000000000,00	 0000000000000,00
4800000	-0000000027758,00	 0000000000000,00	 0000000000000,00	-0000000000009,00
4800001	-0000000033054,00	 0000000000000,00	 0000000000000,00	-0000000000009,00
4850000	 0000000000000,00	 0000000000000,00	 0000000000000,00	 0000000000000,00
4900000	-0000000000002,00	 0000000000000,00	 0000000000000,00	 0000000000000,00
5003000	 0000000245377,00	 0000000235551,00	 0000000002851,00	 0000000007163,00
5004000	 0000000136035,00	 0000000003092,00	 0000000000017,00	 0000000003108,00
5005000	 0000000476117,00	 0000000254332,00	-0000000002979,00	 0000000001034,00
5006000	 0000000395964,00	 0000000254332,00	-0000000002979,00	 0000000001048,00
5007000	 0000000012405,00	 0000000254332,00	-0000000002979,00	 0000000000764,00
5008000	-0000000037260,00	 0000000254332,00	-0000000002979,00	 0000000000764,00
5009000	-0000000065018,00	 0000000254332,00	-0000000002979,00	 0000000000755,00
5010000	-0000000065018,00	 0000000254332,00	-0000000002979,00	 0000000000755,00
