037	BANCO SANTANDER-CHILE                   
4100000	 0000000455935,00	 0000000003046,00	 0000000000926,00	 0000000033464,00
4100100	 0000000009536,00	 0000000000196,00	 0000000000000,00	 0000000000000,00
4100200	 0000000000165,00	 0000000000000,00	 0000000000000,00	 0000000000000,00
4100300	 0000000188369,00	 0000000004020,00	 0000000000926,00	 0000000030508,00
4100399	 0000000001219,00	 0000000000142,00	 0000000000000,00	 0000000000000,00
4100400	 0000000000215,00	-0000000002345,00	 0000000000000,00	 0000000000000,00
4100499	 0000000000010,00	 0000000000288,00	 0000000000000,00	 0000000000000,00
4100500	 0000000223401,00	 0000000001841,00	 0000000000000,00	 0000000000001,00
4100599	 0000000001312,00	 0000000000016,00	 0000000000000,00	 0000000000000,00
4100600	 0000000005519,00	-0000000003656,00	 0000000000000,00	 0000000000076,00
4100800	 0000000009827,00	 0000000002990,00	 0000000000000,00	 0000000000809,00
4100900	 0000000018903,00	 0000000000000,00	 0000000000000,00	 0000000002070,00
4150000	-0000000142608,00	 0000000030973,00	-0000000000030,00	-0000000039200,00
4150100	-0000000000489,00	-0000000000202,00	 0000000000000,00	 0000000000000,00
4150200	-0000000014067,00	 0000000000151,00	 0000000000000,00	-0000000000044,00
4150300	-0000000124623,00	 0000000026080,00	 0000000000000,00	-0000000015576,00
4150400	-0000000000988,00	 0000000000090,00	 0000000000000,00	-0000000012805,00
4150500	 0000000000000,00	 0000000008902,00	 0000000000000,00	-0000000010756,00
4150600	-0000000000790,00	-0000000002653,00	-0000000000030,00	-0000000000001,00
4150800	-0000000001651,00	-0000000000107,00	 0000000000000,00	-0000000000018,00
4150900	 0000000000000,00	-0000000001288,00	 0000000000000,00	 0000000000000,00
4200000	 0000000124168,00	 0000000001794,00	 0000000000000,00	 0000000003045,00
4200100	 0000000013125,00	 0000000000000,00	 0000000000000,00	 0000000000012,00
4200200	 0000000005771,00	 0000000001794,00	 0000000000000,00	 0000000002692,00
4200300	 0000000038747,00	 0000000000000,00	 0000000000000,00	 0000000000000,00
4200400	 0000000011932,00	 0000000000000,00	 0000000000000,00	 0000000000065,00
4200500	 0000000026406,00	 0000000000000,00	 0000000000000,00	 0000000000000,00
4200600	 0000000002907,00	 0000000000000,00	 0000000000000,00	 0000000000000,00
4200700	 0000000011050,00	 0000000000000,00	 0000000000000,00	 0000000000000,00
4200800	 0000000006032,00	 0000000000000,00	 0000000000000,00	 0000000000000,00
4200900	 0000000008198,00	 0000000000000,00	 0000000000000,00	 0000000000276,00
4250000	-0000000024780,00	 0000000000000,00	 0000000000000,00	-0000000001328,00
4250100	-0000000019141,00	 0000000000000,00	 0000000000000,00	 0000000000000,00
4250200	-0000000000530,00	 0000000000000,00	 0000000000000,00	 0000000000000,00
4250300	-0000000005109,00	 0000000000000,00	 0000000000000,00	-0000000001328,00
4300000	 0000000034944,00	-0000000006730,00	 0000000000000,00	 0000000000850,00
4300100	 0000000033270,00	-0000000004775,00	 0000000000000,00	 0000000000623,00
4300200	-0000000041170,00	 0000000000000,00	 0000000000000,00	 0000000000230,00
4300300	 0000000042502,00	-0000000001955,00	 0000000000000,00	-0000000000003,00
4300400	 0000000000018,00	 0000000000000,00	 0000000000000,00	 0000000000000,00
4300500	 0000000000324,00	 0000000000000,00	 0000000000000,00	 0000000000000,00
4350000	 0000000041460,00	 0000000000000,00	 0000000019891,00	-0000000000099,00
4350100	 0000000178406,00	 0000000000000,00	 0000000000000,00	 0000000000000,00
4350200	 0000000000000,00	 0000000000000,00	 0000000019891,00	-0000000000097,00
4350900	-0000000136946,00	 0000000000000,00	 0000000000000,00	-0000000000002,00
4400000	 0000000003353,00	 0000000000000,00	 0000000000000,00	 0000000000003,00
4400100	 0000000001861,00	 0000000000000,00	 0000000000000,00	 0000000000000,00
4400200	 0000000000001,00	 0000000000000,00	 0000000000000,00	 0000000000000,00
4400300	 0000000001491,00	 0000000000000,00	 0000000000000,00	 0000000000003,00
4500000	-0000000156793,00	 0000000000000,00	 0000000000000,00	 0000000000000,00
4500100	-0000000171757,00	 0000000000000,00	 0000000000000,00	 0000000000000,00
4500200	-0000000000044,00	 0000000000000,00	 0000000000000,00	 0000000000000,00
4500900	 0000000015008,00	 0000000000000,00	 0000000000000,00	 0000000000000,00
4500901	 0000000012904,00	 0000000000000,00	 0000000000000,00	 0000000000000,00
4500911	 0000000001070,00	 0000000000000,00	 0000000000000,00	 0000000000000,00
4500921	 0000000001022,00	 0000000000000,00	 0000000000000,00	 0000000000000,00
4600000	-0000000093550,00	 0000000000000,00	 0000000000000,00	 0000000000000,00
4610000	-0000000056856,00	 0000000000000,00	 0000000000000,00	-0000000000030,00
4610100	-0000000038071,00	 0000000000000,00	 0000000000000,00	-0000000000030,00
4610200	-0000000008968,00	 0000000000000,00	 0000000000000,00	 0000000000000,00
4610300	-0000000000270,00	 0000000000000,00	 0000000000000,00	 0000000000000,00
4610400	-0000000005781,00	 0000000000000,00	 0000000000000,00	 0000000000000,00
4610500	-0000000003766,00	 0000000000000,00	 0000000000000,00	 0000000000000,00
4620000	-0000000018568,00	 0000000000000,00	 0000000000000,00	 0000000000000,00
4630000	 0000000000000,00	 0000000000000,00	 0000000000000,00	 0000000000000,00
4650000	-0000000026078,00	 0000000000000,00	 0000000000000,00	-0000000000105,00
4650100	-0000000003878,00	 0000000000000,00	 0000000000000,00	 0000000000000,00
4650200	-0000000010564,00	 0000000000000,00	 0000000000000,00	 0000000000000,00
4650201	 0000000000000,00	 0000000000000,00	 0000000000000,00	 0000000000000,00
4650211	 0000000000000,00	 0000000000000,00	 0000000000000,00	 0000000000000,00
4650212	 0000000000000,00	 0000000000000,00	 0000000000000,00	 0000000000000,00
4650290	-0000000010564,00	 0000000000000,00	 0000000000000,00	 0000000000000,00
4650900	-0000000011636,00	 0000000000000,00	 0000000000000,00	-0000000000105,00
4700000	 0000000000537,00	 0000000000000,00	 0000000000000,00	 0000000000000,00
4700100	 0000000000656,00	 0000000000000,00	 0000000000000,00	 0000000000000,00
4700101	 0000000000000,00	 0000000000000,00	 0000000000000,00	 0000000000000,00
4700102	 0000000000000,00	 0000000000000,00	 0000000000000,00	 0000000000000,00
4700103	 0000000000614,00	 0000000000000,00	 0000000000000,00	 0000000000000,00
4700110	 0000000000042,00	 0000000000000,00	 0000000000000,00	 0000000000000,00
4700200	-0000000000119,00	 0000000000000,00	 0000000000000,00	 0000000000000,00
4700201	 0000000000000,00	 0000000000000,00	 0000000000000,00	 0000000000000,00
4700202	 0000000000000,00	 0000000000000,00	 0000000000000,00	 0000000000000,00
4700203	-0000000000119,00	 0000000000000,00	 0000000000000,00	 0000000000000,00
4700210	 0000000000000,00	 0000000000000,00	 0000000000000,00	 0000000000000,00
4800000	-0000000031870,00	 0000000000000,00	 0000000000000,00	 0000000000000,00
4800001	-0000000046331,00	 0000000000000,00	 0000000000000,00	 0000000000000,00
4850000	 0000000000000,00	 0000000000000,00	 0000000000000,00	 0000000000000,00
4900000	 0000000003546,00	 0000000000000,00	 0000000000000,00	 0000000000000,00
5003000	 0000000313327,00	 0000000034019,00	 0000000000896,00	-0000000005736,00
5004000	 0000000099388,00	 0000000001794,00	 0000000000000,00	 0000000001717,00
5005000	 0000000492472,00	 0000000029083,00	 0000000020787,00	-0000000003265,00
5006000	 0000000335679,00	 0000000029083,00	 0000000020787,00	-0000000003265,00
5007000	 0000000140627,00	 0000000029083,00	 0000000020787,00	-0000000003400,00
5008000	 0000000141164,00	 0000000029083,00	 0000000020787,00	-0000000003400,00
5009000	 0000000109294,00	 0000000029083,00	 0000000020787,00	-0000000003400,00
5010000	 0000000109294,00	 0000000029083,00	 0000000020787,00	-0000000003400,00
