055	BANCO CONSORCIO                                                         
1000000	 0000000281494,00	 0000000257804,00	 0000000000000,00	 0000000146987,00
1100000	 0000000008650,00	 0000000000000,00	 0000000000000,00	 0000000010290,00
1100100	 0000000000105,00	 0000000000000,00	 0000000000000,00	 0000000000088,00
1100200	 0000000007311,00	 0000000000000,00	 0000000000000,00	 0000000000005,00
1100300	 0000000001234,00	 0000000000000,00	 0000000000000,00	 0000000000621,00
1100400	 0000000000000,00	 0000000000000,00	 0000000000000,00	 0000000009576,00
1130000	 0000000026524,00	 0000000000000,00	 0000000000000,00	 0000000029605,00
1130100	 0000000003136,00	 0000000000000,00	 0000000000000,00	 0000000000000,00
1130200	 0000000023388,00	 0000000000000,00	 0000000000000,00	 0000000029605,00
1150000	 0000000018007,00	 0000000000000,00	 0000000000000,00	 0000000022141,00
1150100	 0000000000000,00	 0000000000000,00	 0000000000000,00	 0000000000000,00
1150200	 0000000000000,00	 0000000000000,00	 0000000000000,00	 0000000000000,00
1150300	 0000000000000,00	 0000000000000,00	 0000000000000,00	 0000000000000,00
1150400	 0000000018007,00	 0000000000000,00	 0000000000000,00	 0000000022141,00
1160000	 0000000000000,00	 0000000000000,00	 0000000000000,00	 0000000000000,00
1160100	 0000000000000,00	 0000000000000,00	 0000000000000,00	 0000000000000,00
1160200	 0000000000000,00	 0000000000000,00	 0000000000000,00	 0000000000000,00
1250000	 0000000003559,00	 0000000000253,00	 0000000000000,00	 0000000000000,00
1250100	 0000000003559,00	 0000000000253,00	 0000000000000,00	 0000000000000,00
1250200	 0000000000000,00	 0000000000000,00	 0000000000000,00	 0000000000000,00
1270000	 0000000024979,00	 0000000000000,00	 0000000000000,00	 0000000000000,00
1270100	 0000000024979,00	 0000000000000,00	 0000000000000,00	 0000000000000,00
1270112	 0000000025000,00	 0000000000000,00	 0000000000000,00	 0000000000000,00
1270113	 0000000000000,00	 0000000000000,00	 0000000000000,00	 0000000000000,00
1270116	 0000000000000,00	 0000000000000,00	 0000000000000,00	 0000000000000,00
1270117	 0000000000000,00	 0000000000000,00	 0000000000000,00	 0000000000000,00
1270118	 0000000000000,00	 0000000000000,00	 0000000000000,00	 0000000000000,00
1270190	-0000000000021,00	 0000000000000,00	 0000000000000,00	 0000000000000,00
1270200	 0000000000000,00	 0000000000000,00	 0000000000000,00	 0000000000000,00
1270202	 0000000000000,00	 0000000000000,00	 0000000000000,00	 0000000000000,00
1270203	 0000000000000,00	 0000000000000,00	 0000000000000,00	 0000000000000,00
1270206	 0000000000000,00	 0000000000000,00	 0000000000000,00	 0000000000000,00
1270207	 0000000000000,00	 0000000000000,00	 0000000000000,00	 0000000000000,00
1270208	 0000000000000,00	 0000000000000,00	 0000000000000,00	 0000000000000,00
1270290	 0000000000000,00	 0000000000000,00	 0000000000000,00	 0000000000000,00
1270300	 0000000000000,00	 0000000000000,00	 0000000000000,00	 0000000000000,00
1300000	 0000000079684,00	 0000000057910,00	 0000000000000,00	 0000000007206,00
1302000	 0000000031456,00	 0000000032223,00	 0000000000000,00	 0000000007206,00
1302100	 0000000009349,00	 0000000029208,00	 0000000000000,00	 0000000003338,00
1302101	 0000000009349,00	 0000000026805,00	 0000000000000,00	 0000000003338,00
1302102	 0000000000000,00	 0000000000000,00	 0000000000000,00	 0000000000000,00
1302170	 0000000000000,00	 0000000000000,00	 0000000000000,00	 0000000000000,00
1302180	 0000000000000,00	 0000000002403,00	 0000000000000,00	 0000000000000,00
1302200	 0000000000358,00	 0000000000000,00	 0000000000000,00	 0000000002672,00
1302201	 0000000000000,00	 0000000000000,00	 0000000000000,00	 0000000000000,00
1302202	 0000000000358,00	 0000000000000,00	 0000000000000,00	 0000000002672,00
1302241	 0000000000000,00	 0000000000000,00	 0000000000000,00	 0000000000000,00
1302242	 0000000000000,00	 0000000000000,00	 0000000000000,00	 0000000000000,00
1302281	 0000000000000,00	 0000000000000,00	 0000000000000,00	 0000000000000,00
1302282	 0000000000000,00	 0000000000000,00	 0000000000000,00	 0000000000000,00
1302300	 0000000000081,00	 0000000000000,00	 0000000000000,00	 0000000000000,00
1302500	 0000000021338,00	 0000000001657,00	 0000000000000,00	 0000000001136,00
1302800	 0000000000322,00	 0000000001358,00	 0000000000000,00	 0000000000000,00
1302900	 0000000000008,00	 0000000000000,00	 0000000000000,00	 0000000000060,00
1304000	 0000000000000,00	 0000000025687,00	 0000000000000,00	 0000000000000,00
1304100	 0000000000000,00	 0000000000000,00	 0000000000000,00	 0000000000000,00
1304101	 0000000000000,00	 0000000000000,00	 0000000000000,00	 0000000000000,00
1304102	 0000000000000,00	 0000000000000,00	 0000000000000,00	 0000000000000,00
1304200	 0000000000000,00	 0000000016047,00	 0000000000000,00	 0000000000000,00
1304500	 0000000000000,00	 0000000000000,00	 0000000000000,00	 0000000000000,00
1304600	 0000000000000,00	 0000000000000,00	 0000000000000,00	 0000000000000,00
1304800	 0000000000000,00	 0000000000000,00	 0000000000000,00	 0000000000000,00
1304900	 0000000000000,00	 0000000009640,00	 0000000000000,00	 0000000000000,00
1305000	 0000000053904,00	 0000000000000,00	 0000000000000,00	 0000000000000,00
1305100	 0000000053904,00	 0000000000000,00	 0000000000000,00	 0000000000000,00
1305300	 0000000000000,00	 0000000000000,00	 0000000000000,00	 0000000000000,00
1305400	 0000000000000,00	 0000000000000,00	 0000000000000,00	 0000000000000,00
1305800	 0000000000000,00	 0000000000000,00	 0000000000000,00	 0000000000000,00
1305900	 0000000000000,00	 0000000000000,00	 0000000000000,00	 0000000000000,00
1309000	-0000000005676,00	 0000000000000,00	 0000000000000,00	 0000000000000,00
1309100	-0000000001774,00	 0000000000000,00	 0000000000000,00	 0000000000000,00
1309200	-0000000000265,00	 0000000000000,00	 0000000000000,00	 0000000000000,00
1309300	-0000000003637,00	 0000000000000,00	 0000000000000,00	 0000000000000,00
1350000	 0000000108423,00	 0000000199641,00	 0000000000000,00	 0000000077212,00
1350100	 0000000035906,00	 0000000021451,00	 0000000000000,00	 0000000000000,00
1350200	 0000000072517,00	 0000000178190,00	 0000000000000,00	 0000000026758,00
1350300	 0000000000000,00	 0000000000000,00	 0000000000000,00	 0000000050454,00
1360000	 0000000000000,00	 0000000000000,00	 0000000000000,00	 0000000000000,00
1360100	 0000000000000,00	 0000000000000,00	 0000000000000,00	 0000000000000,00
1360200	 0000000000000,00	 0000000000000,00	 0000000000000,00	 0000000000000,00
1360300	 0000000000000,00	 0000000000000,00	 0000000000000,00	 0000000000000,00
1400000	 0000000000008,00	 0000000000000,00	 0000000000000,00	 0000000000000,00
1400100	 0000000000000,00	 0000000000000,00	 0000000000000,00	 0000000000000,00
1400101	 0000000000000,00	 0000000000000,00	 0000000000000,00	 0000000000000,00
1400102	 0000000000000,00	 0000000000000,00	 0000000000000,00	 0000000000000,00
1400103	 0000000000000,00	 0000000000000,00	 0000000000000,00	 0000000000000,00
1400200	 0000000000008,00	 0000000000000,00	 0000000000000,00	 0000000000000,00
1500000	 0000000000552,00	 0000000000000,00	 0000000000000,00	 0000000000000,00
1500100	 0000000000000,00	 0000000000000,00	 0000000000000,00	 0000000000000,00
1500200	 0000000000552,00	 0000000000000,00	 0000000000000,00	 0000000000000,00
1600000	 0000000006351,00	 0000000000000,00	 0000000000000,00	 0000000000000,00
1600100	 0000000004961,00	 0000000000000,00	 0000000000000,00	 0000000000000,00
1600200	 0000000001390,00	 0000000000000,00	 0000000000000,00	 0000000000000,00
1700000	 0000000001973,00	 0000000000000,00	 0000000000000,00	 0000000000000,00
1750000	 0000000001185,00	 0000000000000,00	 0000000000000,00	 0000000000000,00
1800000	 0000000001599,00	 0000000000000,00	 0000000000000,00	 0000000000533,00
1800100	 0000000000000,00	 0000000000000,00	 0000000000000,00	 0000000000000,00
1800200	 0000000000000,00	 0000000000000,00	 0000000000000,00	 0000000000000,00
1800900	 0000000001599,00	 0000000000000,00	 0000000000000,00	 0000000000533,00
2000000	 0000000435082,00	 0000000011516,00	 0000000000000,00	 0000000163828,00
2100000	 0000000002750,00	 0000000008701,00	 0000000000000,00	 0000000001153,00
2100100	 0000000000125,00	 0000000000000,00	 0000000000000,00	 0000000000536,00
2100109	 0000000000121,00	 0000000000000,00	 0000000000000,00	 0000000000536,00
2100110	 0000000000004,00	 0000000000000,00	 0000000000000,00	 0000000000000,00
2100200	 0000000000282,00	 0000000000000,00	 0000000000000,00	 0000000000000,00
2100300	 0000000002343,00	 0000000008701,00	 0000000000000,00	 0000000000617,00
2130000	 0000000025170,00	 0000000000000,00	 0000000000000,00	 0000000035247,00
2160000	 0000000000000,00	 0000000000000,00	 0000000000000,00	 0000000000000,00
2160100	 0000000000000,00	 0000000000000,00	 0000000000000,00	 0000000000000,00
2160200	 0000000000000,00	 0000000000000,00	 0000000000000,00	 0000000000000,00
2200000	 0000000398406,00	 0000000002800,00	 0000000000000,00	 0000000127296,00
2200100	 0000000398406,00	 0000000002800,00	 0000000000000,00	 0000000127296,00
2200200	 0000000000000,00	 0000000000000,00	 0000000000000,00	 0000000000000,00
2200900	 0000000000000,00	 0000000000000,00	 0000000000000,00	 0000000000000,00
2250000	 0000000003375,00	 0000000000015,00	 0000000000000,00	 0000000000000,00
2250100	 0000000003375,00	 0000000000015,00	 0000000000000,00	 0000000000000,00
2250200	 0000000000000,00	 0000000000000,00	 0000000000000,00	 0000000000000,00
2300000	 0000000000000,00	 0000000000000,00	 0000000000000,00	 0000000000120,00
2301000	 0000000000000,00	 0000000000000,00	 0000000000000,00	 0000000000000,00
2301001	 0000000000000,00	 0000000000000,00	 0000000000000,00	 0000000000000,00
2302000	 0000000000000,00	 0000000000000,00	 0000000000000,00	 0000000000120,00
2302100	 0000000000000,00	 0000000000000,00	 0000000000000,00	 0000000000000,00
2302200	 0000000000000,00	 0000000000000,00	 0000000000000,00	 0000000000120,00
2303000	 0000000000000,00	 0000000000000,00	 0000000000000,00	 0000000000000,00
2303100	 0000000000000,00	 0000000000000,00	 0000000000000,00	 0000000000000,00
2303900	 0000000000000,00	 0000000000000,00	 0000000000000,00	 0000000000000,00
2400000	 0000000000000,00	 0000000000000,00	 0000000000000,00	 0000000000000,00
2401000	 0000000000000,00	 0000000000000,00	 0000000000000,00	 0000000000000,00
2402000	 0000000000000,00	 0000000000000,00	 0000000000000,00	 0000000000000,00
2402100	 0000000000000,00	 0000000000000,00	 0000000000000,00	 0000000000000,00
2402200	 0000000000000,00	 0000000000000,00	 0000000000000,00	 0000000000000,00
2500000	 0000000000000,00	 0000000000000,00	 0000000000000,00	 0000000000000,00
2500100	 0000000000000,00	 0000000000000,00	 0000000000000,00	 0000000000000,00
2500200	 0000000000000,00	 0000000000000,00	 0000000000000,00	 0000000000000,00
2500300	 0000000000000,00	 0000000000000,00	 0000000000000,00	 0000000000000,00
2600000	 0000000001286,00	 0000000000000,00	 0000000000000,00	 0000000000000,00
2650000	 0000000000362,00	 0000000000000,00	 0000000000000,00	 0000000000000,00
2700000	 0000000002390,00	 0000000000000,00	 0000000000000,00	 0000000000000,00
2700100	 0000000000484,00	 0000000000000,00	 0000000000000,00	 0000000000000,00
2700200	 0000000001879,00	 0000000000000,00	 0000000000000,00	 0000000000000,00
2700300	 0000000000027,00	 0000000000000,00	 0000000000000,00	 0000000000000,00
2700400	 0000000000000,00	 0000000000000,00	 0000000000000,00	 0000000000000,00
2700401	 0000000000000,00	 0000000000000,00	 0000000000000,00	 0000000000000,00
2700402	 0000000000000,00	 0000000000000,00	 0000000000000,00	 0000000000000,00
2700411	 0000000000000,00	 0000000000000,00	 0000000000000,00	 0000000000000,00
2700412	 0000000000000,00	 0000000000000,00	 0000000000000,00	 0000000000000,00
2700413	 0000000000000,00	 0000000000000,00	 0000000000000,00	 0000000000000,00
2700421	 0000000000000,00	 0000000000000,00	 0000000000000,00	 0000000000000,00
2700422	 0000000000000,00	 0000000000000,00	 0000000000000,00	 0000000000000,00
2700423	 0000000000000,00	 0000000000000,00	 0000000000000,00	 0000000000000,00
2700490	 0000000000000,00	 0000000000000,00	 0000000000000,00	 0000000000000,00
2800000	 0000000001343,00	 0000000000000,00	 0000000000000,00	 0000000000012,00
3000000	 0000000064441,00	 0000000011418,00	 0000000000000,00	 0000000000000,00
3101000	 0000000071836,00	 0000000000000,00	 0000000000000,00	 0000000000000,00
3102000	 0000000000000,00	 0000000000000,00	 0000000000000,00	 0000000000000,00
3103000	-0000000000377,00	 0000000000000,00	 0000000000000,00	 0000000000000,00
3104000	-0000000007034,00	 0000000011418,00	 0000000000000,00	 0000000000000,00
3104100	 0000000000000,00	 0000000000000,00	 0000000000000,00	 0000000000000,00
3104200	-0000000005155,00	 0000000011418,00	 0000000000000,00	 0000000000000,00
3104300	-0000000001879,00	 0000000000000,00	 0000000000000,00	 0000000000000,00
3200000	 0000000000016,00	 0000000000000,00	 0000000000000,00	 0000000000000,00
5001000	 0000000064425,00	 0000000011418,00	 0000000000000,00	 0000000000000,00
5002000	 0000000499523,00	 0000000022934,00	 0000000000000,00	 0000000163828,00
5100000	 0000000085360,00	 0000000057910,00	 0000000000000,00	 0000000007206,00
