027	CORPBANCA                               
4100000	 0000000209040,00	 0000000193526,00	 0000000001598,00	 0000000019413,00
4100100	 0000000002887,00	 0000000000013,00	 0000000000000,00	 0000000000016,00
4100200	 0000000000772,00	 0000000000000,00	 0000000000000,00	 0000000001308,00
4100300	 0000000135356,00	 0000000089678,00	 0000000000161,00	 0000000016961,00
4100399	 0000000000664,00	 0000000000117,00	 0000000000000,00	 0000000000003,00
4100400	 0000000000180,00	 0000000071905,00	 0000000000000,00	 0000000000000,00
4100499	 0000000000000,00	 0000000000000,00	 0000000000000,00	 0000000000000,00
4100500	 0000000059518,00	 0000000002102,00	 0000000000000,00	 0000000000000,00
4100599	 0000000000768,00	 0000000000000,00	 0000000000000,00	 0000000000000,00
4100600	 0000000006040,00	 0000000029110,00	 0000000001437,00	 0000000001035,00
4100800	 0000000004287,00	 0000000000718,00	 0000000000000,00	 0000000000093,00
4100900	 0000000000000,00	 0000000000000,00	 0000000000000,00	 0000000000000,00
4150000	-0000000160487,00	-0000000092245,00	-0000000000084,00	-0000000010967,00
4150100	-0000000000010,00	-0000000000061,00	 0000000000000,00	-0000000000003,00
4150200	-0000000006604,00	-0000000000218,00	 0000000000000,00	 0000000000000,00
4150300	-0000000141292,00	-0000000013870,00	 0000000000000,00	-0000000005299,00
4150400	-0000000001356,00	 0000000000000,00	 0000000000000,00	-0000000005528,00
4150500	-0000000009558,00	-0000000076229,00	 0000000000000,00	-0000000000137,00
4150600	-0000000000032,00	-0000000000806,00	-0000000000084,00	 0000000000000,00
4150800	-0000000000056,00	-0000000001061,00	 0000000000000,00	 0000000000000,00
4150900	-0000000001579,00	 0000000000000,00	 0000000000000,00	 0000000000000,00
4200000	 0000000058391,00	 0000000000000,00	 0000000000000,00	 0000000001614,00
4200100	 0000000005671,00	 0000000000000,00	 0000000000000,00	 0000000001018,00
4200200	 0000000003150,00	 0000000000000,00	 0000000000000,00	 0000000000496,00
4200300	 0000000008705,00	 0000000000000,00	 0000000000000,00	 0000000000001,00
4200400	 0000000005281,00	 0000000000000,00	 0000000000000,00	 0000000000008,00
4200500	 0000000007968,00	 0000000000000,00	 0000000000000,00	 0000000000046,00
4200600	 0000000003325,00	 0000000000000,00	 0000000000000,00	 0000000000024,00
4200700	 0000000005557,00	 0000000000000,00	 0000000000000,00	 0000000000000,00
4200800	 0000000007055,00	 0000000000000,00	 0000000000000,00	 0000000000000,00
4200900	 0000000011679,00	 0000000000000,00	 0000000000000,00	 0000000000021,00
4250000	-0000000009454,00	 0000000000000,00	 0000000000000,00	-0000000000302,00
4250100	-0000000005653,00	 0000000000000,00	 0000000000000,00	 0000000000000,00
4250200	-0000000000151,00	 0000000000000,00	 0000000000000,00	-0000000000022,00
4250300	-0000000003650,00	 0000000000000,00	 0000000000000,00	-0000000000280,00
4300000	 0000000235599,00	 0000000005487,00	-0000000167052,00	-0000000000642,00
4300100	 0000000007157,00	 0000000003553,00	 0000000000001,00	 0000000000593,00
4300200	 0000000221835,00	 0000000000000,00	-0000000167019,00	-0000000001622,00
4300300	 0000000004235,00	 0000000001934,00	-0000000000034,00	 0000000000391,00
4300400	 0000000002550,00	 0000000000000,00	 0000000000000,00	-0000000000028,00
4300500	-0000000000178,00	 0000000000000,00	 0000000000000,00	 0000000000024,00
4350000	-0000000005407,00	 0000000000000,00	 0000000000661,00	-0000000000051,00
4350100	-0000000006614,00	 0000000000000,00	 0000000000000,00	-0000000000051,00
4350200	 0000000000000,00	 0000000000000,00	 0000000000443,00	 0000000000000,00
4350900	 0000000001207,00	 0000000000000,00	 0000000000218,00	 0000000000000,00
4400000	 0000000008295,00	 0000000000006,00	 0000000000000,00	 0000000000005,00
4400100	 0000000000969,00	 0000000000000,00	 0000000000000,00	 0000000000000,00
4400200	 0000000000078,00	 0000000000000,00	 0000000000000,00	 0000000000000,00
4400300	 0000000007248,00	 0000000000006,00	 0000000000000,00	 0000000000005,00
4500000	-0000000037619,00	 0000000000000,00	 0000000000000,00	-0000000000575,00
4500100	-0000000049106,00	 0000000000000,00	 0000000000000,00	 0000000000172,00
4500200	 0000000001291,00	 0000000000000,00	 0000000000000,00	-0000000000003,00
4500700	 0000000001637,00	 0000000000000,00	 0000000000000,00	 0000000000000,00
4500800	-0000000001313,00	 0000000000000,00	 0000000000000,00	-0000000000749,00
4500900	 0000000009872,00	 0000000000000,00	 0000000000000,00	 0000000000005,00
4500901	 0000000001336,00	 0000000000000,00	 0000000000000,00	 0000000000005,00
4500911	 0000000000457,00	 0000000000000,00	 0000000000000,00	 0000000000000,00
4500921	 0000000008079,00	 0000000000000,00	 0000000000000,00	 0000000000000,00
4600000	-0000000063089,00	 0000000000000,00	 0000000000000,00	-0000000001373,00
4610000	-0000000042345,00	 0000000000000,00	 0000000000000,00	-0000000000820,00
4610100	-0000000032604,00	 0000000000000,00	 0000000000000,00	-0000000000727,00
4610200	-0000000003477,00	 0000000000000,00	 0000000000000,00	-0000000000093,00
4610300	-0000000000627,00	 0000000000000,00	 0000000000000,00	 0000000000000,00
4610400	-0000000003036,00	 0000000000000,00	 0000000000000,00	 0000000000000,00
4610500	-0000000002601,00	 0000000000000,00	 0000000000000,00	 0000000000000,00
4620000	-0000000006065,00	 0000000000000,00	 0000000000000,00	-0000000000074,00
4630000	 0000000000000,00	 0000000000000,00	 0000000000000,00	 0000000000000,00
4650000	-0000000006879,00	 0000000000000,00	 0000000000000,00	-0000000001657,00
4650100	-0000000000872,00	 0000000000000,00	 0000000000000,00	 0000000000000,00
4650200	-0000000001146,00	 0000000000000,00	 0000000000000,00	-0000000001469,00
4650201	-0000000000113,00	 0000000000000,00	 0000000000000,00	-0000000001469,00
4650211	 0000000000000,00	 0000000000000,00	 0000000000000,00	 0000000000000,00
4650290	-0000000001033,00	 0000000000000,00	 0000000000000,00	 0000000000000,00
4650900	-0000000004861,00	 0000000000000,00	 0000000000000,00	-0000000000188,00
4700000	 0000000000232,00	 0000000000000,00	 0000000000000,00	 0000000000016,00
4700100	 0000000000232,00	 0000000000000,00	 0000000000000,00	 0000000000016,00
4700101	 0000000000000,00	 0000000000000,00	 0000000000000,00	 0000000000000,00
4700102	 0000000000000,00	 0000000000000,00	 0000000000000,00	 0000000000000,00
4700103	 0000000000232,00	 0000000000000,00	 0000000000000,00	 0000000000000,00
4700110	 0000000000000,00	 0000000000000,00	 0000000000000,00	 0000000000016,00
4700200	 0000000000000,00	 0000000000000,00	 0000000000000,00	 0000000000000,00
4700201	 0000000000000,00	 0000000000000,00	 0000000000000,00	 0000000000000,00
4700202	 0000000000000,00	 0000000000000,00	 0000000000000,00	 0000000000000,00
4700203	 0000000000000,00	 0000000000000,00	 0000000000000,00	 0000000000000,00
4700210	 0000000000000,00	 0000000000000,00	 0000000000000,00	 0000000000000,00
4800000	-0000000021347,00	 0000000000000,00	 0000000000000,00	-0000000000054,00
4800001	-0000000019624,00	 0000000000000,00	 0000000000000,00	-0000000000103,00
4850000	 0000000000000,00	 0000000000000,00	 0000000000000,00	 0000000000000,00
4900000	-0000000001368,00	 0000000000000,00	 0000000000000,00	 0000000000000,00
5003000	 0000000048553,00	 0000000101281,00	 0000000001514,00	 0000000008446,00
5004000	 0000000048937,00	 0000000000000,00	 0000000000000,00	 0000000001312,00
5005000	 0000000335977,00	 0000000106774,00	-0000000164877,00	 0000000009070,00
5006000	 0000000298358,00	 0000000106774,00	-0000000164877,00	 0000000008495,00
5007000	 0000000179980,00	 0000000106774,00	-0000000164877,00	 0000000004571,00
5008000	 0000000180212,00	 0000000106774,00	-0000000164877,00	 0000000004587,00
5009000	 0000000158865,00	 0000000106774,00	-0000000164877,00	 0000000004533,00
5010000	 0000000158865,00	 0000000106774,00	-0000000164877,00	 0000000004533,00
5020000	 0000000160233,00	 0000000106774,00	-0000000164877,00	 0000000004533,00
