012	BANCO DEL ESTADO DE CHILE                                               
1000000	 0000007836645,00	 0000007093365,00	 0000000016754,00	 0000001822610,00
1100000	 0000000476930,00	 0000000000000,00	 0000000000052,00	 0000000615793,00
1100100	 0000000231390,00	 0000000000000,00	 0000000000000,00	 0000000012198,00
1100200	 0000000244761,00	 0000000000000,00	 0000000000000,00	 0000000015785,00
1100300	 0000000000779,00	 0000000000000,00	 0000000000000,00	 0000000000000,00
1100400	 0000000000000,00	 0000000000000,00	 0000000000052,00	 0000000587810,00
1130000	 0000000193261,00	 0000000000000,00	 0000000000000,00	 0000000065565,00
1130100	 0000000047976,00	 0000000000000,00	 0000000000000,00	 0000000001334,00
1130200	 0000000145285,00	 0000000000000,00	 0000000000000,00	 0000000064231,00
1150000	 0000000409903,00	 0000000102894,00	 0000000000000,00	 0000000000000,00
1150100	 0000000032040,00	 0000000028891,00	 0000000000000,00	 0000000000000,00
1150200	 0000000375329,00	 0000000074003,00	 0000000000000,00	 0000000000000,00
1150300	 0000000000000,00	 0000000000000,00	 0000000000000,00	 0000000000000,00
1150400	 0000000002534,00	 0000000000000,00	 0000000000000,00	 0000000000000,00
1160000	 0000000040708,00	 0000000000000,00	 0000000000000,00	 0000000000000,00
1160100	 0000000000000,00	 0000000000000,00	 0000000000000,00	 0000000000000,00
1160200	 0000000040708,00	 0000000000000,00	 0000000000000,00	 0000000000000,00
1250000	 0000000219486,00	 0000000000000,00	 0000000000000,00	 0000000001087,00
1250100	 0000000219486,00	 0000000000000,00	 0000000000000,00	 0000000001087,00
1250200	 0000000000000,00	 0000000000000,00	 0000000000000,00	 0000000000000,00
1270000	-0000000005964,00	 0000000000000,00	 0000000000000,00	 0000000060801,00
1270100	 0000000000000,00	 0000000000000,00	 0000000000000,00	 0000000001824,00
1270101	 0000000000000,00	 0000000000000,00	 0000000000000,00	 0000000000000,00
1270111	 0000000000000,00	 0000000000000,00	 0000000000000,00	 0000000001833,00
1270190	 0000000000000,00	 0000000000000,00	 0000000000000,00	-0000000000009,00
1270200	-0000000005964,00	 0000000000000,00	 0000000000000,00	 0000000058977,00
1270201	 0000000000000,00	 0000000000000,00	 0000000000000,00	 0000000049798,00
1270290	-0000000005964,00	 0000000000000,00	 0000000000000,00	-0000000000079,00
1300000	 0000002983915,00	 0000006605188,00	 0000000016276,00	 0000000986461,00
1302000	 0000002485716,00	 0000001919880,00	 0000000016276,00	 0000000987053,00
1302100	 0000002318800,00	 0000001605863,00	 0000000006522,00	 0000000656443,00
1302101	 0000002318800,00	 0000001527886,00	 0000000006522,00	 0000000612038,00
1302102	 0000000000000,00	 0000000000000,00	 0000000000000,00	 0000000044405,00
1302170	 0000000000000,00	 0000000072058,00	 0000000000000,00	 0000000000000,00
1302180	 0000000000000,00	 0000000005919,00	 0000000000000,00	 0000000000000,00
1302200	 0000000045341,00	 0000000000001,00	 0000000000000,00	 0000000306558,00
1302202	 0000000039550,00	 0000000000000,00	 0000000000000,00	 0000000237061,00
1302300	 0000000028165,00	 0000000000000,00	 0000000000000,00	 0000000000000,00
1302500	 0000000020481,00	 0000000047400,00	 0000000000000,00	 0000000023967,00
1302800	 0000000072294,00	 0000000169927,00	 0000000009754,00	 0000000000000,00
1302900	 0000000000635,00	 0000000096689,00	 0000000000000,00	 0000000000085,00
1304000	 0000000003824,00	 0000004446458,00	 0000000000000,00	 0000000000000,00
1304100	 0000000000000,00	 0000001637259,00	 0000000000000,00	 0000000000000,00
1304101	 0000000000000,00	 0000001637259,00	 0000000000000,00	 0000000000000,00
1304102	 0000000000000,00	 0000000000000,00	 0000000000000,00	 0000000000000,00
1304200	 0000000000000,00	 0000000447696,00	 0000000000000,00	 0000000000000,00
1304300	 0000000003773,00	 0000002136934,00	 0000000000000,00	 0000000000000,00
1304800	 0000000000000,00	 0000000000000,00	 0000000000000,00	 0000000000000,00
1304900	 0000000000051,00	 0000000224569,00	 0000000000000,00	 0000000000000,00
1305000	 0000000820698,00	 0000000238850,00	 0000000000000,00	 0000000000369,00
1305100	 0000000694074,00	 0000000238850,00	 0000000000000,00	 0000000000000,00
1305300	 0000000040043,00	 0000000000000,00	 0000000000000,00	 0000000000000,00
1305400	 0000000086581,00	 0000000000000,00	 0000000000000,00	 0000000000369,00
1305800	 0000000000000,00	 0000000000000,00	 0000000000000,00	 0000000000000,00
1305900	 0000000000000,00	 0000000000000,00	 0000000000000,00	 0000000000000,00
1309000	-0000000326323,00	 0000000000000,00	 0000000000000,00	-0000000000961,00
1309001	-0000000121401,00	 0000000000000,00	 0000000000000,00	-0000000000961,00
1309002	-0000000129145,00	 0000000000000,00	 0000000000000,00	 0000000000000,00
1309003	-0000000075777,00	 0000000000000,00	 0000000000000,00	 0000000000000,00
1350000	 0000002794929,00	 0000000277541,00	 0000000000000,00	 0000000066523,00
1350100	 0000001499561,00	 0000000053824,00	 0000000000000,00	 0000000000000,00
1350200	 0000001295259,00	 0000000223717,00	 0000000000000,00	 0000000003257,00
1350300	 0000000000109,00	 0000000000000,00	 0000000000000,00	 0000000063266,00
1360000	 0000000000000,00	 0000000079030,00	 0000000000000,00	 0000000022574,00
1360100	 0000000000000,00	 0000000078758,00	 0000000000000,00	 0000000000000,00
1360200	 0000000000000,00	 0000000000272,00	 0000000000000,00	 0000000000000,00
1360300	 0000000000000,00	 0000000000000,00	 0000000000000,00	 0000000022574,00
1400000	 0000000003825,00	 0000000000000,00	 0000000000000,00	 0000000000000,00
1400100	 0000000002194,00	 0000000000000,00	 0000000000000,00	 0000000000000,00
1400101	 0000000000000,00	 0000000000000,00	 0000000000000,00	 0000000000000,00
1400103	 0000000002194,00	 0000000000000,00	 0000000000000,00	 0000000000000,00
1400200	 0000000001631,00	 0000000000000,00	 0000000000000,00	 0000000000000,00
1500000	 0000000023537,00	 0000000000000,00	 0000000000000,00	 0000000000009,00
1500100	 0000000000000,00	 0000000000000,00	 0000000000000,00	 0000000000000,00
1500200	 0000000023537,00	 0000000000000,00	 0000000000000,00	 0000000000009,00
1600000	 0000000225319,00	 0000000000000,00	 0000000000000,00	 0000000000101,00
1600100	 0000000183788,00	 0000000000000,00	 0000000000000,00	 0000000000036,00
1600200	 0000000041531,00	 0000000000000,00	 0000000000000,00	 0000000000065,00
1700000	 0000000000000,00	 0000000000000,00	 0000000000000,00	 0000000000000,00
1750000	 0000000300446,00	 0000000000000,00	 0000000000000,00	 0000000000000,00
1800000	 0000000170350,00	 0000000028712,00	 0000000000426,00	 0000000003696,00
1800100	 0000000016789,00	 0000000000000,00	 0000000000000,00	 0000000000000,00
1800200	 0000000000983,00	 0000000000000,00	 0000000000000,00	 0000000000000,00
1800900	 0000000152578,00	 0000000028712,00	 0000000000426,00	 0000000003696,00
2000000	 0000006692338,00	 0000006430496,00	 0000000000000,00	 0000002710906,00
2100000	 0000002891395,00	 0000000059867,00	 0000000000000,00	 0000000127554,00
2100100	 0000002252204,00	 0000000000000,00	 0000000000000,00	 0000000102523,00
2100109	 0000001896340,00	 0000000000000,00	 0000000000000,00	 0000000100558,00
2100110	 0000000353948,00	 0000000000000,00	 0000000000000,00	 0000000001870,00
2100200	 0000000370505,00	 0000000000000,00	 0000000000000,00	 0000000000000,00
2100300	 0000000268686,00	 0000000059867,00	 0000000000000,00	 0000000025031,00
2130000	 0000000153666,00	 0000000000000,00	 0000000000000,00	 0000000113152,00
2160000	 0000000472138,00	 0000000000000,00	 0000000000000,00	 0000000018460,00
2160100	 0000000000000,00	 0000000000000,00	 0000000000000,00	 0000000000000,00
2160200	 0000000472138,00	 0000000000000,00	 0000000000000,00	 0000000018460,00
2200000	 0000002307644,00	 0000003215722,00	 0000000000000,00	 0000001972060,00
2200100	 0000001525757,00	 0000001733352,00	 0000000000000,00	 0000001972012,00
2200200	 0000000775993,00	 0000001477035,00	 0000000000000,00	 0000000000000,00
2200900	 0000000005894,00	 0000000005335,00	 0000000000000,00	 0000000000048,00
2250000	 0000000213832,00	 0000000000000,00	 0000000000000,00	 0000000000578,00
2250100	 0000000209681,00	 0000000000000,00	 0000000000000,00	 0000000000578,00
2250200	 0000000004151,00	 0000000000000,00	 0000000000000,00	 0000000000000,00
2300000	 0000000030919,00	 0000000000000,00	 0000000000000,00	 0000000475976,00
2301000	 0000000000074,00	 0000000000000,00	 0000000000000,00	 0000000000525,00
2301001	 0000000000074,00	 0000000000000,00	 0000000000000,00	 0000000000525,00
2302000	 0000000000000,00	 0000000000000,00	 0000000000000,00	 0000000475451,00
2302100	 0000000000000,00	 0000000000000,00	 0000000000000,00	 0000000206483,00
2302200	 0000000000000,00	 0000000000000,00	 0000000000000,00	 0000000268968,00
2303000	 0000000030845,00	 0000000000000,00	 0000000000000,00	 0000000000000,00
2303100	 0000000030845,00	 0000000000000,00	 0000000000000,00	 0000000000000,00
2303900	 0000000000000,00	 0000000000000,00	 0000000000000,00	 0000000000000,00
2400000	 0000000000000,00	 0000003154248,00	 0000000000000,00	 0000000000000,00
2401000	 0000000000000,00	 0000001708827,00	 0000000000000,00	 0000000000000,00
2402000	 0000000000000,00	 0000001445421,00	 0000000000000,00	 0000000000000,00
2402100	 0000000000000,00	 0000001050982,00	 0000000000000,00	 0000000000000,00
2402200	 0000000000000,00	 0000000394439,00	 0000000000000,00	 0000000000000,00
2500000	 0000000003696,00	 0000000000000,00	 0000000000000,00	 0000000001219,00
2500100	 0000000000000,00	 0000000000000,00	 0000000000000,00	 0000000000000,00
2500200	 0000000003696,00	 0000000000000,00	 0000000000000,00	 0000000001219,00
2500300	 0000000000000,00	 0000000000000,00	 0000000000000,00	 0000000000000,00
2600000	 0000000198890,00	 0000000000000,00	 0000000000000,00	 0000000000000,00
2650000	 0000000064684,00	 0000000000000,00	 0000000000000,00	 0000000000000,00
2700000	 0000000228942,00	 0000000000000,00	 0000000000000,00	 0000000000225,00
2700100	 0000000105251,00	 0000000000000,00	 0000000000000,00	 0000000000183,00
2700200	 0000000070079,00	 0000000000000,00	 0000000000000,00	 0000000000000,00
2700300	 0000000002444,00	 0000000000000,00	 0000000000000,00	 0000000000042,00
2700400	 0000000051168,00	 0000000000000,00	 0000000000000,00	 0000000000000,00
2700401	 0000000001343,00	 0000000000000,00	 0000000000000,00	 0000000000000,00
2700402	 0000000000000,00	 0000000000000,00	 0000000000000,00	 0000000000000,00
2700403	 0000000042776,00	 0000000000000,00	 0000000000000,00	 0000000000000,00
2700490	 0000000007049,00	 0000000000000,00	 0000000000000,00	 0000000000000,00
2800000	 0000000126532,00	 0000000000659,00	 0000000000000,00	 0000000001682,00
3000000	 0000000911612,00	 0000000031013,00	-0000000001743,00	-0000000005248,00
3101000	 0000000278497,00	 0000000000000,00	 0000000000000,00	 0000000000000,00
3102000	 0000000657557,00	 0000000000000,00	 0000000000000,00	 0000000000000,00
3103000	-0000000005059,00	 0000000000000,00	 0000000000000,00	 0000000000000,00
3104000	-0000000024022,00	 0000000031013,00	-0000000001743,00	-0000000005248,00
3104100	 0000000051686,00	 0000000000000,00	 0000000000000,00	 0000000000000,00
3104200	-0000000005629,00	 0000000031013,00	-0000000001743,00	-0000000005248,00
3104300	-0000000070079,00	 0000000000000,00	 0000000000000,00	 0000000000000,00
3200000	 0000000004639,00	 0000000000000,00	 0000000000000,00	 0000000000000,00
5001000	 0000000906973,00	 0000000031013,00	-0000000001743,00	-0000000005248,00
5002000	 0000007603950,00	 0000006461509,00	-0000000001743,00	 0000002705658,00
5100000	 0000003310238,00	 0000006605188,00	 0000000016276,00	 0000000987422,00
