031	HSBC BANK (CHILE)                                                       
1000000	 0000000639365,00	 0000000031855,00	 0000000000000,00	 0000000264018,00
1100000	 0000000009819,00	 0000000000000,00	 0000000000000,00	 0000000039140,00
1100100	 0000000000059,00	 0000000000000,00	 0000000000000,00	 0000000000052,00
1100200	 0000000009759,00	 0000000000000,00	 0000000000000,00	 0000000000494,00
1100300	 0000000000001,00	 0000000000000,00	 0000000000000,00	 0000000000000,00
1100400	 0000000000000,00	 0000000000000,00	 0000000000000,00	 0000000038594,00
1130000	 0000000068506,00	 0000000000000,00	 0000000000000,00	 0000000094704,00
1130100	 0000000006296,00	 0000000000000,00	 0000000000000,00	 0000000000911,00
1130200	 0000000062210,00	 0000000000000,00	 0000000000000,00	 0000000093793,00
1150000	 0000000006093,00	 0000000004784,00	 0000000000000,00	 0000000000000,00
1150100	 0000000006093,00	 0000000004784,00	 0000000000000,00	 0000000000000,00
1150200	 0000000000000,00	 0000000000000,00	 0000000000000,00	 0000000000000,00
1150300	 0000000000000,00	 0000000000000,00	 0000000000000,00	 0000000000000,00
1150400	 0000000000000,00	 0000000000000,00	 0000000000000,00	 0000000000000,00
1160000	 0000000000000,00	 0000000000000,00	 0000000000000,00	 0000000005292,00
1160100	 0000000000000,00	 0000000000000,00	 0000000000000,00	 0000000000000,00
1160200	 0000000000000,00	 0000000000000,00	 0000000000000,00	 0000000005292,00
1250000	 0000000190551,00	 0000000000000,00	 0000000000000,00	 0000000000000,00
1250100	 0000000190551,00	 0000000000000,00	 0000000000000,00	 0000000000000,00
1250200	 0000000000000,00	 0000000000000,00	 0000000000000,00	 0000000000000,00
1270000	 0000000069988,00	 0000000000000,00	 0000000000000,00	 0000000037729,00
1270100	 0000000070000,00	 0000000000000,00	 0000000000000,00	 0000000000000,00
1270101	 0000000000000,00	 0000000000000,00	 0000000000000,00	 0000000000000,00
1270111	 0000000010000,00	 0000000000000,00	 0000000000000,00	 0000000000000,00
1270190	 0000000000000,00	 0000000000000,00	 0000000000000,00	 0000000000000,00
1270200	-0000000000012,00	 0000000000000,00	 0000000000000,00	 0000000037729,00
1270201	 0000000000000,00	 0000000000000,00	 0000000000000,00	 0000000007977,00
1270290	-0000000000012,00	 0000000000000,00	 0000000000000,00	 0000000000000,00
1300000	 0000000113453,00	 0000000010793,00	 0000000000000,00	 0000000076579,00
1302000	 0000000116026,00	 0000000010793,00	 0000000000000,00	 0000000076579,00
1302100	 0000000108979,00	 0000000010793,00	 0000000000000,00	 0000000030076,00
1302101	 0000000108979,00	 0000000010793,00	 0000000000000,00	 0000000029298,00
1302102	 0000000000000,00	 0000000000000,00	 0000000000000,00	 0000000000778,00
1302170	 0000000000000,00	 0000000000000,00	 0000000000000,00	 0000000000000,00
1302180	 0000000000000,00	 0000000000000,00	 0000000000000,00	 0000000000000,00
1302200	 0000000000532,00	 0000000000000,00	 0000000000000,00	 0000000046501,00
1302202	 0000000000532,00	 0000000000000,00	 0000000000000,00	 0000000031557,00
1302300	 0000000006510,00	 0000000000000,00	 0000000000000,00	 0000000000000,00
1302500	 0000000000000,00	 0000000000000,00	 0000000000000,00	 0000000000000,00
1302800	 0000000000000,00	 0000000000000,00	 0000000000000,00	 0000000000000,00
1302900	 0000000000005,00	 0000000000000,00	 0000000000000,00	 0000000000002,00
1304000	 0000000000000,00	 0000000000000,00	 0000000000000,00	 0000000000000,00
1304100	 0000000000000,00	 0000000000000,00	 0000000000000,00	 0000000000000,00
1304101	 0000000000000,00	 0000000000000,00	 0000000000000,00	 0000000000000,00
1304102	 0000000000000,00	 0000000000000,00	 0000000000000,00	 0000000000000,00
1304200	 0000000000000,00	 0000000000000,00	 0000000000000,00	 0000000000000,00
1304300	 0000000000000,00	 0000000000000,00	 0000000000000,00	 0000000000000,00
1304800	 0000000000000,00	 0000000000000,00	 0000000000000,00	 0000000000000,00
1304900	 0000000000000,00	 0000000000000,00	 0000000000000,00	 0000000000000,00
1305000	 0000000000075,00	 0000000000000,00	 0000000000000,00	 0000000000000,00
1305100	 0000000000057,00	 0000000000000,00	 0000000000000,00	 0000000000000,00
1305300	 0000000000005,00	 0000000000000,00	 0000000000000,00	 0000000000000,00
1305400	 0000000000013,00	 0000000000000,00	 0000000000000,00	 0000000000000,00
1305800	 0000000000000,00	 0000000000000,00	 0000000000000,00	 0000000000000,00
1305900	 0000000000000,00	 0000000000000,00	 0000000000000,00	 0000000000000,00
1309000	-0000000002648,00	 0000000000000,00	 0000000000000,00	 0000000000000,00
1309001	-0000000002648,00	 0000000000000,00	 0000000000000,00	 0000000000000,00
1309002	 0000000000000,00	 0000000000000,00	 0000000000000,00	 0000000000000,00
1309003	 0000000000000,00	 0000000000000,00	 0000000000000,00	 0000000000000,00
1350000	 0000000169831,00	 0000000016274,00	 0000000000000,00	 0000000010508,00
1350100	 0000000140153,00	 0000000000072,00	 0000000000000,00	 0000000000000,00
1350200	 0000000029678,00	 0000000016202,00	 0000000000000,00	 0000000010508,00
1350300	 0000000000000,00	 0000000000000,00	 0000000000000,00	 0000000000000,00
1360000	 0000000000000,00	 0000000000000,00	 0000000000000,00	 0000000000000,00
1360100	 0000000000000,00	 0000000000000,00	 0000000000000,00	 0000000000000,00
1360200	 0000000000000,00	 0000000000000,00	 0000000000000,00	 0000000000000,00
1360300	 0000000000000,00	 0000000000000,00	 0000000000000,00	 0000000000000,00
1400000	 0000000000142,00	 0000000000000,00	 0000000000000,00	 0000000000000,00
1400100	 0000000000000,00	 0000000000000,00	 0000000000000,00	 0000000000000,00
1400101	 0000000000000,00	 0000000000000,00	 0000000000000,00	 0000000000000,00
1400103	 0000000000000,00	 0000000000000,00	 0000000000000,00	 0000000000000,00
1400200	 0000000000142,00	 0000000000000,00	 0000000000000,00	 0000000000000,00
1500000	 0000000004995,00	 0000000000000,00	 0000000000000,00	 0000000000000,00
1500100	 0000000000000,00	 0000000000000,00	 0000000000000,00	 0000000000000,00
1500200	 0000000004995,00	 0000000000000,00	 0000000000000,00	 0000000000000,00
1600000	 0000000000675,00	 0000000000000,00	 0000000000000,00	 0000000000000,00
1600100	 0000000000062,00	 0000000000000,00	 0000000000000,00	 0000000000000,00
1600200	 0000000000613,00	 0000000000000,00	 0000000000000,00	 0000000000000,00
1700000	 0000000000974,00	 0000000000000,00	 0000000000000,00	 0000000000000,00
1750000	 0000000002692,00	 0000000000000,00	 0000000000000,00	 0000000000000,00
1800000	 0000000001646,00	 0000000000004,00	 0000000000000,00	 0000000000066,00
1800100	 0000000000000,00	 0000000000000,00	 0000000000000,00	 0000000000000,00
1800200	 0000000000000,00	 0000000000000,00	 0000000000000,00	 0000000000000,00
1800900	 0000000001646,00	 0000000000004,00	 0000000000000,00	 0000000000066,00
2000000	 0000000540367,00	 0000000024094,00	 0000000000000,00	 0000000275306,00
2100000	 0000000014693,00	 0000000000075,00	 0000000000000,00	 0000000010371,00
2100100	 0000000012188,00	 0000000000000,00	 0000000000000,00	 0000000009757,00
2100109	 0000000011959,00	 0000000000000,00	 0000000000000,00	 0000000009699,00
2100110	 0000000000228,00	 0000000000000,00	 0000000000000,00	 0000000000058,00
2100200	 0000000000229,00	 0000000000000,00	 0000000000000,00	 0000000000000,00
2100300	 0000000002276,00	 0000000000075,00	 0000000000000,00	 0000000000614,00
2130000	 0000000081102,00	 0000000000000,00	 0000000000000,00	 0000000072774,00
2160000	 0000000022535,00	 0000000000000,00	 0000000000000,00	 0000000000000,00
2160100	 0000000000000,00	 0000000000000,00	 0000000000000,00	 0000000000000,00
2160200	 0000000022535,00	 0000000000000,00	 0000000000000,00	 0000000000000,00
2200000	 0000000209682,00	 0000000024017,00	 0000000000000,00	 0000000185251,00
2200100	 0000000209682,00	 0000000024017,00	 0000000000000,00	 0000000185251,00
2200200	 0000000000000,00	 0000000000000,00	 0000000000000,00	 0000000000000,00
2200900	 0000000000000,00	 0000000000000,00	 0000000000000,00	 0000000000000,00
2250000	 0000000206613,00	 0000000000000,00	 0000000000000,00	 0000000000000,00
2250100	 0000000206613,00	 0000000000000,00	 0000000000000,00	 0000000000000,00
2250200	 0000000000000,00	 0000000000000,00	 0000000000000,00	 0000000000000,00
2300000	 0000000000000,00	 0000000000000,00	 0000000000000,00	 0000000000000,00
2301000	 0000000000000,00	 0000000000000,00	 0000000000000,00	 0000000000000,00
2301001	 0000000000000,00	 0000000000000,00	 0000000000000,00	 0000000000000,00
2302000	 0000000000000,00	 0000000000000,00	 0000000000000,00	 0000000000000,00
2302100	 0000000000000,00	 0000000000000,00	 0000000000000,00	 0000000000000,00
2302200	 0000000000000,00	 0000000000000,00	 0000000000000,00	 0000000000000,00
2303000	 0000000000000,00	 0000000000000,00	 0000000000000,00	 0000000000000,00
2303100	 0000000000000,00	 0000000000000,00	 0000000000000,00	 0000000000000,00
2303900	 0000000000000,00	 0000000000000,00	 0000000000000,00	 0000000000000,00
2400000	 0000000000000,00	 0000000000000,00	 0000000000000,00	 0000000000000,00
2401000	 0000000000000,00	 0000000000000,00	 0000000000000,00	 0000000000000,00
2402000	 0000000000000,00	 0000000000000,00	 0000000000000,00	 0000000000000,00
2402100	 0000000000000,00	 0000000000000,00	 0000000000000,00	 0000000000000,00
2402200	 0000000000000,00	 0000000000000,00	 0000000000000,00	 0000000000000,00
2500000	 0000000000005,00	 0000000000000,00	 0000000000000,00	 0000000006881,00
2500100	 0000000000000,00	 0000000000000,00	 0000000000000,00	 0000000000000,00
2500200	 0000000000005,00	 0000000000000,00	 0000000000000,00	 0000000006481,00
2500300	 0000000000000,00	 0000000000000,00	 0000000000000,00	 0000000000400,00
2600000	 0000000000000,00	 0000000000000,00	 0000000000000,00	 0000000000000,00
2650000	 0000000000640,00	 0000000000000,00	 0000000000000,00	 0000000000000,00
2700000	 0000000002943,00	 0000000000000,00	 0000000000000,00	 0000000000000,00
2700100	 0000000001031,00	 0000000000000,00	 0000000000000,00	 0000000000000,00
2700200	 0000000001164,00	 0000000000000,00	 0000000000000,00	 0000000000000,00
2700300	 0000000000429,00	 0000000000000,00	 0000000000000,00	 0000000000000,00
2700400	 0000000000319,00	 0000000000000,00	 0000000000000,00	 0000000000000,00
2700401	 0000000000074,00	 0000000000000,00	 0000000000000,00	 0000000000000,00
2700402	 0000000000000,00	 0000000000000,00	 0000000000000,00	 0000000000000,00
2700403	 0000000000000,00	 0000000000000,00	 0000000000000,00	 0000000000000,00
2700490	 0000000000245,00	 0000000000000,00	 0000000000000,00	 0000000000000,00
2800000	 0000000002154,00	 0000000000002,00	 0000000000000,00	 0000000000029,00
3000000	 0000000098998,00	 0000000007761,00	 0000000000000,00	-0000000011288,00
3101000	 0000000095260,00	 0000000000000,00	 0000000000000,00	 0000000000000,00
3102000	-0000000000213,00	 0000000000000,00	 0000000000000,00	 0000000000000,00
3103000	-0000000002665,00	 0000000000367,00	 0000000000000,00	 0000000000007,00
3104000	 0000000006616,00	 0000000007394,00	 0000000000000,00	-0000000011295,00
3104100	 0000000001772,00	 0000000000000,00	 0000000000000,00	 0000000000000,00
3104200	 0000000006008,00	 0000000007394,00	 0000000000000,00	-0000000011295,00
3104300	-0000000001164,00	 0000000000000,00	 0000000000000,00	 0000000000000,00
3200000	 0000000000000,00	 0000000000000,00	 0000000000000,00	 0000000000000,00
5001000	 0000000098998,00	 0000000007761,00	 0000000000000,00	-0000000011288,00
5002000	 0000000639365,00	 0000000031855,00	 0000000000000,00	 0000000264018,00
5100000	 0000000116101,00	 0000000010793,00	 0000000000000,00	 0000000076579,00
