056	BANCO PENTA                                                             
1000000	 0000000122302,00	 0000000049278,00	 0000000000000,00	 0000000005274,00
1100000	 0000000014269,00	 0000000000000,00	 0000000000000,00	 0000000004228,00
1100100	 0000000000268,00	 0000000000000,00	 0000000000000,00	 0000000000100,00
1100200	 0000000012341,00	 0000000000000,00	 0000000000000,00	 0000000000613,00
1100300	 0000000001660,00	 0000000000000,00	 0000000000000,00	 0000000000072,00
1100400	 0000000000000,00	 0000000000000,00	 0000000000000,00	 0000000003443,00
1130000	 0000000011994,00	 0000000000000,00	 0000000000000,00	 0000000000946,00
1130100	 0000000000290,00	 0000000000000,00	 0000000000000,00	 0000000000036,00
1130200	 0000000011704,00	 0000000000000,00	 0000000000000,00	 0000000000910,00
1150000	 0000000050674,00	 0000000047011,00	 0000000000000,00	 0000000000008,00
1150100	 0000000002773,00	 0000000013795,00	 0000000000000,00	 0000000000000,00
1150200	 0000000022882,00	 0000000033216,00	 0000000000000,00	 0000000000000,00
1150300	 0000000000000,00	 0000000000000,00	 0000000000000,00	 0000000000000,00
1150400	 0000000025019,00	 0000000000000,00	 0000000000000,00	 0000000000008,00
1160000	 0000000029955,00	 0000000000000,00	 0000000000000,00	 0000000000000,00
1160100	 0000000000000,00	 0000000000000,00	 0000000000000,00	 0000000000000,00
1160200	 0000000029955,00	 0000000000000,00	 0000000000000,00	 0000000000000,00
1250000	 0000000001050,00	 0000000000000,00	 0000000000000,00	 0000000000000,00
1250100	 0000000001050,00	 0000000000000,00	 0000000000000,00	 0000000000000,00
1250200	 0000000000000,00	 0000000000000,00	 0000000000000,00	 0000000000000,00
1270000	 0000000000000,00	 0000000000000,00	 0000000000000,00	 0000000000000,00
1270100	 0000000000000,00	 0000000000000,00	 0000000000000,00	 0000000000000,00
1270101	 0000000000000,00	 0000000000000,00	 0000000000000,00	 0000000000000,00
1270111	 0000000000000,00	 0000000000000,00	 0000000000000,00	 0000000000000,00
1270190	 0000000000000,00	 0000000000000,00	 0000000000000,00	 0000000000000,00
1270200	 0000000000000,00	 0000000000000,00	 0000000000000,00	 0000000000000,00
1270201	 0000000000000,00	 0000000000000,00	 0000000000000,00	 0000000000000,00
1270290	 0000000000000,00	 0000000000000,00	 0000000000000,00	 0000000000000,00
1300000	 0000000003221,00	 0000000000000,00	 0000000000000,00	 0000000000000,00
1302000	 0000000003249,00	 0000000000000,00	 0000000000000,00	 0000000000000,00
1302100	 0000000003249,00	 0000000000000,00	 0000000000000,00	 0000000000000,00
1302101	 0000000003249,00	 0000000000000,00	 0000000000000,00	 0000000000000,00
1302102	 0000000000000,00	 0000000000000,00	 0000000000000,00	 0000000000000,00
1302170	 0000000000000,00	 0000000000000,00	 0000000000000,00	 0000000000000,00
1302180	 0000000000000,00	 0000000000000,00	 0000000000000,00	 0000000000000,00
1302200	 0000000000000,00	 0000000000000,00	 0000000000000,00	 0000000000000,00
1302202	 0000000000000,00	 0000000000000,00	 0000000000000,00	 0000000000000,00
1302300	 0000000000000,00	 0000000000000,00	 0000000000000,00	 0000000000000,00
1302500	 0000000000000,00	 0000000000000,00	 0000000000000,00	 0000000000000,00
1302800	 0000000000000,00	 0000000000000,00	 0000000000000,00	 0000000000000,00
1302900	 0000000000000,00	 0000000000000,00	 0000000000000,00	 0000000000000,00
1304000	 0000000000000,00	 0000000000000,00	 0000000000000,00	 0000000000000,00
1304100	 0000000000000,00	 0000000000000,00	 0000000000000,00	 0000000000000,00
1304101	 0000000000000,00	 0000000000000,00	 0000000000000,00	 0000000000000,00
1304102	 0000000000000,00	 0000000000000,00	 0000000000000,00	 0000000000000,00
1304200	 0000000000000,00	 0000000000000,00	 0000000000000,00	 0000000000000,00
1304300	 0000000000000,00	 0000000000000,00	 0000000000000,00	 0000000000000,00
1304800	 0000000000000,00	 0000000000000,00	 0000000000000,00	 0000000000000,00
1304900	 0000000000000,00	 0000000000000,00	 0000000000000,00	 0000000000000,00
1305000	 0000000000000,00	 0000000000000,00	 0000000000000,00	 0000000000000,00
1305100	 0000000000000,00	 0000000000000,00	 0000000000000,00	 0000000000000,00
1305300	 0000000000000,00	 0000000000000,00	 0000000000000,00	 0000000000000,00
1305400	 0000000000000,00	 0000000000000,00	 0000000000000,00	 0000000000000,00
1305800	 0000000000000,00	 0000000000000,00	 0000000000000,00	 0000000000000,00
1305900	 0000000000000,00	 0000000000000,00	 0000000000000,00	 0000000000000,00
1309000	-0000000000028,00	 0000000000000,00	 0000000000000,00	 0000000000000,00
1309001	-0000000000028,00	 0000000000000,00	 0000000000000,00	 0000000000000,00
1309002	 0000000000000,00	 0000000000000,00	 0000000000000,00	 0000000000000,00
1309003	 0000000000000,00	 0000000000000,00	 0000000000000,00	 0000000000000,00
1350000	 0000000002034,00	 0000000002267,00	 0000000000000,00	 0000000000000,00
1350100	 0000000000000,00	 0000000000580,00	 0000000000000,00	 0000000000000,00
1350200	 0000000002034,00	 0000000001687,00	 0000000000000,00	 0000000000000,00
1350300	 0000000000000,00	 0000000000000,00	 0000000000000,00	 0000000000000,00
1360000	 0000000000000,00	 0000000000000,00	 0000000000000,00	 0000000000000,00
1360100	 0000000000000,00	 0000000000000,00	 0000000000000,00	 0000000000000,00
1360200	 0000000000000,00	 0000000000000,00	 0000000000000,00	 0000000000000,00
1360300	 0000000000000,00	 0000000000000,00	 0000000000000,00	 0000000000000,00
1400000	 0000000001042,00	 0000000000000,00	 0000000000000,00	 0000000000000,00
1400100	 0000000000000,00	 0000000000000,00	 0000000000000,00	 0000000000000,00
1400101	 0000000000000,00	 0000000000000,00	 0000000000000,00	 0000000000000,00
1400103	 0000000000000,00	 0000000000000,00	 0000000000000,00	 0000000000000,00
1400200	 0000000001042,00	 0000000000000,00	 0000000000000,00	 0000000000000,00
1500000	 0000000000728,00	 0000000000000,00	 0000000000000,00	 0000000000000,00
1500100	 0000000000309,00	 0000000000000,00	 0000000000000,00	 0000000000000,00
1500200	 0000000000419,00	 0000000000000,00	 0000000000000,00	 0000000000000,00
1600000	 0000000000623,00	 0000000000000,00	 0000000000000,00	 0000000000000,00
1600100	 0000000000000,00	 0000000000000,00	 0000000000000,00	 0000000000000,00
1600200	 0000000000623,00	 0000000000000,00	 0000000000000,00	 0000000000000,00
1700000	 0000000001952,00	 0000000000000,00	 0000000000000,00	 0000000000000,00
1750000	 0000000004398,00	 0000000000000,00	 0000000000000,00	 0000000000000,00
1800000	 0000000000362,00	 0000000000000,00	 0000000000000,00	 0000000000092,00
1800100	 0000000000000,00	 0000000000000,00	 0000000000000,00	 0000000000000,00
1800200	 0000000000000,00	 0000000000000,00	 0000000000000,00	 0000000000000,00
1800900	 0000000000362,00	 0000000000000,00	 0000000000000,00	 0000000000092,00
2000000	 0000000137721,00	 0000000000000,00	 0000000000000,00	 0000000014359,00
2100000	 0000000014720,00	 0000000000000,00	 0000000000000,00	 0000000001496,00
2100100	 0000000000000,00	 0000000000000,00	 0000000000000,00	 0000000000000,00
2100109	 0000000000000,00	 0000000000000,00	 0000000000000,00	 0000000000000,00
2100110	 0000000000000,00	 0000000000000,00	 0000000000000,00	 0000000000000,00
2100200	 0000000000180,00	 0000000000000,00	 0000000000000,00	 0000000000000,00
2100300	 0000000014540,00	 0000000000000,00	 0000000000000,00	 0000000001496,00
2130000	 0000000008032,00	 0000000000000,00	 0000000000000,00	 0000000003029,00
2160000	 0000000030594,00	 0000000000000,00	 0000000000000,00	 0000000000813,00
2160100	 0000000000000,00	 0000000000000,00	 0000000000000,00	 0000000000000,00
2160200	 0000000030594,00	 0000000000000,00	 0000000000000,00	 0000000000813,00
2200000	 0000000059433,00	 0000000000000,00	 0000000000000,00	 0000000009021,00
2200100	 0000000059433,00	 0000000000000,00	 0000000000000,00	 0000000009021,00
2200200	 0000000000000,00	 0000000000000,00	 0000000000000,00	 0000000000000,00
2200900	 0000000000000,00	 0000000000000,00	 0000000000000,00	 0000000000000,00
2250000	 0000000002891,00	 0000000000000,00	 0000000000000,00	 0000000000000,00
2250100	 0000000002891,00	 0000000000000,00	 0000000000000,00	 0000000000000,00
2250200	 0000000000000,00	 0000000000000,00	 0000000000000,00	 0000000000000,00
2300000	 0000000019881,00	 0000000000000,00	 0000000000000,00	 0000000000000,00
2301000	 0000000000000,00	 0000000000000,00	 0000000000000,00	 0000000000000,00
2301001	 0000000000000,00	 0000000000000,00	 0000000000000,00	 0000000000000,00
2302000	 0000000000000,00	 0000000000000,00	 0000000000000,00	 0000000000000,00
2302100	 0000000000000,00	 0000000000000,00	 0000000000000,00	 0000000000000,00
2302200	 0000000000000,00	 0000000000000,00	 0000000000000,00	 0000000000000,00
2303000	 0000000019881,00	 0000000000000,00	 0000000000000,00	 0000000000000,00
2303100	 0000000019881,00	 0000000000000,00	 0000000000000,00	 0000000000000,00
2303900	 0000000000000,00	 0000000000000,00	 0000000000000,00	 0000000000000,00
2400000	 0000000000000,00	 0000000000000,00	 0000000000000,00	 0000000000000,00
2401000	 0000000000000,00	 0000000000000,00	 0000000000000,00	 0000000000000,00
2402000	 0000000000000,00	 0000000000000,00	 0000000000000,00	 0000000000000,00
2402100	 0000000000000,00	 0000000000000,00	 0000000000000,00	 0000000000000,00
2402200	 0000000000000,00	 0000000000000,00	 0000000000000,00	 0000000000000,00
2500000	 0000000000000,00	 0000000000000,00	 0000000000000,00	 0000000000000,00
2500100	 0000000000000,00	 0000000000000,00	 0000000000000,00	 0000000000000,00
2500200	 0000000000000,00	 0000000000000,00	 0000000000000,00	 0000000000000,00
2500300	 0000000000000,00	 0000000000000,00	 0000000000000,00	 0000000000000,00
2600000	 0000000000000,00	 0000000000000,00	 0000000000000,00	 0000000000000,00
2650000	 0000000000709,00	 0000000000000,00	 0000000000000,00	 0000000000000,00
2700000	 0000000000728,00	 0000000000000,00	 0000000000000,00	 0000000000000,00
2700100	 0000000000728,00	 0000000000000,00	 0000000000000,00	 0000000000000,00
2700200	 0000000000000,00	 0000000000000,00	 0000000000000,00	 0000000000000,00
2700300	 0000000000000,00	 0000000000000,00	 0000000000000,00	 0000000000000,00
2700400	 0000000000000,00	 0000000000000,00	 0000000000000,00	 0000000000000,00
2700401	 0000000000000,00	 0000000000000,00	 0000000000000,00	 0000000000000,00
2700402	 0000000000000,00	 0000000000000,00	 0000000000000,00	 0000000000000,00
2700403	 0000000000000,00	 0000000000000,00	 0000000000000,00	 0000000000000,00
2700490	 0000000000000,00	 0000000000000,00	 0000000000000,00	 0000000000000,00
2800000	 0000000000733,00	 0000000000000,00	 0000000000000,00	 0000000000000,00
3000000	 0000000023306,00	 0000000001494,00	 0000000000000,00	-0000000000026,00
3101000	 0000000034704,00	 0000000000000,00	 0000000000000,00	 0000000000000,00
3102000	-0000000002062,00	 0000000000000,00	 0000000000000,00	 0000000000000,00
3103000	-0000000000001,00	 0000000000000,00	 0000000000000,00	 0000000000000,00
3104000	-0000000009335,00	 0000000001494,00	 0000000000000,00	-0000000000026,00
3104100	-0000000008226,00	 0000000000000,00	 0000000000000,00	 0000000000000,00
3104200	-0000000001109,00	 0000000001494,00	 0000000000000,00	-0000000000026,00
3104300	 0000000000000,00	 0000000000000,00	 0000000000000,00	 0000000000000,00
3200000	 0000000000000,00	 0000000000000,00	 0000000000000,00	 0000000000000,00
5001000	 0000000023306,00	 0000000001494,00	 0000000000000,00	-0000000000026,00
5002000	 0000000161027,00	 0000000001494,00	 0000000000000,00	 0000000014333,00
5100000	 0000000003249,00	 0000000000000,00	 0000000000000,00	 0000000000000,00
