009	BANCO INTERNACIONAL                                                     
1000000	 0000000448990,00	 0000000122508,00	 0000000000000,00	 0000000067219,00
1100000	 0000000033152,00	 0000000000000,00	 0000000000000,00	 0000000020689,00
1100100	 0000000001680,00	 0000000000000,00	 0000000000000,00	 0000000000935,00
1100200	 0000000031414,00	 0000000000000,00	 0000000000000,00	 0000000001769,00
1100300	 0000000000058,00	 0000000000000,00	 0000000000000,00	 0000000000000,00
1100400	 0000000000000,00	 0000000000000,00	 0000000000000,00	 0000000017985,00
1130000	 0000000008757,00	 0000000000000,00	 0000000000000,00	 0000000003492,00
1130100	 0000000006286,00	 0000000000000,00	 0000000000000,00	 0000000000864,00
1130200	 0000000002471,00	 0000000000000,00	 0000000000000,00	 0000000002628,00
1150000	 0000000018414,00	 0000000021090,00	 0000000000000,00	 0000000000000,00
1150100	 0000000002508,00	 0000000000000,00	 0000000000000,00	 0000000000000,00
1150200	 0000000015906,00	 0000000021090,00	 0000000000000,00	 0000000000000,00
1150300	 0000000000000,00	 0000000000000,00	 0000000000000,00	 0000000000000,00
1150400	 0000000000000,00	 0000000000000,00	 0000000000000,00	 0000000000000,00
1160000	 0000000047770,00	 0000000000000,00	 0000000000000,00	 0000000000000,00
1160100	 0000000047770,00	 0000000000000,00	 0000000000000,00	 0000000000000,00
1160200	 0000000000000,00	 0000000000000,00	 0000000000000,00	 0000000000000,00
1250000	 0000000011539,00	 0000000000000,00	 0000000000000,00	 0000000000000,00
1250100	 0000000011539,00	 0000000000000,00	 0000000000000,00	 0000000000000,00
1250200	 0000000000000,00	 0000000000000,00	 0000000000000,00	 0000000000000,00
1270000	 0000000000000,00	 0000000000000,00	 0000000000000,00	 0000000000000,00
1270100	 0000000000000,00	 0000000000000,00	 0000000000000,00	 0000000000000,00
1270101	 0000000000000,00	 0000000000000,00	 0000000000000,00	 0000000000000,00
1270111	 0000000000000,00	 0000000000000,00	 0000000000000,00	 0000000000000,00
1270190	 0000000000000,00	 0000000000000,00	 0000000000000,00	 0000000000000,00
1270200	 0000000000000,00	 0000000000000,00	 0000000000000,00	 0000000000000,00
1270201	 0000000000000,00	 0000000000000,00	 0000000000000,00	 0000000000000,00
1270290	 0000000000000,00	 0000000000000,00	 0000000000000,00	 0000000000000,00
1300000	 0000000295782,00	 0000000101363,00	 0000000000000,00	 0000000042944,00
1302000	 0000000303608,00	 0000000100269,00	 0000000000000,00	 0000000042944,00
1302100	 0000000226345,00	 0000000058752,00	 0000000000000,00	 0000000007926,00
1302101	 0000000226345,00	 0000000051253,00	 0000000000000,00	 0000000007926,00
1302102	 0000000000000,00	 0000000000000,00	 0000000000000,00	 0000000000000,00
1302170	 0000000000000,00	 0000000007499,00	 0000000000000,00	 0000000000000,00
1302180	 0000000000000,00	 0000000000000,00	 0000000000000,00	 0000000000000,00
1302200	 0000000006141,00	 0000000000002,00	 0000000000000,00	 0000000035018,00
1302202	 0000000000000,00	 0000000000000,00	 0000000000000,00	 0000000000000,00
1302300	 0000000007386,00	 0000000000000,00	 0000000000000,00	 0000000000000,00
1302500	 0000000059680,00	 0000000000000,00	 0000000000000,00	 0000000000000,00
1302800	 0000000003521,00	 0000000041515,00	 0000000000000,00	 0000000000000,00
1302900	 0000000000535,00	 0000000000000,00	 0000000000000,00	 0000000000000,00
1304000	 0000000000000,00	 0000000000932,00	 0000000000000,00	 0000000000000,00
1304100	 0000000000000,00	 0000000000452,00	 0000000000000,00	 0000000000000,00
1304101	 0000000000000,00	 0000000000452,00	 0000000000000,00	 0000000000000,00
1304102	 0000000000000,00	 0000000000000,00	 0000000000000,00	 0000000000000,00
1304200	 0000000000000,00	 0000000000408,00	 0000000000000,00	 0000000000000,00
1304300	 0000000000000,00	 0000000000066,00	 0000000000000,00	 0000000000000,00
1304800	 0000000000000,00	 0000000000000,00	 0000000000000,00	 0000000000000,00
1304900	 0000000000000,00	 0000000000006,00	 0000000000000,00	 0000000000000,00
1305000	 0000000000113,00	 0000000000162,00	 0000000000000,00	 0000000000000,00
1305100	 0000000000113,00	 0000000000142,00	 0000000000000,00	 0000000000000,00
1305300	 0000000000000,00	 0000000000000,00	 0000000000000,00	 0000000000000,00
1305400	 0000000000000,00	 0000000000000,00	 0000000000000,00	 0000000000000,00
1305800	 0000000000000,00	 0000000000020,00	 0000000000000,00	 0000000000000,00
1305900	 0000000000000,00	 0000000000000,00	 0000000000000,00	 0000000000000,00
1309000	-0000000007939,00	 0000000000000,00	 0000000000000,00	 0000000000000,00
1309001	-0000000007934,00	 0000000000000,00	 0000000000000,00	 0000000000000,00
1309002	-0000000000004,00	 0000000000000,00	 0000000000000,00	 0000000000000,00
1309003	-0000000000001,00	 0000000000000,00	 0000000000000,00	 0000000000000,00
1350000	 0000000004997,00	 0000000000055,00	 0000000000000,00	 0000000000000,00
1350100	 0000000004997,00	 0000000000000,00	 0000000000000,00	 0000000000000,00
1350200	 0000000000000,00	 0000000000055,00	 0000000000000,00	 0000000000000,00
1350300	 0000000000000,00	 0000000000000,00	 0000000000000,00	 0000000000000,00
1360000	 0000000000000,00	 0000000000000,00	 0000000000000,00	 0000000000000,00
1360100	 0000000000000,00	 0000000000000,00	 0000000000000,00	 0000000000000,00
1360200	 0000000000000,00	 0000000000000,00	 0000000000000,00	 0000000000000,00
1360300	 0000000000000,00	 0000000000000,00	 0000000000000,00	 0000000000000,00
1400000	 0000000000174,00	 0000000000000,00	 0000000000000,00	 0000000000000,00
1400100	 0000000000000,00	 0000000000000,00	 0000000000000,00	 0000000000000,00
1400101	 0000000000000,00	 0000000000000,00	 0000000000000,00	 0000000000000,00
1400103	 0000000000000,00	 0000000000000,00	 0000000000000,00	 0000000000000,00
1400200	 0000000000174,00	 0000000000000,00	 0000000000000,00	 0000000000000,00
1500000	 0000000003247,00	 0000000000000,00	 0000000000000,00	 0000000000000,00
1500100	 0000000000000,00	 0000000000000,00	 0000000000000,00	 0000000000000,00
1500200	 0000000003247,00	 0000000000000,00	 0000000000000,00	 0000000000000,00
1600000	 0000000009830,00	 0000000000000,00	 0000000000000,00	 0000000000000,00
1600100	 0000000008848,00	 0000000000000,00	 0000000000000,00	 0000000000000,00
1600200	 0000000000982,00	 0000000000000,00	 0000000000000,00	 0000000000000,00
1700000	 0000000000000,00	 0000000000000,00	 0000000000000,00	 0000000000000,00
1750000	 0000000001877,00	 0000000000000,00	 0000000000000,00	 0000000000000,00
1800000	 0000000013451,00	 0000000000000,00	 0000000000000,00	 0000000000094,00
1800100	 0000000003844,00	 0000000000000,00	 0000000000000,00	 0000000000000,00
1800200	 0000000001518,00	 0000000000000,00	 0000000000000,00	 0000000000000,00
1800900	 0000000008089,00	 0000000000000,00	 0000000000000,00	 0000000000094,00
2000000	 0000000455738,00	 0000000059650,00	 0000000000000,00	 0000000083916,00
2100000	 0000000042157,00	 0000000003385,00	 0000000000000,00	 0000000005538,00
2100100	 0000000023303,00	 0000000000000,00	 0000000000000,00	 0000000002296,00
2100109	 0000000021242,00	 0000000000000,00	 0000000000000,00	 0000000001780,00
2100110	 0000000002054,00	 0000000000000,00	 0000000000000,00	 0000000000516,00
2100200	 0000000002526,00	 0000000000000,00	 0000000000000,00	 0000000000000,00
2100300	 0000000016328,00	 0000000003385,00	 0000000000000,00	 0000000003242,00
2130000	 0000000002441,00	 0000000000000,00	 0000000000000,00	 0000000002931,00
2160000	 0000000045365,00	 0000000000000,00	 0000000000000,00	 0000000000000,00
2160100	 0000000045365,00	 0000000000000,00	 0000000000000,00	 0000000000000,00
2160200	 0000000000000,00	 0000000000000,00	 0000000000000,00	 0000000000000,00
2200000	 0000000344526,00	 0000000016647,00	 0000000000000,00	 0000000065700,00
2200100	 0000000344525,00	 0000000015798,00	 0000000000000,00	 0000000065700,00
2200200	 0000000000000,00	 0000000000813,00	 0000000000000,00	 0000000000000,00
2200900	 0000000000001,00	 0000000000036,00	 0000000000000,00	 0000000000000,00
2250000	 0000000012393,00	 0000000000000,00	 0000000000000,00	 0000000000000,00
2250100	 0000000012393,00	 0000000000000,00	 0000000000000,00	 0000000000000,00
2250200	 0000000000000,00	 0000000000000,00	 0000000000000,00	 0000000000000,00
2300000	 0000000000000,00	 0000000000045,00	 0000000000000,00	 0000000009631,00
2301000	 0000000000000,00	 0000000000045,00	 0000000000000,00	 0000000000000,00
2301001	 0000000000000,00	 0000000000045,00	 0000000000000,00	 0000000000000,00
2302000	 0000000000000,00	 0000000000000,00	 0000000000000,00	 0000000009631,00
2302100	 0000000000000,00	 0000000000000,00	 0000000000000,00	 0000000009631,00
2302200	 0000000000000,00	 0000000000000,00	 0000000000000,00	 0000000000000,00
2303000	 0000000000000,00	 0000000000000,00	 0000000000000,00	 0000000000000,00
2303100	 0000000000000,00	 0000000000000,00	 0000000000000,00	 0000000000000,00
2303900	 0000000000000,00	 0000000000000,00	 0000000000000,00	 0000000000000,00
2400000	 0000000000000,00	 0000000022014,00	 0000000000000,00	 0000000000000,00
2401000	 0000000000000,00	 0000000004094,00	 0000000000000,00	 0000000000000,00
2402000	 0000000000000,00	 0000000017920,00	 0000000000000,00	 0000000000000,00
2402100	 0000000000000,00	 0000000000000,00	 0000000000000,00	 0000000000000,00
2402200	 0000000000000,00	 0000000017920,00	 0000000000000,00	 0000000000000,00
2500000	 0000000000224,00	 0000000017559,00	 0000000000000,00	 0000000000001,00
2500100	 0000000000222,00	 0000000017559,00	 0000000000000,00	 0000000000000,00
2500200	 0000000000002,00	 0000000000000,00	 0000000000000,00	 0000000000001,00
2500300	 0000000000000,00	 0000000000000,00	 0000000000000,00	 0000000000000,00
2600000	 0000000000266,00	 0000000000000,00	 0000000000000,00	 0000000000000,00
2650000	 0000000002193,00	 0000000000000,00	 0000000000000,00	 0000000000000,00
2700000	 0000000003385,00	 0000000000000,00	 0000000000000,00	 0000000000000,00
2700100	 0000000001187,00	 0000000000000,00	 0000000000000,00	 0000000000000,00
2700200	 0000000001698,00	 0000000000000,00	 0000000000000,00	 0000000000000,00
2700300	 0000000000475,00	 0000000000000,00	 0000000000000,00	 0000000000000,00
2700400	 0000000000025,00	 0000000000000,00	 0000000000000,00	 0000000000000,00
2700401	 0000000000000,00	 0000000000000,00	 0000000000000,00	 0000000000000,00
2700402	 0000000000000,00	 0000000000000,00	 0000000000000,00	 0000000000000,00
2700403	 0000000000025,00	 0000000000000,00	 0000000000000,00	 0000000000000,00
2700490	 0000000000000,00	 0000000000000,00	 0000000000000,00	 0000000000000,00
2800000	 0000000002788,00	 0000000000000,00	 0000000000000,00	 0000000000115,00
3000000	 0000000039413,00	 0000000000000,00	 0000000000000,00	 0000000000000,00
3101000	 0000000027116,00	 0000000000000,00	 0000000000000,00	 0000000000000,00
3102000	 0000000008335,00	 0000000000000,00	 0000000000000,00	 0000000000000,00
3103000	-0000000000001,00	 0000000000000,00	 0000000000000,00	 0000000000000,00
3104000	 0000000003963,00	 0000000000000,00	 0000000000000,00	 0000000000000,00
3104100	 0000000000000,00	 0000000000000,00	 0000000000000,00	 0000000000000,00
3104200	 0000000005661,00	 0000000000000,00	 0000000000000,00	 0000000000000,00
3104300	-0000000001698,00	 0000000000000,00	 0000000000000,00	 0000000000000,00
3200000	 0000000000000,00	 0000000000000,00	 0000000000000,00	 0000000000000,00
5001000	 0000000039413,00	 0000000000000,00	 0000000000000,00	 0000000000000,00
5002000	 0000000495151,00	 0000000059650,00	 0000000000000,00	 0000000083916,00
5100000	 0000000303721,00	 0000000101363,00	 0000000000000,00	 0000000042944,00
