037	BANCO SANTANDER-CHILE
1000000	 0000028176690,00	 0000020711781,00	 0000000127794,00	 0000006545216,00
1100000	 0000001031593,00	 0000000000000,00	 0000000000000,00	 0000001895455,00
1100100	 0000000624360,00	 0000000000000,00	 0000000000000,00	 0000000082278,00
1100200	 0000000402617,00	 0000000000000,00	 0000000000000,00	 0000000000471,00
1100300	 0000000004616,00	 0000000000000,00	 0000000000000,00	 0000000000000,00
1100400	 0000000000000,00	 0000000000000,00	 0000000000000,00	 0000001812706,00
1130000	 0000000161619,00	 0000000000000,00	 0000000000000,00	 0000000209927,00
1130100	 0000000081121,00	 0000000000000,00	 0000000000000,00	 0000000009067,00
1130200	 0000000080498,00	 0000000000000,00	 0000000000000,00	 0000000200860,00
1150000	 0000000022914,00	 0000000018646,00	 0000000000000,00	 0000000000000,00
1150100	 0000000022914,00	 0000000016183,00	 0000000000000,00	 0000000000000,00
1150200	 0000000000000,00	 0000000002463,00	 0000000000000,00	 0000000000000,00
1150300	 0000000000000,00	 0000000000000,00	 0000000000000,00	 0000000000000,00
1150400	 0000000000000,00	 0000000000000,00	 0000000000000,00	 0000000000000,00
1160000	 0000000000000,00	 0000000000000,00	 0000000000000,00	 0000000000000,00
1160100	 0000000000000,00	 0000000000000,00	 0000000000000,00	 0000000000000,00
1160200	 0000000000000,00	 0000000000000,00	 0000000000000,00	 0000000000000,00
1250000	 0000009647208,00	 0000000000000,00	 0000000000000,00	 0000000000000,00
1250100	 0000009177045,00	 0000000000000,00	 0000000000000,00	 0000000000000,00
1250200	 0000000470163,00	 0000000000000,00	 0000000000000,00	 0000000000000,00
1270000	 0000000000000,00	 0000000000000,00	 0000000000000,00	 0000000010172,00
1270100	 0000000000000,00	 0000000000000,00	 0000000000000,00	 0000000004740,00
1270112	 0000000000000,00	 0000000000000,00	 0000000000000,00	 0000000000000,00
1270113	 0000000000000,00	 0000000000000,00	 0000000000000,00	 0000000000000,00
1270116	 0000000000000,00	 0000000000000,00	 0000000000000,00	 0000000004744,00
1270117	 0000000000000,00	 0000000000000,00	 0000000000000,00	 0000000000000,00
1270118	 0000000000000,00	 0000000000000,00	 0000000000000,00	 0000000000000,00
1270190	 0000000000000,00	 0000000000000,00	 0000000000000,00	-0000000000004,00
1270200	 0000000000000,00	 0000000000000,00	 0000000000000,00	 0000000005432,00
1270202	 0000000000000,00	 0000000000000,00	 0000000000000,00	 0000000000000,00
1270203	 0000000000000,00	 0000000000000,00	 0000000000000,00	 0000000000000,00
1270206	 0000000000000,00	 0000000000000,00	 0000000000000,00	 0000000005441,00
1270207	 0000000000000,00	 0000000000000,00	 0000000000000,00	 0000000000000,00
1270208	 0000000000000,00	 0000000000000,00	 0000000000000,00	 0000000000000,00
1270290	 0000000000000,00	 0000000000000,00	 0000000000000,00	-0000000000009,00
1270300	 0000000000000,00	 0000000000000,00	 0000000000000,00	 0000000000000,00
1300000	 0000012095381,00	 0000018669391,00	 0000000123496,00	 0000002839924,00
1302000	 0000008002074,00	 0000006652673,00	 0000000123496,00	 0000002801375,00
1302100	 0000006777156,00	 0000005743704,00	 0000000000000,00	 0000001399967,00
1302101	 0000006777150,00	 0000005742929,00	 0000000000000,00	 0000001399967,00
1302102	 0000000000000,00	 0000000000000,00	 0000000000000,00	 0000000000000,00
1302170	 0000000000000,00	 0000000000631,00	 0000000000000,00	 0000000000000,00
1302180	 0000000000006,00	 0000000000144,00	 0000000000000,00	 0000000000000,00
1302200	 0000000158177,00	 0000000002027,00	 0000000000022,00	 0000001261130,00
1302201	 0000000000000,00	 0000000000000,00	 0000000000000,00	 0000000005144,00
1302202	 0000000071311,00	 0000000000376,00	 0000000000000,00	 0000000760909,00
1302241	 0000000002285,00	 0000000000000,00	 0000000000022,00	 0000000167312,00
1302242	 0000000084581,00	 0000000001651,00	 0000000000000,00	 0000000325957,00
1302281	 0000000000000,00	 0000000000000,00	 0000000000000,00	 0000000001808,00
1302282	 0000000000000,00	 0000000000000,00	 0000000000000,00	 0000000000000,00
1302300	 0000000122225,00	 0000000000000,00	 0000000000000,00	 0000000000210,00
1302500	 0000000295394,00	 0000000011200,00	 0000000000000,00	 0000000134437,00
1302600	 0000000000000,00	 0000000064588,00	 0000000000000,00	 0000000000000,00
1302601	 0000000000000,00	 0000000035162,00	 0000000000000,00	 0000000000000,00
1302602	 0000000000000,00	 0000000000000,00	 0000000000000,00	 0000000000000,00
1302604	 0000000000000,00	 0000000029426,00	 0000000000000,00	 0000000000000,00
1302800	 0000000437101,00	 0000000824817,00	 0000000122855,00	 0000000000000,00
1302900	 0000000212021,00	 0000000006337,00	 0000000000619,00	 0000000005631,00
1304000	 0000000206642,00	 0000012003402,00	 0000000000000,00	 0000000000000,00
1304100	 0000000000000,00	 0000000008445,00	 0000000000000,00	 0000000000000,00
1304101	 0000000000000,00	 0000000008445,00	 0000000000000,00	 0000000000000,00
1304102	 0000000000000,00	 0000000000000,00	 0000000000000,00	 0000000000000,00
1304200	 0000000000000,00	 0000000006924,00	 0000000000000,00	 0000000000000,00
1304400	 0000000000000,00	 0000000087064,00	 0000000000000,00	 0000000000000,00
1304500	 0000000206595,00	 0000011899028,00	 0000000000000,00	 0000000000000,00
1304600	 0000000000000,00	 0000000000000,00	 0000000000000,00	 0000000000000,00
1304800	 0000000000000,00	 0000000000000,00	 0000000000000,00	 0000000000000,00
1304900	 0000000000047,00	 0000000001941,00	 0000000000000,00	 0000000000000,00
1305000	 0000004864667,00	 0000000013316,00	 0000000000000,00	 0000000038549,00
1305100	 0000003718765,00	 0000000012847,00	 0000000000000,00	 0000000000000,00
1305300	 0000000123989,00	 0000000000000,00	 0000000000000,00	 0000000000002,00
1305400	 0000001018818,00	 0000000000000,00	 0000000000000,00	 0000000038547,00
1305800	 0000000002792,00	 0000000000469,00	 0000000000000,00	 0000000000000,00
1305900	 0000000000303,00	 0000000000000,00	 0000000000000,00	 0000000000000,00
1309000	-0000000978002,00	 0000000000000,00	 0000000000000,00	 0000000000000,00
1309100	-0000000645822,00	 0000000000000,00	 0000000000000,00	 0000000000000,00
1309200	-0000000059259,00	 0000000000000,00	 0000000000000,00	 0000000000000,00
1309300	-0000000272921,00	 0000000000000,00	 0000000000000,00	 0000000000000,00
1350000	 0000003387500,00	 0000001782488,00	 0000000000000,00	 0000000793107,00
1350100	 0000003384609,00	 0000001768576,00	 0000000000000,00	 0000000000000,00
1350200	 0000000002891,00	 0000000013912,00	 0000000000000,00	 0000000000000,00
1350300	 0000000000000,00	 0000000000000,00	 0000000000000,00	 0000000793107,00
1360000	 0000000000000,00	 0000000000000,00	 0000000000000,00	 0000000000000,00
1360100	 0000000000000,00	 0000000000000,00	 0000000000000,00	 0000000000000,00
1360200	 0000000000000,00	 0000000000000,00	 0000000000000,00	 0000000000000,00
1360300	 0000000000000,00	 0000000000000,00	 0000000000000,00	 0000000000000,00
1400000	 0000000010375,00	 0000000000000,00	 0000000000000,00	 0000000000000,00
1400100	 0000000010076,00	 0000000000000,00	 0000000000000,00	 0000000000000,00
1400101	 0000000000000,00	 0000000000000,00	 0000000000000,00	 0000000000000,00
1400103	 0000000010076,00	 0000000000000,00	 0000000000000,00	 0000000000000,00
1400200	 0000000000299,00	 0000000000000,00	 0000000000000,00	 0000000000000,00
1500000	 0000000074111,00	 0000000000000,00	 0000000000000,00	 0000000000000,00
1500100	 0000000000000,00	 0000000000000,00	 0000000000000,00	 0000000000000,00
1500200	 0000000074111,00	 0000000000000,00	 0000000000000,00	 0000000000000,00
1600000	 0000000181153,00	 0000000000000,00	 0000000000000,00	 0000000000000,00
1600100	 0000000113434,00	 0000000000000,00	 0000000000000,00	 0000000000000,00
1600200	 0000000067719,00	 0000000000000,00	 0000000000000,00	 0000000000000,00
1650000	 0000000000000,00	 0000000197613,00	 0000000000000,00	 0000000000000,00
1650100	 0000000000000,00	 0000000197613,00	 0000000000000,00	 0000000000000,00
1650200	 0000000000000,00	 0000000000000,00	 0000000000000,00	 0000000000000,00
1700000	 0000000000000,00	 0000000000000,00	 0000000000000,00	 0000000000000,00
1750000	 0000000549888,00	 0000000000000,00	 0000000000000,00	 0000000000000,00
1800000	 0000001014948,00	 0000000043643,00	 0000000004298,00	 0000000796631,00
1800100	 0000000005221,00	 0000000041646,00	 0000000004273,00	 0000000001335,00
1800200	 0000000026166,00	 0000000000000,00	 0000000000000,00	 0000000000000,00
1800900	 0000000983561,00	 0000000001997,00	 0000000000025,00	 0000000795296,00
2000000	 0000036560015,00	 0000006617500,00	 0000000000000,00	 0000008621291,00
2100000	 0000011286552,00	 0000000420882,00	 0000000000000,00	 0000002032939,00
2100100	 0000009372742,00	 0000000000000,00	 0000000000000,00	 0000001554093,00
2100109	 0000005887751,00	 0000000000000,00	 0000000000000,00	 0000001322660,00
2100110	 0000003470232,00	 0000000000000,00	 0000000000000,00	 0000000230156,00
2100200	 0000001287413,00	 0000000000000,00	 0000000000000,00	 0000000000000,00
2100300	 0000000626397,00	 0000000420882,00	 0000000000000,00	 0000000478846,00
2130000	 0000000203585,00	 0000000000000,00	 0000000000000,00	 0000000131549,00
2160000	 0000000082076,00	 0000000000000,00	 0000000000000,00	 0000000006780,00
2160100	 0000000000000,00	 0000000000000,00	 0000000000000,00	 0000000000000,00
2160200	 0000000082076,00	 0000000000000,00	 0000000000000,00	 0000000006780,00
2200000	 0000008753354,00	 0000000620175,00	 0000000000000,00	 0000001925983,00
2200100	 0000008746957,00	 0000000470022,00	 0000000000000,00	 0000001925762,00
2200200	 0000000002446,00	 0000000147892,00	 0000000000000,00	 0000000000000,00
2200900	 0000000003951,00	 0000000002261,00	 0000000000000,00	 0000000000221,00
2250000	 0000009450307,00	 0000000000000,00	 0000000000000,00	 0000000000000,00
2250100	 0000009074876,00	 0000000000000,00	 0000000000000,00	 0000000000000,00
2250200	 0000000375431,00	 0000000000000,00	 0000000000000,00	 0000000000000,00
2300000	 0000004973923,00	 0000000000000,00	 0000000000000,00	 0000001277349,00
2301000	 0000000000000,00	 0000000000000,00	 0000000000000,00	 0000000000000,00
2301001	 0000000000000,00	 0000000000000,00	 0000000000000,00	 0000000000000,00
2302000	 0000000000000,00	 0000000000000,00	 0000000000000,00	 0000001277349,00
2302100	 0000000000000,00	 0000000000000,00	 0000000000000,00	 0000001084370,00
2302200	 0000000000000,00	 0000000000000,00	 0000000000000,00	 0000000192979,00
2303000	 0000004973923,00	 0000000000000,00	 0000000000000,00	 0000000000000,00
2303100	 0000004973923,00	 0000000000000,00	 0000000000000,00	 0000000000000,00
2303900	 0000000000000,00	 0000000000000,00	 0000000000000,00	 0000000000000,00
2400000	 0000000666910,00	 0000005395417,00	 0000000000000,00	 0000002450636,00
2401000	 0000000000000,00	 0000000012366,00	 0000000000000,00	 0000000000000,00
2402000	 0000000666910,00	 0000005383051,00	 0000000000000,00	 0000002450636,00
2402100	 0000000666910,00	 0000004097585,00	 0000000000000,00	 0000002297553,00
2402200	 0000000000000,00	 0000001202215,00	 0000000000000,00	 0000000153083,00
2402300	 0000000000000,00	 0000000083251,00	 0000000000000,00	 0000000000000,00
2500000	 0000000171999,00	 0000000000000,00	 0000000000000,00	 0000000009750,00
2500100	 0000000000000,00	 0000000000000,00	 0000000000000,00	 0000000000000,00
2500200	 0000000171999,00	 0000000000000,00	 0000000000000,00	 0000000000000,00
2500300	 0000000000000,00	 0000000000000,00	 0000000000000,00	 0000000009750,00
2550000	 0000000000000,00	 0000000145730,00	 0000000000000,00	 0000000000000,00
2600000	 0000000070834,00	 0000000000000,00	 0000000000000,00	 0000000000000,00
2650000	 0000000109216,00	 0000000000000,00	 0000000000000,00	 0000000000000,00
2700000	 0000000391441,00	 0000000000000,00	 0000000000000,00	 0000000000000,00
2700100	 0000000104308,00	 0000000000000,00	 0000000000000,00	 0000000000000,00
2700200	 0000000117379,00	 0000000000000,00	 0000000000000,00	 0000000000000,00
2700300	 0000000039538,00	 0000000000000,00	 0000000000000,00	 0000000000000,00
2700400	 0000000130216,00	 0000000000000,00	 0000000000000,00	 0000000000000,00
2700401	 0000000000121,00	 0000000000000,00	 0000000000000,00	 0000000000000,00
2700402	 0000000000000,00	 0000000000000,00	 0000000000000,00	 0000000000000,00
2700411	 0000000065000,00	 0000000000000,00	 0000000000000,00	 0000000000000,00
2700412	 0000000010000,00	 0000000000000,00	 0000000000000,00	 0000000000000,00
2700413	 0000000026000,00	 0000000000000,00	 0000000000000,00	 0000000000000,00
2700421	 0000000000000,00	 0000000000000,00	 0000000000000,00	 0000000000000,00
2700422	 0000000000000,00	 0000000000000,00	 0000000000000,00	 0000000000000,00
2700423	 0000000000000,00	 0000000000000,00	 0000000000000,00	 0000000000000,00
2700490	 0000000029095,00	 0000000000000,00	 0000000000000,00	 0000000000000,00
2800000	 0000000399818,00	 0000000035296,00	 0000000000000,00	 0000000786305,00
3000000	 0000003212979,00	 0000000526677,00	 0000000010155,00	 0000000012864,00
3101000	 0000000891303,00	 0000000000000,00	 0000000000000,00	 0000000000000,00
3102000	 0000002341986,00	 0000000000000,00	 0000000000000,00	 0000000000000,00
3103000	 0000000006923,00	 0000000000000,00	 0000000000000,00	 0000000000000,00
3104000	-0000000110184,00	 0000000526677,00	 0000000010155,00	 0000000012864,00
3104100	 0000000165628,00	 0000000000000,00	 0000000000000,00	 0000000000000,00
3104200	-0000000158433,00	 0000000526677,00	 0000000010155,00	 0000000012864,00
3104300	-0000000117379,00	 0000000000000,00	 0000000000000,00	 0000000000000,00
3200000	 0000000082951,00	 0000000000000,00	 0000000000000,00	 0000000000000,00
5001000	 0000003130028,00	 0000000526677,00	 0000000010155,00	 0000000012864,00
5002000	 0000039772994,00	 0000007144177,00	 0000000010155,00	 0000008634155,00
5100000	 0000013073383,00	 0000018669391,00	 0000000123496,00	 0000002839924,00
