012	BANCO DEL ESTADO DE CHILE
100000000	 29500646858305,00	 22464419279449,00	 0115006131133,00	 4820199339680,00
105000000	 5065934282502,00	 0000000000000,00	 0000000000000,00	 1054974579142,00
105000100	 0683650351029,00	 0000000000000,00	 0000000000000,00	 0029613872166,00
105000101	 0222685128424,00	 0000000000000,00	 0000000000000,00	 0027661234572,00
105000102	 0460965222605,00	 0000000000000,00	 0000000000000,00	 0001952637594,00
105000103	 0000000000000,00	 0000000000000,00	 0000000000000,00	 0000000000000,00
105000200	 4376511878782,00	 0000000000000,00	 0000000000000,00	 0069014271687,00
105000201	 0076511878782,00	 0000000000000,00	 0000000000000,00	 0025689271687,00
105000202	 0000000000000,00	 0000000000000,00	 0000000000000,00	 0043325000000,00
105000209	 4300000000000,00	 0000000000000,00	 0000000000000,00	 0000000000000,00
105000300	 0000000000000,00	 0000000000000,00	 0000000000000,00	 0000000000000,00
105000301	 0000000000000,00	 0000000000000,00	 0000000000000,00	 0000000000000,00
105000302	 0000000000000,00	 0000000000000,00	 0000000000000,00	 0000000000000,00
105000309	 0000000000000,00	 0000000000000,00	 0000000000000,00	 0000000000000,00
105000400	 0005772052691,00	 0000000000000,00	 0000000000000,00	 0000048740556,00
105000500	 0000000000000,00	 0000000000000,00	 0000000000000,00	 0956297694733,00
107000000	 0206682865202,00	 0000000000000,00	 0000000000000,00	 0140822751316,00
107000100	 0016849849305,00	 0000000000000,00	 0000000000000,00	 0000405921075,00
107000101	 0000807580208,00	 0000000000000,00	 0000000000000,00	 0000000000000,00
107000102	 0014870976364,00	 0000000000000,00	 0000000000000,00	 0000374686358,00
107000103	 0001171292733,00	 0000000000000,00	 0000000000000,00	 0000031234717,00
107000200	 0000000000000,00	 0000000000000,00	 0000000000000,00	 0000000000000,00
107000201	 0000000000000,00	 0000000000000,00	 0000000000000,00	 0000000000000,00
107000202	 0000000000000,00	 0000000000000,00	 0000000000000,00	 0000000000000,00
107000300	 0000000000000,00	 0000000000000,00	 0000000000000,00	 0000000000000,00
107000400	 0189833015897,00	 0000000000000,00	 0000000000000,00	 0140416830241,00
107000401	 0093144005748,00	 0000000000000,00	 0000000000000,00	 0000000000000,00
107000409	 0000000000000,00	 0000000000000,00	 0000000000000,00	 0123302950000,00
107000411	 0096689010149,00	 0000000000000,00	 0000000000000,00	 0000000000000,00
107000419	 0000000000000,00	 0000000000000,00	 0000000000000,00	 0017113880241,00
110000000	 2892288933003,00	 0149526576649,00	 0000000000000,00	 0001014101979,00
111000100	 1746692113452,00	 0000000000000,00	 0000000000000,00	 0000000000000,00
111000101	 0397150150111,00	 0000000000000,00	 0000000000000,00	 0000000000000,00
111000102	 1349281374544,00	 0000000000000,00	 0000000000000,00	 0000000000000,00
111000103	 0000138812648,00	 0000000000000,00	 0000000000000,00	 0000000000000,00
111000104	 0000121776149,00	 0000000000000,00	 0000000000000,00	 0000000000000,00
111000105	 0000000000000,00	 0000000000000,00	 0000000000000,00	 0000000000000,00
111000109	 0000000000000,00	 0000000000000,00	 0000000000000,00	 0000000000000,00
112000000	 1130914479816,00	 0149526576649,00	 0000000000000,00	 0000000000000,00
112000100	 0068183376449,00	 0000000000007,00	 0000000000000,00	 0000000000000,00
112000101	 0048054510065,00	 0000000000000,00	 0000000000000,00	 0000000000000,00
112000102	 0020128866384,00	 0000000000007,00	 0000000000000,00	 0000000000000,00
112000109	 0000000000000,00	 0000000000000,00	 0000000000000,00	 0000000000000,00
112000200	 1062731103367,00	 0149526576642,00	 0000000000000,00	 0000000000000,00
112000201	 1062731103367,00	 0149526576642,00	 0000000000000,00	 0000000000000,00
112000202	 0000000000000,00	 0000000000000,00	 0000000000000,00	 0000000000000,00
112000209	 0000000000000,00	 0000000000000,00	 0000000000000,00	 0000000000000,00
112000300	 0000000000000,00	 0000000000000,00	 0000000000000,00	 0000000000000,00
112000301	 0000000000000,00	 0000000000000,00	 0000000000000,00	 0000000000000,00
112000302	 0000000000000,00	 0000000000000,00	 0000000000000,00	 0000000000000,00
112000303	 0000000000000,00	 0000000000000,00	 0000000000000,00	 0000000000000,00
112000304	 0000000000000,00	 0000000000000,00	 0000000000000,00	 0000000000000,00
112000309	 0000000000000,00	 0000000000000,00	 0000000000000,00	 0000000000000,00
113000000	 0014682339735,00	 0000000000000,00	 0000000000000,00	 0001014101979,00
113000100	 0014682339735,00	 0000000000000,00	 0000000000000,00	 0001014101979,00
113000101	 0014682339735,00	 0000000000000,00	 0000000000000,00	 0001014101979,00
113000102	 0000000000000,00	 0000000000000,00	 0000000000000,00	 0000000000000,00
113000200	 0000000000000,00	 0000000000000,00	 0000000000000,00	 0000000000000,00
113000201	 0000000000000,00	 0000000000000,00	 0000000000000,00	 0000000000000,00
113000202	 0000000000000,00	 0000000000000,00	 0000000000000,00	 0000000000000,00
113000300	 0000000000000,00	 0000000000000,00	 0000000000000,00	 0000000000000,00
113000301	 0000000000000,00	 0000000000000,00	 0000000000000,00	 0000000000000,00
113000302	 0000000000000,00	 0000000000000,00	 0000000000000,00	 0000000000000,00
113000303	 0000000000000,00	 0000000000000,00	 0000000000000,00	 0000000000000,00
113000304	 0000000000000,00	 0000000000000,00	 0000000000000,00	 0000000000000,00
113000400	 0000000000000,00	 0000000000000,00	 0000000000000,00	 0000000000000,00
115000000	 0000000000000,00	 0000000000000,00	 0000000000000,00	 0000000000000,00
115250000	 0000000000000,00	 0000000000000,00	 0000000000000,00	 0000000000000,00
115250100	 0000000000000,00	 0000000000000,00	 0000000000000,00	 0000000000000,00
115250101	 0000000000000,00	 0000000000000,00	 0000000000000,00	 0000000000000,00
115250102	 0000000000000,00	 0000000000000,00	 0000000000000,00	 0000000000000,00
115250109	 0000000000000,00	 0000000000000,00	 0000000000000,00	 0000000000000,00
115250200	 0000000000000,00	 0000000000000,00	 0000000000000,00	 0000000000000,00
115250201	 0000000000000,00	 0000000000000,00	 0000000000000,00	 0000000000000,00
115250202	 0000000000000,00	 0000000000000,00	 0000000000000,00	 0000000000000,00
115250209	 0000000000000,00	 0000000000000,00	 0000000000000,00	 0000000000000,00
115250300	 0000000000000,00	 0000000000000,00	 0000000000000,00	 0000000000000,00
115250301	 0000000000000,00	 0000000000000,00	 0000000000000,00	 0000000000000,00
115250302	 0000000000000,00	 0000000000000,00	 0000000000000,00	 0000000000000,00
115250303	 0000000000000,00	 0000000000000,00	 0000000000000,00	 0000000000000,00
115250304	 0000000000000,00	 0000000000000,00	 0000000000000,00	 0000000000000,00
115250309	 0000000000000,00	 0000000000000,00	 0000000000000,00	 0000000000000,00
115500000	 0000000000000,00	 0000000000000,00	 0000000000000,00	 0000000000000,00
115500100	 0000000000000,00	 0000000000000,00	 0000000000000,00	 0000000000000,00
115500101	 0000000000000,00	 0000000000000,00	 0000000000000,00	 0000000000000,00
115500102	 0000000000000,00	 0000000000000,00	 0000000000000,00	 0000000000000,00
115500300	 0000000000000,00	 0000000000000,00	 0000000000000,00	 0000000000000,00
115500301	 0000000000000,00	 0000000000000,00	 0000000000000,00	 0000000000000,00
115500302	 0000000000000,00	 0000000000000,00	 0000000000000,00	 0000000000000,00
115500303	 0000000000000,00	 0000000000000,00	 0000000000000,00	 0000000000000,00
115500304	 0000000000000,00	 0000000000000,00	 0000000000000,00	 0000000000000,00
115500400	 0000000000000,00	 0000000000000,00	 0000000000000,00	 0000000000000,00
118000000	 0000000000000,00	 0000000000000,00	 0000000000000,00	 0000000000000,00
118250000	 0000000000000,00	 0000000000000,00	 0000000000000,00	 0000000000000,00
118250100	 0000000000000,00	 0000000000000,00	 0000000000000,00	 0000000000000,00
118250101	 0000000000000,00	 0000000000000,00	 0000000000000,00	 0000000000000,00
118250102	 0000000000000,00	 0000000000000,00	 0000000000000,00	 0000000000000,00
118250109	 0000000000000,00	 0000000000000,00	 0000000000000,00	 0000000000000,00
118250200	 0000000000000,00	 0000000000000,00	 0000000000000,00	 0000000000000,00
118250201	 0000000000000,00	 0000000000000,00	 0000000000000,00	 0000000000000,00
118250202	 0000000000000,00	 0000000000000,00	 0000000000000,00	 0000000000000,00
118250209	 0000000000000,00	 0000000000000,00	 0000000000000,00	 0000000000000,00
118250300	 0000000000000,00	 0000000000000,00	 0000000000000,00	 0000000000000,00
118250301	 0000000000000,00	 0000000000000,00	 0000000000000,00	 0000000000000,00
118250302	 0000000000000,00	 0000000000000,00	 0000000000000,00	 0000000000000,00
118250303	 0000000000000,00	 0000000000000,00	 0000000000000,00	 0000000000000,00
118250304	 0000000000000,00	 0000000000000,00	 0000000000000,00	 0000000000000,00
118250309	 0000000000000,00	 0000000000000,00	 0000000000000,00	 0000000000000,00
118500000	 0000000000000,00	 0000000000000,00	 0000000000000,00	 0000000000000,00
118500300	 0000000000000,00	 0000000000000,00	 0000000000000,00	 0000000000000,00
118500301	 0000000000000,00	 0000000000000,00	 0000000000000,00	 0000000000000,00
118500302	 0000000000000,00	 0000000000000,00	 0000000000000,00	 0000000000000,00
118500303	 0000000000000,00	 0000000000000,00	 0000000000000,00	 0000000000000,00
118500304	 0000000000000,00	 0000000000000,00	 0000000000000,00	 0000000000000,00
118500400	 0000000000000,00	 0000000000000,00	 0000000000000,00	 0000000000000,00
120000000	 6911629447271,00	 0756561225621,00	 0000000000000,00	 0093829667362,00
122000000	 6911629447271,00	 0756561225621,00	 0000000000000,00	 0093829667362,00
122000100	 5502881330552,00	 0361520179307,00	 0000000000000,00	 0000000000000,00
122000101	 5452137253641,00	 0000000000000,00	 0000000000000,00	 0000000000000,00
122000102	 0050744076911,00	 0361520179307,00	 0000000000000,00	 0000000000000,00
122000109	 0000000000000,00	 0000000000000,00	 0000000000000,00	 0000000000000,00
122000200	 1410988965184,00	 0395041046314,00	 0000000000000,00	 0000000000000,00
122000201	 1410943927798,00	 0395041046314,00	 0000000000000,00	 0000000000000,00
122000202	 0000045037386,00	 0000000000000,00	 0000000000000,00	 0000000000000,00
122000209	 0000000000000,00	 0000000000000,00	 0000000000000,00	 0000000000000,00
122000300	-0002240848465,00	 0000000000000,00	 0000000000000,00	 0093829667362,00
122000301	 0000000000000,00	 0000000000000,00	 0000000000000,00	 0000000000000,00
122000302	 0000000000000,00	 0000000000000,00	 0000000000000,00	 0000000000000,00
122000303	-0001811468249,00	 0000000000000,00	 0000000000000,00	 0083020759727,00
122000304	-0000429380216,00	 0000000000000,00	 0000000000000,00	 0010808907635,00
122000309	 0000000000000,00	 0000000000000,00	 0000000000000,00	 0000000000000,00
123000000	 0000000000000,00	 0000000000000,00	 0000000000000,00	 0000000000000,00
123000300	 0000000000000,00	 0000000000000,00	 0000000000000,00	 0000000000000,00
123000301	 0000000000000,00	 0000000000000,00	 0000000000000,00	 0000000000000,00
123000302	 0000000000000,00	 0000000000000,00	 0000000000000,00	 0000000000000,00
123000303	 0000000000000,00	 0000000000000,00	 0000000000000,00	 0000000000000,00
123000304	 0000000000000,00	 0000000000000,00	 0000000000000,00	 0000000000000,00
123000400	 0000000000000,00	 0000000000000,00	 0000000000000,00	 0000000000000,00
130000000	 0071393601186,00	 0000000000000,00	 0000000000000,00	 0000000000000,00
130000100	 0071393601186,00	 0000000000000,00	 0000000000000,00	 0000000000000,00
130000101	 0000000000000,00	 0000000000000,00	 0000000000000,00	 0000000000000,00
130000102	 0071393601186,00	 0000000000000,00	 0000000000000,00	 0000000000000,00
130000103	 0000000000000,00	 0000000000000,00	 0000000000000,00	 0000000000000,00
130000104	 0000000000000,00	 0000000000000,00	 0000000000000,00	 0000000000000,00
130000105	 0000000000000,00	 0000000000000,00	 0000000000000,00	 0000000000000,00
130000190	 0000000000000,00	 0000000000000,00	 0000000000000,00	 0000000000000,00
140000000	 11414004784146,00	 21550834058804,00	 0097282876273,00	 2741199351944,00
141000000	 0000000000000,00	 0000000000000,00	 0000000000000,00	 0000000000000,00
141000100	 0000000000000,00	 0000000000000,00	 0000000000000,00	 0000000000000,00
141000101	 0000000000000,00	 0000000000000,00	 0000000000000,00	 0000000000000,00
141000102	 0000000000000,00	 0000000000000,00	 0000000000000,00	 0000000000000,00
141000103	 0000000000000,00	 0000000000000,00	 0000000000000,00	 0000000000000,00
141000200	 0000000000000,00	 0000000000000,00	 0000000000000,00	 0000000000000,00
141000201	 0000000000000,00	 0000000000000,00	 0000000000000,00	 0000000000000,00
141000202	 0000000000000,00	 0000000000000,00	 0000000000000,00	 0000000000000,00
141000203	 0000000000000,00	 0000000000000,00	 0000000000000,00	 0000000000000,00
141000300	 0000000000000,00	 0000000000000,00	 0000000000000,00	 0000000000000,00
141000301	 0000000000000,00	 0000000000000,00	 0000000000000,00	 0000000000000,00
141000302	 0000000000000,00	 0000000000000,00	 0000000000000,00	 0000000000000,00
141000400	 0000000000000,00	 0000000000000,00	 0000000000000,00	 0000000000000,00
141000401	 0000000000000,00	 0000000000000,00	 0000000000000,00	 0000000000000,00
141000402	 0000000000000,00	 0000000000000,00	 0000000000000,00	 0000000000000,00
141000900	 0000000000000,00	 0000000000000,00	 0000000000000,00	 0000000000000,00
141000901	 0000000000000,00	 0000000000000,00	 0000000000000,00	 0000000000000,00
141000902	 0000000000000,00	 0000000000000,00	 0000000000000,00	 0000000000000,00
141000903	 0000000000000,00	 0000000000000,00	 0000000000000,00	 0000000000000,00
141500000	 1377896238232,00	 0702340300729,00	 0000000000000,00	 0000000000000,00
141500100	 0550532140267,00	 0143702322447,00	 0000000000000,00	 0000000000000,00
141500101	 0000000000000,00	 0000000000000,00	 0000000000000,00	 0000000000000,00
141500102	 0550532140267,00	 0143702322447,00	 0000000000000,00	 0000000000000,00
141500109	 0000000000000,00	 0000000000000,00	 0000000000000,00	 0000000000000,00
141500200	 0835074931700,00	 0558637978282,00	 0000000000000,00	 0000000000000,00
141500201	 0791647241792,00	 0558637978282,00	 0000000000000,00	 0000000000000,00
141500202	 0019002888896,00	 0000000000000,00	 0000000000000,00	 0000000000000,00
141500209	 0024424801012,00	 0000000000000,00	 0000000000000,00	 0000000000000,00
141500300	 0000000000000,00	 0000000000000,00	 0000000000000,00	 0000000000000,00
141500301	 0000000000000,00	 0000000000000,00	 0000000000000,00	 0000000000000,00
141500302	 0000000000000,00	 0000000000000,00	 0000000000000,00	 0000000000000,00
141500303	 0000000000000,00	 0000000000000,00	 0000000000000,00	 0000000000000,00
141500304	 0000000000000,00	 0000000000000,00	 0000000000000,00	 0000000000000,00
141500309	 0000000000000,00	 0000000000000,00	 0000000000000,00	 0000000000000,00
141500900	-0007710833735,00	 0000000000000,00	 0000000000000,00	 0000000000000,00
141500901	-0006128583832,00	 0000000000000,00	 0000000000000,00	 0000000000000,00
141500902	-0001582249903,00	 0000000000000,00	 0000000000000,00	 0000000000000,00
141500903	 0000000000000,00	 0000000000000,00	 0000000000000,00	 0000000000000,00
143000000	-0001871968534,00	 0000000000000,00	 0000000000000,00	 0936177311234,00
143100100	 0000000000000,00	 0000000000000,00	 0000000000000,00	 0000000000000,00
143100101	 0000000000000,00	 0000000000000,00	 0000000000000,00	 0000000000000,00
143100102	 0000000000000,00	 0000000000000,00	 0000000000000,00	 0000000000000,00
143100103	 0000000000000,00	 0000000000000,00	 0000000000000,00	 0000000000000,00
143100104	 0000000000000,00	 0000000000000,00	 0000000000000,00	 0000000000000,00
143100105	 0000000000000,00	 0000000000000,00	 0000000000000,00	 0000000000000,00
143100106	 0000000000000,00	 0000000000000,00	 0000000000000,00	 0000000000000,00
143100107	 0000000000000,00	 0000000000000,00	 0000000000000,00	 0000000000000,00
143100190	 0000000000000,00	 0000000000000,00	 0000000000000,00	 0000000000000,00
143150100	 0000000000000,00	 0000000000000,00	 0000000000000,00	 0000000000000,00
143150101	 0000000000000,00	 0000000000000,00	 0000000000000,00	 0000000000000,00
143150102	 0000000000000,00	 0000000000000,00	 0000000000000,00	 0000000000000,00
143150103	 0000000000000,00	 0000000000000,00	 0000000000000,00	 0000000000000,00
143200100	 0000000000000,00	 0000000000000,00	 0000000000000,00	 0936177311234,00
143200101	 0000000000000,00	 0000000000000,00	 0000000000000,00	 0000000000000,00
143200102	 0000000000000,00	 0000000000000,00	 0000000000000,00	 0870138893605,00
143200103	 0000000000000,00	 0000000000000,00	 0000000000000,00	 0000000000000,00
143200104	 0000000000000,00	 0000000000000,00	 0000000000000,00	 0066024001235,00
143200105	 0000000000000,00	 0000000000000,00	 0000000000000,00	 0000000000000,00
143200106	 0000000000000,00	 0000000000000,00	 0000000000000,00	 0000014416394,00
143200107	 0000000000000,00	 0000000000000,00	 0000000000000,00	 0000000000000,00
143200108	 0000000000000,00	 0000000000000,00	 0000000000000,00	 0000000000000,00
143200190	 0000000000000,00	 0000000000000,00	 0000000000000,00	 0000000000000,00
143250100	-0001871968534,00	 0000000000000,00	 0000000000000,00	 0000000000000,00
143250101	-0001871968534,00	 0000000000000,00	 0000000000000,00	 0000000000000,00
143250102	 0000000000000,00	 0000000000000,00	 0000000000000,00	 0000000000000,00
143250103	 0000000000000,00	 0000000000000,00	 0000000000000,00	 0000000000000,00
143300100	 0000000000000,00	 0000000000000,00	 0000000000000,00	 0000000000000,00
143300101	 0000000000000,00	 0000000000000,00	 0000000000000,00	 0000000000000,00
143300102	 0000000000000,00	 0000000000000,00	 0000000000000,00	 0000000000000,00
143300103	 0000000000000,00	 0000000000000,00	 0000000000000,00	 0000000000000,00
143400100	 0000000000000,00	 0000000000000,00	 0000000000000,00	 0000000000000,00
143400101	 0000000000000,00	 0000000000000,00	 0000000000000,00	 0000000000000,00
143400102	 0000000000000,00	 0000000000000,00	 0000000000000,00	 0000000000000,00
143400103	 0000000000000,00	 0000000000000,00	 0000000000000,00	 0000000000000,00
144000000	 10037980514448,00	 20848493758075,00	 0097282876273,00	 1805022040710,00
145000000	 8664495892443,00	 6293967127318,00	 0097282876273,00	 1796242069351,00
145400100	 7924098538902,00	 4504966091105,00	 0000000000000,00	 0693495521127,00
145400101	 7923660396261,00	 3389704393846,00	 0000000000000,00	 0677685204831,00
145400102	 0000000000000,00	 0000000000000,00	 0000000000000,00	 0015810316296,00
145400103	 0000000000000,00	 0317526234745,00	 0000000000000,00	 0000000000000,00
145400104	 0000000000000,00	 0117613637288,00	 0000000000000,00	 0000000000000,00
145400105	 0000000000000,00	 0000049152223,00	 0000000000000,00	 0000000000000,00
145400106	 0000438142641,00	 0680072673003,00	 0000000000000,00	 0000000000000,00
145400200	 0075747489251,00	 0002227178449,00	 0000000000000,00	 1077013329912,00
145400201	 0000000000000,00	 0000000000000,00	 0000000000000,00	 0000000000000,00
145400202	 0067882294215,00	 0002227178449,00	 0000000000000,00	 0793195005582,00
145400203	 0000000000000,00	 0000000000000,00	 0000000000000,00	 0024187562871,00
145400204	 0007865195036,00	 0000000000000,00	 0000000000000,00	 0258958486559,00
145400205	 0000000000000,00	 0000000000000,00	 0000000000000,00	 0000000000000,00
145400290	 0000000000000,00	 0000000000000,00	 0000000000000,00	 0000672274900,00
145400300	 0101300449207,00	 0000000000000,00	 0000000000000,00	 0000000000000,00
145400400	 0008734334277,00	 0000000000000,00	 0000000000000,00	 0000547557170,00
145400401	 0005371872084,00	 0000000000000,00	 0000000000000,00	 0000547557170,00
145400402	 0003362462193,00	 0000000000000,00	 0000000000000,00	 0000000000000,00
145400500	 0109385062337,00	 0074924513701,00	 0000000000000,00	 0025185661142,00
145400501	 0059048726919,00	 0004710633064,00	 0000000000000,00	 0006321989311,00
145400502	 0050336335418,00	 0070213880637,00	 0000000000000,00	 0018863671831,00
145400600	 0435850497192,00	 0514249120124,00	 0097282876273,00	 0000000000000,00
145400601	 0112829044212,00	 0438816256853,00	 0029783611918,00	 0000000000000,00
145400602	 0323021452980,00	 0075432863271,00	 0067499264355,00	 0000000000000,00
145400700	 0000002244202,00	 1191898480131,00	 0000000000000,00	 0000000000000,00
145400701	 0000000000000,00	 1182623619592,00	 0000000000000,00	 0000000000000,00
145400702	 0000000000000,00	 0000902386571,00	 0000000000000,00	 0000000000000,00
145400703	 0000002244202,00	 0008372473968,00	 0000000000000,00	 0000000000000,00
145400900	 0009377277075,00	 0005701743808,00	 0000000000000,00	 0000000000000,00
145400901	 0000000000000,00	 0000000000000,00	 0000000000000,00	 0000000000000,00
145400902	 0007886327793,00	 0003102042742,00	 0000000000000,00	 0000000000000,00
145400990	 0001490949282,00	 0002599701066,00	 0000000000000,00	 0000000000000,00
146000000	 0001412423295,00	 14554526630757,00	 0000000000000,00	 0000000000000,00
146000100	 0000000000000,00	 0185799632229,00	 0000000000000,00	 0000000000000,00
146000200	 0000000000000,00	 0437486008567,00	 0000000000000,00	 0000000000000,00
146000300	 0000000000000,00	 0000000000000,00	 0000000000000,00	 0000000000000,00
146000400	 0001115044000,00	 13760953939416,00	 0000000000000,00	 0000000000000,00
146000401	 0001115044000,00	 12169828382731,00	 0000000000000,00	 0000000000000,00
146000402	 0000000000000,00	 1591125556685,00	 0000000000000,00	 0000000000000,00
146000500	 0000000000000,00	 0000000000000,00	 0000000000000,00	 0000000000000,00
146000900	 0000297379295,00	 0170287050545,00	 0000000000000,00	 0000000000000,00
146000901	 0000000000000,00	 0158453820476,00	 0000000000000,00	 0000000000000,00
146000902	 0000000000000,00	 0000000000000,00	 0000000000000,00	 0000000000000,00
146000903	 0000000000000,00	 0000000000000,00	 0000000000000,00	 0000000000000,00
146000909	 0000297379295,00	 0011833230069,00	 0000000000000,00	 0000000000000,00
148000000	 2626631186360,00	 0000000000000,00	 0000000000000,00	 0008779971359,00
148000100	 2067010265740,00	 0000000000000,00	 0000000000000,00	 0000000000000,00
148000200	 0108736260617,00	 0000000000000,00	 0000000000000,00	 0000000000000,00
148000300	 0450884660003,00	 0000000000000,00	 0000000000000,00	 0008779971359,00
148000301	 0337960686842,00	 0000000000000,00	 0000000000000,00	 0008779971359,00
148000302	 0112923973161,00	 0000000000000,00	 0000000000000,00	 0000000000000,00
148000400	 0000000000000,00	 0000000000000,00	 0000000000000,00	 0000000000000,00
148000900	 0000000000000,00	 0000000000000,00	 0000000000000,00	 0000000000000,00
148000901	 0000000000000,00	 0000000000000,00	 0000000000000,00	 0000000000000,00
148000902	 0000000000000,00	 0000000000000,00	 0000000000000,00	 0000000000000,00
149000000	-1254558987650,00	 0000000000000,00	 0000000000000,00	 0000000000000,00
149500100	-0757414745349,00	 0000000000000,00	 0000000000000,00	 0000000000000,00
149500101	-0131477666964,00	 0000000000000,00	 0000000000000,00	 0000000000000,00
149500102	-0038470028824,00	 0000000000000,00	 0000000000000,00	 0000000000000,00
149500103	-0205507250528,00	 0000000000000,00	 0000000000000,00	 0000000000000,00
149500104	-0098960951881,00	 0000000000000,00	 0000000000000,00	 0000000000000,00
149500105	-0274434472638,00	 0000000000000,00	 0000000000000,00	 0000000000000,00
149500109	-0008564374514,00	 0000000000000,00	 0000000000000,00	 0000000000000,00
149600100	-0139726624372,00	 0000000000000,00	 0000000000000,00	 0000000000000,00
149600101	-0032778548032,00	 0000000000000,00	 0000000000000,00	 0000000000000,00
149600102	-0106948076340,00	 0000000000000,00	 0000000000000,00	 0000000000000,00
149700100	-0357417617929,00	 0000000000000,00	 0000000000000,00	 0000000000000,00
149700101	-0137470368530,00	 0000000000000,00	 0000000000000,00	 0000000000000,00
149700102	-0219947249399,00	 0000000000000,00	 0000000000000,00	 0000000000000,00
150000000	 0023290840007,00	 0000000000000,00	 0000000000000,00	 0000203613177,00
150000100	 0000000000000,00	 0000000000000,00	 0000000000000,00	 0000000000000,00
150000200	 0000000000000,00	 0000000000000,00	 0000000000000,00	 0000000000000,00
150000201	 0000000000000,00	 0000000000000,00	 0000000000000,00	 0000000000000,00
150000202	 0000000000000,00	 0000000000000,00	 0000000000000,00	 0000000000000,00
150000300	 0018607222578,00	 0000000000000,00	 0000000000000,00	 0000000000000,00
150000400	 0000000000000,00	 0000000000000,00	 0000000000000,00	 0000000000000,00
150000500	 0000000000000,00	 0000000000000,00	 0000000000000,00	 0000000000000,00
150000600	 0000000000000,00	 0000000000000,00	 0000000000000,00	 0000000000000,00
150000700	 0002783998803,00	 0000000000000,00	 0000000000000,00	 0000000000000,00
150000800	 0001899618626,00	 0000000000000,00	 0000000000000,00	 0000203613177,00
160000000	 0046129296616,00	 0000000000000,00	 0000000000000,00	 0000000000000,00
160000100	 0000000000000,00	 0000000000000,00	 0000000000000,00	 0000000000000,00
160000200	 0000000000000,00	 0000000000000,00	 0000000000000,00	 0000000000000,00
160000201	 0000000000000,00	 0000000000000,00	 0000000000000,00	 0000000000000,00
160000202	 0000000000000,00	 0000000000000,00	 0000000000000,00	 0000000000000,00
160000203	 0000000000000,00	 0000000000000,00	 0000000000000,00	 0000000000000,00
160000204	 0000000000000,00	 0000000000000,00	 0000000000000,00	 0000000000000,00
160000205	 0000000000000,00	 0000000000000,00	 0000000000000,00	 0000000000000,00
160000206	 0000000000000,00	 0000000000000,00	 0000000000000,00	 0000000000000,00
160000207	 0000000000000,00	 0000000000000,00	 0000000000000,00	 0000000000000,00
160000208	 0000000000000,00	 0000000000000,00	 0000000000000,00	 0000000000000,00
160000209	 0000000000000,00	 0000000000000,00	 0000000000000,00	 0000000000000,00
160000219	 0000000000000,00	 0000000000000,00	 0000000000000,00	 0000000000000,00
160000300	 0046129296616,00	 0000000000000,00	 0000000000000,00	 0000000000000,00
160000301	 0206475590300,00	 0000000000000,00	 0000000000000,00	 0000000000000,00
160000302	 0122074021384,00	 0000000000000,00	 0000000000000,00	 0000000000000,00
160000303	 0000000000000,00	 0000000000000,00	 0000000000000,00	 0000000000000,00
160000309	 0000000000000,00	 0000000000000,00	 0000000000000,00	 0000000000000,00
160000319	-0282420315068,00	 0000000000000,00	 0000000000000,00	 0000000000000,00
170000000	 0312782327081,00	 0000000000000,00	 0000000000000,00	 0000000000000,00
170000100	 0170101703720,00	 0000000000000,00	 0000000000000,00	 0000000000000,00
170000101	 0147069817100,00	 0000000000000,00	 0000000000000,00	 0000000000000,00
170000102	 0060972644881,00	 0000000000000,00	 0000000000000,00	 0000000000000,00
170000119	-0037940758261,00	 0000000000000,00	 0000000000000,00	 0000000000000,00
170000200	 0142680623361,00	 0000000000000,00	 0000000000000,00	 0000000000000,00
170000201	 0239885665527,00	 0000000000000,00	 0000000000000,00	 0000000000000,00
170000209	 0240046057859,00	 0000000000000,00	 0000000000000,00	 0000000000000,00
170000219	-0337251100025,00	 0000000000000,00	 0000000000000,00	 0000000000000,00
175000000	 0074154566579,00	 0000000000000,00	 0000000000000,00	 0000000000000,00
175000100	 0064103211078,00	 0000000000000,00	 0000000000000,00	 0000000000000,00
175000101	 0115769759329,00	 0000000000000,00	 0000000000000,00	 0000000000000,00
175000102	 0000869900133,00	 0000000000000,00	 0000000000000,00	 0000000000000,00
175000119	-0052536448384,00	 0000000000000,00	 0000000000000,00	 0000000000000,00
175000200	 0010051355501,00	 0000000000000,00	 0000000000000,00	 0000000000000,00
175000201	 0034713676882,00	 0000000000000,00	 0000000000000,00	 0000000000000,00
175000219	-0024662321381,00	 0000000000000,00	 0000000000000,00	 0000000000000,00
175000300	 0000000000000,00	 0000000000000,00	 0000000000000,00	 0000000000000,00
175000301	 0000000000000,00	 0000000000000,00	 0000000000000,00	 0000000000000,00
175000309	 0000000000000,00	 0000000000000,00	 0000000000000,00	 0000000000000,00
175000319	 0000000000000,00	 0000000000000,00	 0000000000000,00	 0000000000000,00
175000400	 0000000000000,00	 0000000000000,00	 0000000000000,00	 0000000000000,00
175000401	 0000000000000,00	 0000000000000,00	 0000000000000,00	 0000000000000,00
175000409	 0000000000000,00	 0000000000000,00	 0000000000000,00	 0000000000000,00
175000419	 0000000000000,00	 0000000000000,00	 0000000000000,00	 0000000000000,00
180000000	 0000141545975,00	 0000000000000,00	 0000000000000,00	 0000000000000,00
185000000	 1882424549327,00	 0000000000000,00	 0000000000000,00	 0000000000000,00
190000000	 0596200329095,00	 0007497418375,00	 0017723254860,00	 0788155274760,00
190000100	 0043531440141,00	 0006493074286,00	 0017723254860,00	 0000000000000,00
190000101	 0043531440141,00	 0006493074286,00	 0017723254860,00	 0000000000000,00
190000102	 0000000000000,00	 0000000000000,00	 0000000000000,00	 0000000000000,00
190000103	 0000000000000,00	 0000000000000,00	 0000000000000,00	 0000000000000,00
190000200	 0000000000000,00	 0000000000000,00	 0000000000000,00	 0777992119882,00
190000201	 0000000000000,00	 0000000000000,00	 0000000000000,00	 0000000000000,00
190000202	 0000000000000,00	 0000000000000,00	 0000000000000,00	 0023334041391,00
190000203	 0000000000000,00	 0000000000000,00	 0000000000000,00	 0000000000000,00
190000204	 0000000000000,00	 0000000000000,00	 0000000000000,00	 0754658078491,00
190000300	 0158982082699,00	 0000000000000,00	 0000000000000,00	 0000000000000,00
190000301	 0158982082699,00	 0000000000000,00	 0000000000000,00	 0000000000000,00
190000302	 0000000000000,00	 0000000000000,00	 0000000000000,00	 0000000000000,00
190000303	 0000000000000,00	 0000000000000,00	 0000000000000,00	 0000000000000,00
190000400	 0000000000000,00	 0000000000000,00	 0000000000000,00	 0000000000000,00
190000401	 0000000000000,00	 0000000000000,00	 0000000000000,00	 0000000000000,00
190000402	 0000000000000,00	 0000000000000,00	 0000000000000,00	 0000000000000,00
190000500	 0246105518361,00	 0001004331561,00	 0000000000000,00	 0007913578622,00
190000501	 0000518666413,00	 0000000000000,00	 0000000000000,00	 0000000000000,00
190000502	 0000000000000,00	 0000000000000,00	 0000000000000,00	 0000000000000,00
190000503	 0122357503946,00	 0001004331561,00	 0000000000000,00	 0000000000000,00
190000504	 0000000000000,00	 0000000000000,00	 0000000000000,00	 0000000000000,00
190000505	 0003314168013,00	 0000000000000,00	 0000000000000,00	 0000000000000,00
190000509	 0119915179989,00	 0000000000000,00	 0000000000000,00	 0007913578622,00
190000600	 0000000000000,00	 0000000000000,00	 0000000000000,00	 0000000000000,00
190000700	 0000000000000,00	 0000000000000,00	 0000000000000,00	 0000000000000,00
190000701	 0000000000000,00	 0000000000000,00	 0000000000000,00	 0000000000000,00
190000702	 0000000000000,00	 0000000000000,00	 0000000000000,00	 0000000000000,00
190000800	 0001323540085,00	 0000000000000,00	 0000000000000,00	 0000000000000,00
190000900	 0077191370023,00	 0000000000000,00	 0000000000000,00	 0000000000000,00
190001000	 0000000000000,00	 0000000000000,00	 0000000000000,00	 0000000000000,00
190001100	 0000000000000,00	 0000000000000,00	 0000000000000,00	 0000000000000,00
190001200	 0023480587507,00	 0000000000000,00	 0000000000000,00	 0000224443048,00
190001300	 0000000000000,00	 0000000000000,00	 0000000000000,00	 0000000000000,00
190001400	 0000123901232,00	 0000000000000,00	 0000000000000,00	 0000000000000,00
190001500	 0016912880461,00	 0000000000000,00	 0000000000000,00	 0002025133225,00
190002900	 0028549008586,00	 0000000012528,00	 0000000000000,00	-0000000000017,00
192500100	 0000000000000,00	 0000000000000,00	 0000000000000,00	 0000000000000,00
192500101	 0000000000000,00	 0000000000000,00	 0000000000000,00	 0000000000000,00
192500102	 0000000000000,00	 0000000000000,00	 0000000000000,00	 0000000000000,00
192500103	 0000000000000,00	 0000000000000,00	 0000000000000,00	 0000000000000,00
195000000	 0003589490315,00	 0000000000000,00	 0000000000000,00	 0000000000000,00
195000100	 0001670142518,00	 0000000000000,00	 0000000000000,00	 0000000000000,00
195000101	 0000000000000,00	 0000000000000,00	 0000000000000,00	 0000000000000,00
195000102	 0001670142518,00	 0000000000000,00	 0000000000000,00	 0000000000000,00
195000103	 0000000000000,00	 0000000000000,00	 0000000000000,00	 0000000000000,00
195000200	 0001919347797,00	 0000000000000,00	 0000000000000,00	 0000000000000,00
195000201	 0000000000000,00	 0000000000000,00	 0000000000000,00	 0000000000000,00
195000202	 0000000000000,00	 0000000000000,00	 0000000000000,00	 0000000000000,00
195000203	 0000000000000,00	 0000000000000,00	 0000000000000,00	 0000000000000,00
195000204	 0001919347797,00	 0000000000000,00	 0000000000000,00	 0000000000000,00
195000219	 0000000000000,00	 0000000000000,00	 0000000000000,00	 0000000000000,00
195000300	 0000000000000,00	 0000000000000,00	 0000000000000,00	 0000000000000,00
200000000	 33382672317677,00	 13907928836330,00	 0000000000000,00	 6258428304833,00
207000000	 0127779292276,00	 0000000000000,00	 0000000000000,00	 0130795162711,00
207000100	 0000000000000,00	 0000000000000,00	 0000000000000,00	 0000000000000,00
207000101	 0000000000000,00	 0000000000000,00	 0000000000000,00	 0000000000000,00
207000102	 0000000000000,00	 0000000000000,00	 0000000000000,00	 0000000000000,00
207000200	 0000000000000,00	 0000000000000,00	 0000000000000,00	 0000000000000,00
207000300	 0127779292276,00	 0000000000000,00	 0000000000000,00	 0130795162711,00
207000301	 0115766916539,00	 0000000000000,00	 0000000000000,00	 0000000000000,00
207000309	 0000000000000,00	 0000000000000,00	 0000000000000,00	 0099404880000,00
207000311	 0003776041932,00	 0000000000000,00	 0000000000000,00	 0000000000000,00
207000319	 0008236333805,00	 0000000000000,00	 0000000000000,00	 0031390282711,00
210000000	 1740618383316,00	 0000000000000,00	 0000000000000,00	 0000000000000,00
211000100	 1740618383316,00	 0000000000000,00	 0000000000000,00	 0000000000000,00
211000101	 0357615625014,00	 0000000000000,00	 0000000000000,00	 0000000000000,00
211000102	 1382680969338,00	 0000000000000,00	 0000000000000,00	 0000000000000,00
211000103	 0000297441064,00	 0000000000000,00	 0000000000000,00	 0000000000000,00
211000104	 0000024347900,00	 0000000000000,00	 0000000000000,00	 0000000000000,00
211000105	 0000000000000,00	 0000000000000,00	 0000000000000,00	 0000000000000,00
211000190	 0000000000000,00	 0000000000000,00	 0000000000000,00	 0000000000000,00
213000100	 0000000000000,00	 0000000000000,00	 0000000000000,00	 0000000000000,00
213000101	 0000000000000,00	 0000000000000,00	 0000000000000,00	 0000000000000,00
213000102	 0000000000000,00	 0000000000000,00	 0000000000000,00	 0000000000000,00
213000103	 0000000000000,00	 0000000000000,00	 0000000000000,00	 0000000000000,00
213000109	 0000000000000,00	 0000000000000,00	 0000000000000,00	 0000000000000,00
218000000	 0000000000000,00	 0000000000000,00	 0000000000000,00	 0000000000000,00
218000001	 0000000000000,00	 0000000000000,00	 0000000000000,00	 0000000000000,00
218000002	 0000000000000,00	 0000000000000,00	 0000000000000,00	 0000000000000,00
218000003	 0000000000000,00	 0000000000000,00	 0000000000000,00	 0000000000000,00
218000009	 0000000000000,00	 0000000000000,00	 0000000000000,00	 0000000000000,00
230000000	 0501566704737,00	 0000000000000,00	 0000000000000,00	 0000000000000,00
230000100	 0501566704737,00	 0000000000000,00	 0000000000000,00	 0000000000000,00
230000101	 0000000000000,00	 0000000000000,00	 0000000000000,00	 0000000000000,00
230000102	 0501566704737,00	 0000000000000,00	 0000000000000,00	 0000000000000,00
230000103	 0000000000000,00	 0000000000000,00	 0000000000000,00	 0000000000000,00
230000104	 0000000000000,00	 0000000000000,00	 0000000000000,00	 0000000000000,00
230000105	 0000000000000,00	 0000000000000,00	 0000000000000,00	 0000000000000,00
230000190	 0000000000000,00	 0000000000000,00	 0000000000000,00	 0000000000000,00
240000000	 28135882066792,00	 12473235805236,00	 0000000000000,00	 6031532052931,00
241000000	 13018541561243,00	 0468736633290,00	 0000000000000,00	 0351988024233,00
241000100	 7161820973565,00	 0000000000000,00	 0000000000000,00	 0314474196927,00
241000101	 0002529524954,00	 0000000000000,00	 0000000000000,00	 0000211735514,00
241000102	 0000000000000,00	 0000000000000,00	 0000000000000,00	 0000000000000,00
241000103	 5781731583778,00	 0000000000000,00	 0000000000000,00	 0310821866389,00
241000104	 1377559864833,00	 0000000000000,00	 0000000000000,00	 0003440595024,00
241000200	 4573120777269,00	 0000000000000,00	 0000000000000,00	 0000000000000,00
241000201	 0240452268652,00	 0000000000000,00	 0000000000000,00	 0000000000000,00
241000202	 4332668508617,00	 0000000000000,00	 0000000000000,00	 0000000000000,00
241000300	 0186584920176,00	 0000000000000,00	 0000000000000,00	 0000000000000,00
241000301	 0186584920176,00	 0000000000000,00	 0000000000000,00	 0000000000000,00
241000400	 0000000000000,00	 0000000000000,00	 0000000000000,00	 0000000000000,00
241000401	 0000000000000,00	 0000000000000,00	 0000000000000,00	 0000000000000,00
241000402	 0000000000000,00	 0000000000000,00	 0000000000000,00	 0000000000000,00
241000500	 1097014890233,00	 0468736633290,00	 0000000000000,00	 0037513827306,00
241000501	 0005017255896,00	 0000000000000,00	 0000000000000,00	 0000000000000,00
241000502	 0000000000000,00	 0000000000000,00	 0000000000000,00	 0000000000000,00
241000503	 0000000000000,00	 0000000000000,00	 0000000000000,00	 0000000000000,00
241000504	 0534260596498,00	 0000020669414,00	 0000000000000,00	 0000021483135,00
241000505	 0013757871120,00	 0000000000000,00	 0000000000000,00	 0000000000000,00
241000506	 0310172616724,00	 0000000000000,00	 0000000000000,00	 0000095425478,00
241000507	 0000000000000,00	 0000000000000,00	 0000000000000,00	 0011042827339,00
241000508	 0000000000000,00	 0000000000000,00	 0000000000000,00	 0000000000000,00
241000509	 0023244273621,00	 0000000000000,00	 0000000000000,00	 0000000000000,00
241000510	 0021308382183,00	 0000000000000,00	 0000000000000,00	 0000638557631,00
241000511	 0006580988112,00	 0000000000000,00	 0000000000000,00	 0000346312353,00
241000512	 0000000000000,00	 0000000000000,00	 0000000000000,00	 0000000000000,00
241000513	 0000000000000,00	 0000000000000,00	 0000000000000,00	 0000000000000,00
241000590	 0182672906079,00	 0468715963876,00	 0000000000000,00	 0025369221370,00
242000000	 10286195942911,00	 6935840507469,00	 0000000000000,00	 1397608933762,00
242000100	 6992426144695,00	 0721713591135,00	 0000000000000,00	 1397101163029,00
242000200	 3290027321499,00	 6205871476335,00	 0000000000000,00	 0000000000000,00
242000201	 2404998162185,00	 5638428982103,00	 0000000000000,00	 0000000000000,00
242000202	 0885029159314,00	 0567442494232,00	 0000000000000,00	 0000000000000,00
242000300	 0003742476717,00	 0008255439999,00	 0000000000000,00	 0000507770733,00
242000301	 0003742476713,00	 0008255439999,00	 0000000000000,00	 0000507770733,00
242000302	 0000000000000,00	 0000000000000,00	 0000000000000,00	 0000000000000,00
242000390	 0000000000004,00	 0000000000000,00	 0000000000000,00	 0000000000000,00
243000000	 0724011385078,00	 0000000000000,00	 0000000000000,00	 0343110246187,00
243000100	 0000000000000,00	 0000000000000,00	 0000000000000,00	 0000000000000,00
243000101	 0000000000000,00	 0000000000000,00	 0000000000000,00	 0000000000000,00
243000102	 0000000000000,00	 0000000000000,00	 0000000000000,00	 0000000000000,00
243000103	 0000000000000,00	 0000000000000,00	 0000000000000,00	 0000000000000,00
243000200	 0000000000000,00	 0000000000000,00	 0000000000000,00	 0000000000000,00
243000201	 0000000000000,00	 0000000000000,00	 0000000000000,00	 0000000000000,00
243000202	 0000000000000,00	 0000000000000,00	 0000000000000,00	 0000000000000,00
243000203	 0000000000000,00	 0000000000000,00	 0000000000000,00	 0000000000000,00
243000300	 0724011385078,00	 0000000000000,00	 0000000000000,00	 0343110246187,00
243000301	 0724011385078,00	 0000000000000,00	 0000000000000,00	 0343110246187,00
243000302	 0000000000000,00	 0000000000000,00	 0000000000000,00	 0000000000000,00
243000400	 0000000000000,00	 0000000000000,00	 0000000000000,00	 0000000000000,00
243000401	 0000000000000,00	 0000000000000,00	 0000000000000,00	 0000000000000,00
243000402	 0000000000000,00	 0000000000000,00	 0000000000000,00	 0000000000000,00
244000000	 3986826000000,00	 0000000000000,00	 0000000000000,00	 0803722562413,00
244250000	 0000000000000,00	 0000000000000,00	 0000000000000,00	 0000000000000,00
244250100	 0000000000000,00	 0000000000000,00	 0000000000000,00	 0000000000000,00
244250101	 0000000000000,00	 0000000000000,00	 0000000000000,00	 0000000000000,00
244250102	 0000000000000,00	 0000000000000,00	 0000000000000,00	 0000000000000,00
244250103	 0000000000000,00	 0000000000000,00	 0000000000000,00	 0000000000000,00
244250200	 0000000000000,00	 0000000000000,00	 0000000000000,00	 0000000000000,00
244250201	 0000000000000,00	 0000000000000,00	 0000000000000,00	 0000000000000,00
244250202	 0000000000000,00	 0000000000000,00	 0000000000000,00	 0000000000000,00
244250203	 0000000000000,00	 0000000000000,00	 0000000000000,00	 0000000000000,00
244250204	 0000000000000,00	 0000000000000,00	 0000000000000,00	 0000000000000,00
244250209	 0000000000000,00	 0000000000000,00	 0000000000000,00	 0000000000000,00
244500000	 0000000000000,00	 0000000000000,00	 0000000000000,00	 0803722562413,00
244500100	 0000000000000,00	 0000000000000,00	 0000000000000,00	 0233914707062,00
244500101	 0000000000000,00	 0000000000000,00	 0000000000000,00	 0204889684686,00
244500102	 0000000000000,00	 0000000000000,00	 0000000000000,00	 0029010605982,00
244500103	 0000000000000,00	 0000000000000,00	 0000000000000,00	 0000014416394,00
244500200	 0000000000000,00	 0000000000000,00	 0000000000000,00	 0569807855351,00
244500201	 0000000000000,00	 0000000000000,00	 0000000000000,00	 0000000000000,00
244500202	 0000000000000,00	 0000000000000,00	 0000000000000,00	 0552289306337,00
244500203	 0000000000000,00	 0000000000000,00	 0000000000000,00	 0000000000000,00
244500204	 0000000000000,00	 0000000000000,00	 0000000000000,00	 0000000000000,00
244500209	 0000000000000,00	 0000000000000,00	 0000000000000,00	 0017518549014,00
244700000	 3986826000000,00	 0000000000000,00	 0000000000000,00	 0000000000000,00
244700100	 3986826000000,00	 0000000000000,00	 0000000000000,00	 0000000000000,00
244700200	 0000000000000,00	 0000000000000,00	 0000000000000,00	 0000000000000,00
244900000	 0000000000000,00	 0000000000000,00	 0000000000000,00	 0000000000000,00
244900100	 0000000000000,00	 0000000000000,00	 0000000000000,00	 0000000000000,00
244900200	 0000000000000,00	 0000000000000,00	 0000000000000,00	 0000000000000,00
245000000	-0003092316580,00	 5068658664477,00	 0000000000000,00	 3130788958498,00
245000100	 0000016039709,00	 0320582143482,00	 0000000000000,00	 0000000000000,00
245000101	 0000007743041,00	 0196211797375,00	 0000000000000,00	 0000000000000,00
245000102	 0000008296668,00	 0124370346107,00	 0000000000000,00	 0000000000000,00
245000200	-0003108356289,00	 4748076520995,00	 0000000000000,00	 3130788958498,00
245000201	-0003108356289,00	 4748076520995,00	 0000000000000,00	 3130788958498,00
245000203	 0000000000000,00	 0000000000000,00	 0000000000000,00	 0000000000000,00
246000000	 0123399494140,00	 0000000000000,00	 0000000000000,00	 0004313327838,00
246000100	 0000000000000,00	 0000000000000,00	 0000000000000,00	 0000000000000,00
246000101	 0000000000000,00	 0000000000000,00	 0000000000000,00	 0000000000000,00
246000102	 0000000000000,00	 0000000000000,00	 0000000000000,00	 0000000000000,00
246000200	 0120068294131,00	 0000000000000,00	 0000000000000,00	 0004313327838,00
246000201	 0120012748018,00	 0000000000000,00	 0000000000000,00	 0001900856118,00
246000202	 0000000000000,00	 0000000000000,00	 0000000000000,00	 0000000000000,00
246000203	 0000000000000,00	 0000000000000,00	 0000000000000,00	 0000000000000,00
246000204	 0000000000000,00	 0000000000000,00	 0000000000000,00	 0000000000000,00
246000205	 0000000000000,00	 0000000000000,00	 0000000000000,00	 0000000000000,00
246000206	 0000000000000,00	 0000000000000,00	 0000000000000,00	 0000000000000,00
246000207	 0000055546113,00	 0000000000000,00	 0000000000000,00	 0000000000000,00
246000208	 0000000000000,00	 0000000000000,00	 0000000000000,00	 0002412471720,00
246000290	 0000000000000,00	 0000000000000,00	 0000000000000,00	 0000000000000,00
246000300	 0003331200009,00	 0000000000000,00	 0000000000000,00	 0000000000000,00
246000301	 0000000000000,00	 0000000000000,00	 0000000000000,00	 0000000000000,00
246000302	 0003331200009,00	 0000000000000,00	 0000000000000,00	 0000000000000,00
246000303	 0000000000000,00	 0000000000000,00	 0000000000000,00	 0000000000000,00
246000304	 0000000000000,00	 0000000000000,00	 0000000000000,00	 0000000000000,00
246000305	 0000000000000,00	 0000000000000,00	 0000000000000,00	 0000000000000,00
246000390	 0000000000000,00	 0000000000000,00	 0000000000000,00	 0000000000000,00
250000000	 0047877522593,00	 0021542395703,00	 0000000000000,00	 0005126868718,00
255000000	 0000000000000,00	 1413131649136,00	 0000000000000,00	 0000000000000,00
255000100	 0000000000000,00	 1413131649136,00	 0000000000000,00	 0000000000000,00
255000101	 0000000000000,00	 0000000000000,00	 0000000000000,00	 0000000000000,00
255000102	 0000000000000,00	 1413131649136,00	 0000000000000,00	 0000000000000,00
255000200	 0000000000000,00	 0000000000000,00	 0000000000000,00	 0000000000000,00
255000300	 0000000000000,00	 0000000000000,00	 0000000000000,00	 0000000000000,00
260000000	 0225640682427,00	 0000000000000,00	 0000000000000,00	 0000000000000,00
260000100	 0190209404400,00	 0000000000000,00	 0000000000000,00	 0000000000000,00
260000101	 0091465607282,00	 0000000000000,00	 0000000000000,00	 0000000000000,00
260000102	 0000000000000,00	 0000000000000,00	 0000000000000,00	 0000000000000,00
260000103	 0098550002587,00	 0000000000000,00	 0000000000000,00	 0000000000000,00
260000104	 0000193794531,00	 0000000000000,00	 0000000000000,00	 0000000000000,00
260000105	 0000000000000,00	 0000000000000,00	 0000000000000,00	 0000000000000,00
260000106	 0000000000000,00	 0000000000000,00	 0000000000000,00	 0000000000000,00
260000107	 0000000000000,00	 0000000000000,00	 0000000000000,00	 0000000000000,00
260000109	 0000000000000,00	 0000000000000,00	 0000000000000,00	 0000000000000,00
260000200	 0000000000000,00	 0000000000000,00	 0000000000000,00	 0000000000000,00
260000300	 0000000000000,00	 0000000000000,00	 0000000000000,00	 0000000000000,00
260000400	 0012728371548,00	 0000000000000,00	 0000000000000,00	 0000000000000,00
260000500	 0003859822349,00	 0000000000000,00	 0000000000000,00	 0000000000000,00
260000600	 0007846225865,00	 0000000000000,00	 0000000000000,00	 0000000000000,00
260000900	 0010996858265,00	 0000000000000,00	 0000000000000,00	 0000000000000,00
265000000	 0282812078226,00	 0000000000000,00	 0000000000000,00	 0000000000000,00
265000100	 0282812078226,00	 0000000000000,00	 0000000000000,00	 0000000000000,00
265000101	 0282812078226,00	 0000000000000,00	 0000000000000,00	 0000000000000,00
265000102	 0000000000000,00	 0000000000000,00	 0000000000000,00	 0000000000000,00
265000200	 0000000000000,00	 0000000000000,00	 0000000000000,00	 0000000000000,00
265000300	 0000000000000,00	 0000000000000,00	 0000000000000,00	 0000000000000,00
270000000	 1043869318363,00	 0000000000000,00	 0000000000000,00	 0000000000000,00
271000000	 0073247792668,00	 0000000000000,00	 0000000000000,00	 0000000000000,00
271000100	 0001790778983,00	 0000000000000,00	 0000000000000,00	 0000000000000,00
271000200	 0000466994605,00	 0000000000000,00	 0000000000000,00	 0000000000000,00
271000400	 0026963567004,00	 0000000000000,00	 0000000000000,00	 0000000000000,00
271000500	 0028498080685,00	 0000000000000,00	 0000000000000,00	 0000000000000,00
271000501	 0004748070272,00	 0000000000000,00	 0000000000000,00	 0000000000000,00
271000502	 0000000000000,00	 0000000000000,00	 0000000000000,00	 0000000000000,00
271000503	 0003312681309,00	 0000000000000,00	 0000000000000,00	 0000000000000,00
271000504	 0020437329104,00	 0000000000000,00	 0000000000000,00	 0000000000000,00
271000505	 0000000000000,00	 0000000000000,00	 0000000000000,00	 0000000000000,00
271000600	 0015528371391,00	 0000000000000,00	 0000000000000,00	 0000000000000,00
271000601	 0010449318143,00	 0000000000000,00	 0000000000000,00	 0000000000000,00
271000602	 0005079053248,00	 0000000000000,00	 0000000000000,00	 0000000000000,00
271000700	 0000000000000,00	 0000000000000,00	 0000000000000,00	 0000000000000,00
271000701	 0000000000000,00	 0000000000000,00	 0000000000000,00	 0000000000000,00
271000702	 0000000000000,00	 0000000000000,00	 0000000000000,00	 0000000000000,00
271000703	 0000000000000,00	 0000000000000,00	 0000000000000,00	 0000000000000,00
271000704	 0000000000000,00	 0000000000000,00	 0000000000000,00	 0000000000000,00
271000705	 0000000000000,00	 0000000000000,00	 0000000000000,00	 0000000000000,00
271000800	 0000000000000,00	 0000000000000,00	 0000000000000,00	 0000000000000,00
271000900	 0000000000000,00	 0000000000000,00	 0000000000000,00	 0000000000000,00
272000000	 0008116474146,00	 0000000000000,00	 0000000000000,00	 0000000000000,00
273000000	 0000000000000,00	 0000000000000,00	 0000000000000,00	 0000000000000,00
274000000	 0962505051549,00	 0000000000000,00	 0000000000000,00	 0000000000000,00
274000100	 0380128584097,00	 0000000000000,00	 0000000000000,00	 0000000000000,00
274000200	 0330476467452,00	 0000000000000,00	 0000000000000,00	 0000000000000,00
274000300	 0251900000000,00	 0000000000000,00	 0000000000000,00	 0000000000000,00
275000000	 0000000000000,00	 0000000000000,00	 0000000000000,00	 0000000000000,00
275000100	 0000000000000,00	 0000000000000,00	 0000000000000,00	 0000000000000,00
275000200	 0000000000000,00	 0000000000000,00	 0000000000000,00	 0000000000000,00
275000300	 0000000000000,00	 0000000000000,00	 0000000000000,00	 0000000000000,00
275000400	 0000000000000,00	 0000000000000,00	 0000000000000,00	 0000000000000,00
275000500	 0000000000000,00	 0000000000000,00	 0000000000000,00	 0000000000000,00
275000600	 0000000000000,00	 0000000000000,00	 0000000000000,00	 0000000000000,00
279000000	 0000000000000,00	 0000000000000,00	 0000000000000,00	 0000000000000,00
279000100	 0000000000000,00	 0000000000000,00	 0000000000000,00	 0000000000000,00
279000200	 0000000000000,00	 0000000000000,00	 0000000000000,00	 0000000000000,00
279000300	 0000000000000,00	 0000000000000,00	 0000000000000,00	 0000000000000,00
280000000	 0637383763821,00	 0000000000000,00	 0000000000000,00	 0000000000000,00
285000000	 0000619446148,00	 0000000000000,00	 0000000000000,00	 0000000000000,00
290000000	 0638623058978,00	 0000018986255,00	 0000000000000,00	 0090974220473,00
290000100	 0027927202781,00	 0000000000000,00	 0000000000000,00	 0082972415621,00
290000101	 0027927202781,00	 0000000000000,00	 0000000000000,00	 0000000000000,00
290000102	 0000000000000,00	 0000000000000,00	 0000000000000,00	 0000000000000,00
290000103	 0000000000000,00	 0000000000000,00	 0000000000000,00	 0000000000000,00
290000104	 0000000000000,00	 0000000000000,00	 0000000000000,00	 0082972415621,00
290000200	 0094758160333,00	 0000000000000,00	 0000000000000,00	 0000000000000,00
290000201	 0094758160333,00	 0000000000000,00	 0000000000000,00	 0000000000000,00
290000202	 0000000000000,00	 0000000000000,00	 0000000000000,00	 0000000000000,00
290000203	 0000000000000,00	 0000000000000,00	 0000000000000,00	 0000000000000,00
290000300	 0184645316811,00	 0000000000000,00	 0000000000000,00	 0003987602791,00
290000301	 0000158848799,00	 0000000000000,00	 0000000000000,00	 0000000000000,00
290000302	 0002019615668,00	 0000000000000,00	 0000000000000,00	 0000000000000,00
290000303	 0000000000000,00	 0000000000000,00	 0000000000000,00	 0000000000000,00
290000304	 0000000337653,00	 0000000000000,00	 0000000000000,00	 0000000000000,00
290000305	 0001007733231,00	 0000000000000,00	 0000000000000,00	 0000000000000,00
290000306	 0001155170858,00	 0000000000000,00	 0000000000000,00	 0000000000000,00
290000307	 0020135981006,00	 0000000000000,00	 0000000000000,00	 0000000000000,00
290000308	 0008376414274,00	 0000000000000,00	 0000000000000,00	 0000000000000,00
290000309	 0000000516072,00	 0000000000000,00	 0000000000000,00	 0000000000000,00
290000390	 0151790699250,00	 0000000000000,00	 0000000000000,00	 0003987602791,00
290000400	 0000000000000,00	 0000000000000,00	 0000000000000,00	 0000000000000,00
290000500	 0010576218960,00	 0000000000000,00	 0000000000000,00	 0000000000000,00
290000501	 0010576218960,00	 0000000000000,00	 0000000000000,00	 0000000000000,00
290000502	 0000000000000,00	 0000000000000,00	 0000000000000,00	 0000000000000,00
290000700	 0000000000000,00	 0000000000000,00	 0000000000000,00	 0000000000000,00
290000800	 0299646229251,00	 0000000000000,00	 0000000000000,00	 0000000000000,00
290000801	 0000000000000,00	 0000000000000,00	 0000000000000,00	 0000000000000,00
290000802	 0009838912582,00	 0000000000000,00	 0000000000000,00	 0000000000000,00
290000803	 0004622218339,00	 0000000000000,00	 0000000000000,00	 0000000000000,00
290000809	 0285185098330,00	 0000000000000,00	 0000000000000,00	 0000000000000,00
290000900	 0002133698010,00	 0000000000000,00	 0000000000000,00	 0000000000000,00
290001000	 0000000000000,00	 0000018986255,00	 0000000000000,00	 0000000000000,00
290001100	 0017897450263,00	 0000000000000,00	 0000000000000,00	 0004014202061,00
290001200	 0001038782569,00	 0000000000000,00	 0000000000000,00	 0000000000000,00
295000000	 0000000000000,00	 0000000000000,00	 0000000000000,00	 0000000000000,00
300000000	 2489042463012,00	 0822397426016,00	 0005073450072,00	 0034728810627,00
310000000	 1422887000000,00	 0000000000000,00	 0000000000000,00	 0000000000000,00
311000000	 1422887000000,00	 0000000000000,00	 0000000000000,00	 0000000000000,00
311000100	 1422887000000,00	 0000000000000,00	 0000000000000,00	 0000000000000,00
311000200	 0000000000000,00	 0000000000000,00	 0000000000000,00	 0000000000000,00
311000300	 0000000000000,00	 0000000000000,00	 0000000000000,00	 0000000000000,00
311000400	 0000000000000,00	 0000000000000,00	 0000000000000,00	 0000000000000,00
311000500	 0000000000000,00	 0000000000000,00	 0000000000000,00	 0000000000000,00
311000600	 0000000000000,00	 0000000000000,00	 0000000000000,00	 0000000000000,00
312000000	 0000000000000,00	 0000000000000,00	 0000000000000,00	 0000000000000,00
313000000	 0000000000000,00	 0000000000000,00	 0000000000000,00	 0000000000000,00
320000000	 1607540319930,00	 0000000000000,00	 0000000000000,00	 0000000000000,00
320000100	 0011476325777,00	 0000000000000,00	 0000000000000,00	 0000000000000,00
320000200	 1596063994153,00	 0000000000000,00	 0000000000000,00	 0000000000000,00
320000300	 0000000000000,00	 0000000000000,00	 0000000000000,00	 0000000000000,00
320000400	 0000000000000,00	 0000000000000,00	 0000000000000,00	 0000000000000,00
330000000	 0026517322642,00	 0000000000000,00	 0000000000000,00	 0000000000000,00
331000000	-0003572564668,00	 0000000000000,00	 0000000000000,00	 0000000000000,00
331000100	-0005745481932,00	 0000000000000,00	 0000000000000,00	 0000000000000,00
331000200	 0002172917264,00	 0000000000000,00	 0000000000000,00	 0000000000000,00
331000201	 0002172917264,00	 0000000000000,00	 0000000000000,00	 0000000000000,00
331000202	 0000000000000,00	 0000000000000,00	 0000000000000,00	 0000000000000,00
331000203	 0000000000000,00	 0000000000000,00	 0000000000000,00	 0000000000000,00
331000209	 0000000000000,00	 0000000000000,00	 0000000000000,00	 0000000000000,00
331000300	 0000000000000,00	 0000000000000,00	 0000000000000,00	 0000000000000,00
331000400	 0000000000000,00	 0000000000000,00	 0000000000000,00	 0000000000000,00
331000500	 0000000000000,00	 0000000000000,00	 0000000000000,00	 0000000000000,00
331000900	 0000000000000,00	 0000000000000,00	 0000000000000,00	 0000000000000,00
332000000	 0030089887310,00	 0000000000000,00	 0000000000000,00	 0000000000000,00
332000100	 0000078081007,00	 0000000000000,00	 0000000000000,00	 0000000000000,00
332000200	 0000000000000,00	 0000000000000,00	 0000000000000,00	 0000000000000,00
332000300	 0000000000000,00	 0000000000000,00	 0000000000000,00	 0000000000000,00
332000400	 0029953495418,00	 0000000000000,00	 0000000000000,00	 0000000000000,00
332000500	 0000000000000,00	 0000000000000,00	 0000000000000,00	 0000000000000,00
332000600	 0000058310885,00	 0000000000000,00	 0000000000000,00	 0000000000000,00
332000700	 0000000000000,00	 0000000000000,00	 0000000000000,00	 0000000000000,00
332000900	 0000000000000,00	 0000000000000,00	 0000000000000,00	 0000000000000,00
340000000	 0000000000000,00	 0000000000000,00	 0000000000000,00	 0000000000000,00
340000100	 0000000000000,00	 0000000000000,00	 0000000000000,00	 0000000000000,00
340000200	 0000000000000,00	 0000000000000,00	 0000000000000,00	 0000000000000,00
350000000	-0296575530263,00	 0822397426016,00	 0005073450072,00	 0034728810627,00
360000000	-0282812078226,00	 0000000000000,00	 0000000000000,00	 0000000000000,00
360000100	-0282812078226,00	 0000000000000,00	 0000000000000,00	 0000000000000,00
360000101	-0282812078226,00	 0000000000000,00	 0000000000000,00	 0000000000000,00
360000102	 0000000000000,00	 0000000000000,00	 0000000000000,00	 0000000000000,00
360000200	 0000000000000,00	 0000000000000,00	 0000000000000,00	 0000000000000,00
360000300	 0000000000000,00	 0000000000000,00	 0000000000000,00	 0000000000000,00
365000000	 0000000000000,00	 0000000000000,00	 0000000000000,00	 0000000000000,00
380000000	 2477557034083,00	 0822397426016,00	 0005073450072,00	 0034728810627,00
390000000	 0011485428929,00	 0000000000000,00	 0000000000000,00	 0000000000000,00
500000000	 11292539502098,00	 20848493758075,00	 0097282876273,00	 2741199351944,00
505000000	 11292539502098,00	 20848493758075,00	 0097282876273,00	 2741199351944,00
510000000	 35871714780689,00	 14730326262346,00	 0005073450072,00	 6293157115460,00
