001	BANCO DE CHILE
100000000	 27819050731007,00	 20441970574672,00	 0157013089045,00	 6735300217307,00
105000000	 1387562559783,00	 0000000000000,00	 0000000000000,00	 1689447084627,00
105000100	 0881118452276,00	 0000000000000,00	 0000000000000,00	 0081545711836,00
105000101	 0226727809927,00	 0000000000000,00	 0000000000000,00	 0081545711836,00
105000102	 0654390642349,00	 0000000000000,00	 0000000000000,00	 0000000000000,00
105000103	 0000000000000,00	 0000000000000,00	 0000000000000,00	 0000000000000,00
105000200	 0500896936821,00	 0000000000000,00	 0000000000000,00	 0227749841805,00
105000201	 0500896936821,00	 0000000000000,00	 0000000000000,00	 0227749841805,00
105000202	 0000000000000,00	 0000000000000,00	 0000000000000,00	 0000000000000,00
105000209	 0000000000000,00	 0000000000000,00	 0000000000000,00	 0000000000000,00
105000300	 0000000000000,00	 0000000000000,00	 0000000000000,00	 0000000000000,00
105000301	 0000000000000,00	 0000000000000,00	 0000000000000,00	 0000000000000,00
105000302	 0000000000000,00	 0000000000000,00	 0000000000000,00	 0000000000000,00
105000309	 0000000000000,00	 0000000000000,00	 0000000000000,00	 0000000000000,00
105000400	 0005547170686,00	 0000000000000,00	 0000000000000,00	 0009994498774,00
105000500	 0000000000000,00	 0000000000000,00	 0000000000000,00	 1370157032212,00
107000000	 0212616395203,00	 0000000000000,00	 0000000000000,00	 0326457373214,00
107000100	 0089237481432,00	 0000000000000,00	 0000000000000,00	 0017003141023,00
107000101	 0000043870389,00	 0000000000000,00	 0000000000000,00	 0000000000000,00
107000102	 0088995388990,00	 0000000000000,00	 0000000000000,00	 0014259905345,00
107000103	 0000198222053,00	 0000000000000,00	 0000000000000,00	 0002743235678,00
107000200	 0000000000000,00	 0000000000000,00	 0000000000000,00	 0000000000000,00
107000201	 0000000000000,00	 0000000000000,00	 0000000000000,00	 0000000000000,00
107000202	 0000000000000,00	 0000000000000,00	 0000000000000,00	 0000000000000,00
107000300	 0000000000000,00	 0000000000000,00	 0000000000000,00	 0000000000000,00
107000400	 0123378913771,00	 0000000000000,00	 0000000000000,00	 0309454232191,00
107000401	 0061466943825,00	 0000000000000,00	 0000000000000,00	 0000000000000,00
107000409	 0042202929885,00	 0000000000000,00	 0000000000000,00	 0289404448390,00
107000411	 0019709040061,00	 0000000000000,00	 0000000000000,00	 0020044373298,00
107000419	 0000000000000,00	 0000000000000,00	 0000000000000,00	 0000005410503,00
110000000	 5740333780408,00	 0172995865481,00	 0000000000000,00	 0552306818043,00
111000100	 1893311606108,00	 0000000000000,00	 0000000000000,00	 0552237601674,00
111000101	 0315220162760,00	 0000000000000,00	 0000000000000,00	 0015031390584,00
111000102	 1572276972128,00	 0000000000000,00	 0000000000000,00	 0537206211090,00
111000103	 0005024982200,00	 0000000000000,00	 0000000000000,00	 0000000000000,00
111000104	 0000789489020,00	 0000000000000,00	 0000000000000,00	 0000000000000,00
111000105	 0000000000000,00	 0000000000000,00	 0000000000000,00	 0000000000000,00
111000109	 0000000000000,00	 0000000000000,00	 0000000000000,00	 0000000000000,00
112000000	 3392066399381,00	 0172995865481,00	 0000000000000,00	 0000055247536,00
112000100	 3304314297789,00	 0096716153384,00	 0000000000000,00	 0000000000000,00
112000101	 3210250448313,00	 0000200347884,00	 0000000000000,00	 0000000000000,00
112000102	 0094063849476,00	 0096515805500,00	 0000000000000,00	 0000000000000,00
112000109	 0000000000000,00	 0000000000000,00	 0000000000000,00	 0000000000000,00
112000200	 0087752101592,00	 0076279712097,00	 0000000000000,00	 0000055247536,00
112000201	 0087751822708,00	 0076279712097,00	 0000000000000,00	 0000055247536,00
112000202	 0000000278884,00	 0000000000000,00	 0000000000000,00	 0000000000000,00
112000209	 0000000000000,00	 0000000000000,00	 0000000000000,00	 0000000000000,00
112000300	 0000000000000,00	 0000000000000,00	 0000000000000,00	 0000000000000,00
112000301	 0000000000000,00	 0000000000000,00	 0000000000000,00	 0000000000000,00
112000302	 0000000000000,00	 0000000000000,00	 0000000000000,00	 0000000000000,00
112000303	 0000000000000,00	 0000000000000,00	 0000000000000,00	 0000000000000,00
112000304	 0000000000000,00	 0000000000000,00	 0000000000000,00	 0000000000000,00
112000309	 0000000000000,00	 0000000000000,00	 0000000000000,00	 0000000000000,00
113000000	 0454955774919,00	 0000000000000,00	 0000000000000,00	 0000013968833,00
113000100	 0452321240833,00	 0000000000000,00	 0000000000000,00	 0000004177253,00
113000101	 0452321240833,00	 0000000000000,00	 0000000000000,00	 0000004177253,00
113000102	 0000000000000,00	 0000000000000,00	 0000000000000,00	 0000000000000,00
113000200	 0001120876058,00	 0000000000000,00	 0000000000000,00	 0000009791580,00
113000201	 0001120876058,00	 0000000000000,00	 0000000000000,00	 0000000000000,00
113000202	 0000000000000,00	 0000000000000,00	 0000000000000,00	 0000009791580,00
113000300	 0000000000000,00	 0000000000000,00	 0000000000000,00	 0000000000000,00
113000301	 0000000000000,00	 0000000000000,00	 0000000000000,00	 0000000000000,00
113000302	 0000000000000,00	 0000000000000,00	 0000000000000,00	 0000000000000,00
113000303	 0000000000000,00	 0000000000000,00	 0000000000000,00	 0000000000000,00
113000304	 0000000000000,00	 0000000000000,00	 0000000000000,00	 0000000000000,00
113000400	 0001513658028,00	 0000000000000,00	 0000000000000,00	 0000000000000,00
115000000	 0000000000000,00	 0000000000000,00	 0000000000000,00	 0000000000000,00
115250000	 0000000000000,00	 0000000000000,00	 0000000000000,00	 0000000000000,00
115250100	 0000000000000,00	 0000000000000,00	 0000000000000,00	 0000000000000,00
115250101	 0000000000000,00	 0000000000000,00	 0000000000000,00	 0000000000000,00
115250102	 0000000000000,00	 0000000000000,00	 0000000000000,00	 0000000000000,00
115250109	 0000000000000,00	 0000000000000,00	 0000000000000,00	 0000000000000,00
115250200	 0000000000000,00	 0000000000000,00	 0000000000000,00	 0000000000000,00
115250201	 0000000000000,00	 0000000000000,00	 0000000000000,00	 0000000000000,00
115250202	 0000000000000,00	 0000000000000,00	 0000000000000,00	 0000000000000,00
115250209	 0000000000000,00	 0000000000000,00	 0000000000000,00	 0000000000000,00
115250300	 0000000000000,00	 0000000000000,00	 0000000000000,00	 0000000000000,00
115250301	 0000000000000,00	 0000000000000,00	 0000000000000,00	 0000000000000,00
115250302	 0000000000000,00	 0000000000000,00	 0000000000000,00	 0000000000000,00
115250303	 0000000000000,00	 0000000000000,00	 0000000000000,00	 0000000000000,00
115250304	 0000000000000,00	 0000000000000,00	 0000000000000,00	 0000000000000,00
115250309	 0000000000000,00	 0000000000000,00	 0000000000000,00	 0000000000000,00
115500000	 0000000000000,00	 0000000000000,00	 0000000000000,00	 0000000000000,00
115500100	 0000000000000,00	 0000000000000,00	 0000000000000,00	 0000000000000,00
115500101	 0000000000000,00	 0000000000000,00	 0000000000000,00	 0000000000000,00
115500102	 0000000000000,00	 0000000000000,00	 0000000000000,00	 0000000000000,00
115500300	 0000000000000,00	 0000000000000,00	 0000000000000,00	 0000000000000,00
115500301	 0000000000000,00	 0000000000000,00	 0000000000000,00	 0000000000000,00
115500302	 0000000000000,00	 0000000000000,00	 0000000000000,00	 0000000000000,00
115500303	 0000000000000,00	 0000000000000,00	 0000000000000,00	 0000000000000,00
115500304	 0000000000000,00	 0000000000000,00	 0000000000000,00	 0000000000000,00
115500400	 0000000000000,00	 0000000000000,00	 0000000000000,00	 0000000000000,00
118000000	 0000000000000,00	 0000000000000,00	 0000000000000,00	 0000000000000,00
118250000	 0000000000000,00	 0000000000000,00	 0000000000000,00	 0000000000000,00
118250100	 0000000000000,00	 0000000000000,00	 0000000000000,00	 0000000000000,00
118250101	 0000000000000,00	 0000000000000,00	 0000000000000,00	 0000000000000,00
118250102	 0000000000000,00	 0000000000000,00	 0000000000000,00	 0000000000000,00
118250109	 0000000000000,00	 0000000000000,00	 0000000000000,00	 0000000000000,00
118250200	 0000000000000,00	 0000000000000,00	 0000000000000,00	 0000000000000,00
118250201	 0000000000000,00	 0000000000000,00	 0000000000000,00	 0000000000000,00
118250202	 0000000000000,00	 0000000000000,00	 0000000000000,00	 0000000000000,00
118250209	 0000000000000,00	 0000000000000,00	 0000000000000,00	 0000000000000,00
118250300	 0000000000000,00	 0000000000000,00	 0000000000000,00	 0000000000000,00
118250301	 0000000000000,00	 0000000000000,00	 0000000000000,00	 0000000000000,00
118250302	 0000000000000,00	 0000000000000,00	 0000000000000,00	 0000000000000,00
118250303	 0000000000000,00	 0000000000000,00	 0000000000000,00	 0000000000000,00
118250304	 0000000000000,00	 0000000000000,00	 0000000000000,00	 0000000000000,00
118250309	 0000000000000,00	 0000000000000,00	 0000000000000,00	 0000000000000,00
118500000	 0000000000000,00	 0000000000000,00	 0000000000000,00	 0000000000000,00
118500300	 0000000000000,00	 0000000000000,00	 0000000000000,00	 0000000000000,00
118500301	 0000000000000,00	 0000000000000,00	 0000000000000,00	 0000000000000,00
118500302	 0000000000000,00	 0000000000000,00	 0000000000000,00	 0000000000000,00
118500303	 0000000000000,00	 0000000000000,00	 0000000000000,00	 0000000000000,00
118500304	 0000000000000,00	 0000000000000,00	 0000000000000,00	 0000000000000,00
118500400	 0000000000000,00	 0000000000000,00	 0000000000000,00	 0000000000000,00
120000000	 2758671614395,00	 0563520843713,00	 0000000000000,00	 0202590412015,00
122000000	 2758671614395,00	 0563520843713,00	 0000000000000,00	 0202590412015,00
122000100	 1434526802440,00	 0349120689414,00	 0000000000000,00	 0000000000000,00
122000101	 0462882726411,00	 0000000000000,00	 0000000000000,00	 0000000000000,00
122000102	 0971644076029,00	 0347032927758,00	 0000000000000,00	 0000000000000,00
122000109	 0000000000000,00	 0002087761656,00	 0000000000000,00	 0000000000000,00
122000200	 1324144811955,00	 0214400154299,00	 0000000000000,00	 0003984412370,00
122000201	 1317316535475,00	 0160580580654,00	 0000000000000,00	 0003984412370,00
122000202	 0006828276480,00	 0053819573645,00	 0000000000000,00	 0000000000000,00
122000209	 0000000000000,00	 0000000000000,00	 0000000000000,00	 0000000000000,00
122000300	 0000000000000,00	 0000000000000,00	 0000000000000,00	 0198605999645,00
122000301	 0000000000000,00	 0000000000000,00	 0000000000000,00	 0000000000000,00
122000302	 0000000000000,00	 0000000000000,00	 0000000000000,00	 0043447574822,00
122000303	 0000000000000,00	 0000000000000,00	 0000000000000,00	 0155158424823,00
122000304	 0000000000000,00	 0000000000000,00	 0000000000000,00	 0000000000000,00
122000309	 0000000000000,00	 0000000000000,00	 0000000000000,00	 0000000000000,00
123000000	 0000000000000,00	 0000000000000,00	 0000000000000,00	 0000000000000,00
123000300	 0000000000000,00	 0000000000000,00	 0000000000000,00	 0000000000000,00
123000301	 0000000000000,00	 0000000000000,00	 0000000000000,00	 0000000000000,00
123000302	 0000000000000,00	 0000000000000,00	 0000000000000,00	 0000000000000,00
123000303	 0000000000000,00	 0000000000000,00	 0000000000000,00	 0000000000000,00
123000304	 0000000000000,00	 0000000000000,00	 0000000000000,00	 0000000000000,00
123000400	 0000000000000,00	 0000000000000,00	 0000000000000,00	 0000000000000,00
130000000	 0059518913598,00	 0000000000000,00	 0000000000000,00	 0000000000000,00
130000100	 0059518913598,00	 0000000000000,00	 0000000000000,00	 0000000000000,00
130000101	 0000000000000,00	 0000000000000,00	 0000000000000,00	 0000000000000,00
130000102	 0059518913598,00	 0000000000000,00	 0000000000000,00	 0000000000000,00
130000103	 0000000000000,00	 0000000000000,00	 0000000000000,00	 0000000000000,00
130000104	 0000000000000,00	 0000000000000,00	 0000000000000,00	 0000000000000,00
130000105	 0000000000000,00	 0000000000000,00	 0000000000000,00	 0000000000000,00
130000190	 0000000000000,00	 0000000000000,00	 0000000000000,00	 0000000000000,00
140000000	 15722856258311,00	 19659828182982,00	 0143718170574,00	 3624299836016,00
141000000	 0051348540285,00	 0000000000000,00	 0000000000000,00	 0000000000000,00
141000100	 0000000000000,00	 0000000000000,00	 0000000000000,00	 0000000000000,00
141000101	 0000000000000,00	 0000000000000,00	 0000000000000,00	 0000000000000,00
141000102	 0000000000000,00	 0000000000000,00	 0000000000000,00	 0000000000000,00
141000103	 0000000000000,00	 0000000000000,00	 0000000000000,00	 0000000000000,00
141000200	 0000000000000,00	 0000000000000,00	 0000000000000,00	 0000000000000,00
141000201	 0000000000000,00	 0000000000000,00	 0000000000000,00	 0000000000000,00
141000202	 0000000000000,00	 0000000000000,00	 0000000000000,00	 0000000000000,00
141000203	 0000000000000,00	 0000000000000,00	 0000000000000,00	 0000000000000,00
141000300	 0051348540285,00	 0000000000000,00	 0000000000000,00	 0000000000000,00
141000301	 0051348540285,00	 0000000000000,00	 0000000000000,00	 0000000000000,00
141000302	 0000000000000,00	 0000000000000,00	 0000000000000,00	 0000000000000,00
141000400	 0000000000000,00	 0000000000000,00	 0000000000000,00	 0000000000000,00
141000401	 0000000000000,00	 0000000000000,00	 0000000000000,00	 0000000000000,00
141000402	 0000000000000,00	 0000000000000,00	 0000000000000,00	 0000000000000,00
141000900	 0000000000000,00	 0000000000000,00	 0000000000000,00	 0000000000000,00
141000901	 0000000000000,00	 0000000000000,00	 0000000000000,00	 0000000000000,00
141000902	 0000000000000,00	 0000000000000,00	 0000000000000,00	 0000000000000,00
141000903	 0000000000000,00	 0000000000000,00	 0000000000000,00	 0000000000000,00
141500000	 0321043394141,00	 0590787249193,00	 0000000000000,00	 0000000000000,00
141500100	 0321043394141,00	 0590787249193,00	 0000000000000,00	 0000000000000,00
141500101	 0000000000000,00	 0000000000000,00	 0000000000000,00	 0000000000000,00
141500102	 0321043394141,00	 0590787249193,00	 0000000000000,00	 0000000000000,00
141500109	 0000000000000,00	 0000000000000,00	 0000000000000,00	 0000000000000,00
141500200	 0000000000000,00	 0000000000000,00	 0000000000000,00	 0000000000000,00
141500201	 0000000000000,00	 0000000000000,00	 0000000000000,00	 0000000000000,00
141500202	 0000000000000,00	 0000000000000,00	 0000000000000,00	 0000000000000,00
141500209	 0000000000000,00	 0000000000000,00	 0000000000000,00	 0000000000000,00
141500300	 0000000000000,00	 0000000000000,00	 0000000000000,00	 0000000000000,00
141500301	 0000000000000,00	 0000000000000,00	 0000000000000,00	 0000000000000,00
141500302	 0000000000000,00	 0000000000000,00	 0000000000000,00	 0000000000000,00
141500303	 0000000000000,00	 0000000000000,00	 0000000000000,00	 0000000000000,00
141500304	 0000000000000,00	 0000000000000,00	 0000000000000,00	 0000000000000,00
141500309	 0000000000000,00	 0000000000000,00	 0000000000000,00	 0000000000000,00
141500900	 0000000000000,00	 0000000000000,00	 0000000000000,00	 0000000000000,00
141500901	 0000000000000,00	 0000000000000,00	 0000000000000,00	 0000000000000,00
141500902	 0000000000000,00	 0000000000000,00	 0000000000000,00	 0000000000000,00
141500903	 0000000000000,00	 0000000000000,00	 0000000000000,00	 0000000000000,00
143000000	 1850859180995,00	 0000000000000,00	 0000000000000,00	 0330141789587,00
143100100	 0150039584136,00	 0000000000000,00	 0000000000000,00	 0000000000000,00
143100101	 0150039583334,00	 0000000000000,00	 0000000000000,00	 0000000000000,00
143100102	 0000000000000,00	 0000000000000,00	 0000000000000,00	 0000000000000,00
143100103	 0000000000802,00	 0000000000000,00	 0000000000000,00	 0000000000000,00
143100104	 0000000000000,00	 0000000000000,00	 0000000000000,00	 0000000000000,00
143100105	 0000000000000,00	 0000000000000,00	 0000000000000,00	 0000000000000,00
143100106	 0000000000000,00	 0000000000000,00	 0000000000000,00	 0000000000000,00
143100107	 0000000000000,00	 0000000000000,00	 0000000000000,00	 0000000000000,00
143100190	 0000000000000,00	 0000000000000,00	 0000000000000,00	 0000000000000,00
143150100	-0000054014252,00	 0000000000000,00	 0000000000000,00	 0000000000000,00
143150101	-0000054014252,00	 0000000000000,00	 0000000000000,00	 0000000000000,00
143150102	 0000000000000,00	 0000000000000,00	 0000000000000,00	 0000000000000,00
143150103	 0000000000000,00	 0000000000000,00	 0000000000000,00	 0000000000000,00
143200100	 0000000000000,00	 0000000000000,00	 0000000000000,00	 0330846923007,00
143200101	 0000000000000,00	 0000000000000,00	 0000000000000,00	 0000000000000,00
143200102	 0000000000000,00	 0000000000000,00	 0000000000000,00	 0205631626195,00
143200103	 0000000000000,00	 0000000000000,00	 0000000000000,00	 0000000000000,00
143200104	 0000000000000,00	 0000000000000,00	 0000000000000,00	 0125214299190,00
143200105	 0000000000000,00	 0000000000000,00	 0000000000000,00	 0000000000000,00
143200106	 0000000000000,00	 0000000000000,00	 0000000000000,00	 0000000997622,00
143200107	 0000000000000,00	 0000000000000,00	 0000000000000,00	 0000000000000,00
143200108	 0000000000000,00	 0000000000000,00	 0000000000000,00	 0000000000000,00
143200190	 0000000000000,00	 0000000000000,00	 0000000000000,00	 0000000000000,00
143250100	 0000000000000,00	 0000000000000,00	 0000000000000,00	-0000705133420,00
143250101	 0000000000000,00	 0000000000000,00	 0000000000000,00	-0000705133420,00
143250102	 0000000000000,00	 0000000000000,00	 0000000000000,00	 0000000000000,00
143250103	 0000000000000,00	 0000000000000,00	 0000000000000,00	 0000000000000,00
143300100	 1700873611111,00	 0000000000000,00	 0000000000000,00	 0000000000000,00
143300101	 0000000000000,00	 0000000000000,00	 0000000000000,00	 0000000000000,00
143300102	 1700873611111,00	 0000000000000,00	 0000000000000,00	 0000000000000,00
143300103	 0000000000000,00	 0000000000000,00	 0000000000000,00	 0000000000000,00
143400100	 0000000000000,00	 0000000000000,00	 0000000000000,00	 0000000000000,00
143400101	 0000000000000,00	 0000000000000,00	 0000000000000,00	 0000000000000,00
143400102	 0000000000000,00	 0000000000000,00	 0000000000000,00	 0000000000000,00
143400103	 0000000000000,00	 0000000000000,00	 0000000000000,00	 0000000000000,00
144000000	 13499605142890,00	 19069040933789,00	 0143718170574,00	 3294158046429,00
145000000	 9104240873166,00	 7058731313961,00	 0144116757701,00	 3302247340671,00
145400100	 7659015778211,00	 6119562203972,00	 0000000000000,00	 1223243425170,00
145400101	 7577605032019,00	 3111664383379,00	 0000000000000,00	 1204844464299,00
145400102	 0000000000000,00	 0000000000000,00	 0000000000000,00	 0018398960871,00
145400103	 0000000000000,00	 0000000000000,00	 0000000000000,00	 0000000000000,00
145400104	 0000000144324,00	 0000354495619,00	 0000000000000,00	 0000000000000,00
145400105	 0000000340947,00	 0000752747142,00	 0000000000000,00	 0000000000000,00
145400106	 0081410260921,00	 3006790577832,00	 0000000000000,00	 0000000000000,00
145400200	 0051974302521,00	 0000000000000,00	 0000118199908,00	 1847281174569,00
145400201	 0000000000000,00	 0000000000000,00	 0000000000000,00	 0000000000000,00
145400202	 0049755236955,00	 0000000000000,00	 0000000000000,00	 1212275989676,00
145400203	 0002219065566,00	 0000000000000,00	 0000000000000,00	 0000000000000,00
145400204	 0000000000000,00	 0000000000000,00	 0000118199908,00	 0634789742521,00
145400205	 0000000000000,00	 0000000000000,00	 0000000000000,00	 0000000000000,00
145400290	 0000000000000,00	 0000000000000,00	 0000000000000,00	 0000215442372,00
145400300	 0184175661289,00	 0000000000000,00	 0000000000000,00	 0001580038747,00
145400400	 0090363383859,00	 0000000000000,00	 0000000000000,00	 0008293425789,00
145400401	 0051765334065,00	 0000000000000,00	 0000000000000,00	 0008293425789,00
145400402	 0038598049794,00	 0000000000000,00	 0000000000000,00	 0000000000000,00
145400500	 0323370540554,00	 0000213436544,00	 0000000000000,00	 0220689603729,00
145400501	 0185261700492,00	 0000213436544,00	 0000000000000,00	 0012293758678,00
145400502	 0138108840062,00	 0000000000000,00	 0000000000000,00	 0208395845051,00
145400600	 0779146170418,00	 0868386813759,00	 0143998557793,00	 0000000000000,00
145400601	 0131539460699,00	 0721942410985,00	 0049240345070,00	 0000000000000,00
145400602	 0647606709719,00	 0146444402774,00	 0094758212723,00	 0000000000000,00
145400700	 0000008463516,00	 0057433206258,00	 0000000000000,00	 0000000000000,00
145400701	 0000000000000,00	 0000000000000,00	 0000000000000,00	 0000000000000,00
145400702	 0000000000041,00	 0000012559387,00	 0000000000000,00	 0000000000000,00
145400703	 0000008463475,00	 0057420646871,00	 0000000000000,00	 0000000000000,00
145400900	 0016186572798,00	 0013135653428,00	 0000000000000,00	 0001159672667,00
145400901	 0000000000000,00	 0000000000000,00	 0000000000000,00	 0000000000000,00
145400902	 0002251329678,00	 0008216070473,00	 0000000000000,00	 0000000000000,00
145400990	 0013935243120,00	 0004919582955,00	 0000000000000,00	 0001159672667,00
146000000	 0040835025962,00	 11973220777758,00	 0000000000000,00	 0000000000000,00
146000100	 0000000000000,00	 0002797360122,00	 0000000000000,00	 0000000000000,00
146000200	 0000000408060,00	 0011947188696,00	 0000000000000,00	 0000000000000,00
146000300	 0000000000000,00	 0000000000000,00	 0000000000000,00	 0000000000000,00
146000400	 0038540280627,00	 11794090568573,00	 0000000000000,00	 0000000000000,00
146000401	 0000000000000,00	 0000000000000,00	 0000000000000,00	 0000000000000,00
146000402	 0038540280627,00	 11794090568573,00	 0000000000000,00	 0000000000000,00
146000500	 0000000000000,00	 0000000000000,00	 0000000000000,00	 0000000000000,00
146000900	 0002294337275,00	 0164385660367,00	 0000000000000,00	 0000000000000,00
146000901	 0001305256497,00	 0155840126021,00	 0000000000000,00	 0000000000000,00
146000902	 0000001023780,00	 0008544922447,00	 0000000000000,00	 0000000000000,00
146000903	 0000000000000,00	 0000000000000,00	 0000000000000,00	 0000000000000,00
146000909	 0000988056998,00	 0000000611899,00	 0000000000000,00	 0000000000000,00
148000000	 5024306471178,00	 0037088842070,00	 0000000000000,00	 0072972237711,00
148000100	 3111219120682,00	 0037088842066,00	 0000000000000,00	 0000000000000,00
148000200	 0269256396072,00	 0000000000000,00	 0000000000000,00	 0000003568593,00
148000300	 1642193620060,00	 0000000000000,00	 0000000000000,00	 0072968669118,00
148000301	 0992466662903,00	 0000000000000,00	 0000000000000,00	 0072968669118,00
148000302	 0649726957157,00	 0000000000000,00	 0000000000000,00	 0000000000000,00
148000400	 0000423056599,00	 0000000000004,00	 0000000000000,00	 0000000000000,00
148000900	 0001214277765,00	 0000000000000,00	 0000000000000,00	 0000000000000,00
148000901	 0000000000000,00	 0000000000000,00	 0000000000000,00	 0000000000000,00
148000902	 0001214277765,00	 0000000000000,00	 0000000000000,00	 0000000000000,00
149000000	-0669777227416,00	 0000000000000,00	-0000398587127,00	-0081061531953,00
149500100	-0298549523523,00	 0000000000000,00	-0000398587127,00	-0080135967485,00
149500101	-0090242915479,00	 0000000000000,00	-0000377482908,00	-0059533350806,00
149500102	-0005348641389,00	 0000000000000,00	 0000000000000,00	-0001321904779,00
149500103	-0062019967313,00	 0000000000000,00	-0000018254745,00	-0016423717829,00
149500104	-0036083814497,00	 0000000000000,00	-0000002849474,00	-0001487072652,00
149500105	-0091781831633,00	 0000000000000,00	 0000000000000,00	-0001369921419,00
149500109	-0013072353212,00	 0000000000000,00	 0000000000000,00	 0000000000000,00
149600100	-0030854519834,00	 0000000000000,00	 0000000000000,00	 0000000000000,00
149600101	-0014428692393,00	 0000000000000,00	 0000000000000,00	 0000000000000,00
149600102	-0016425827441,00	 0000000000000,00	 0000000000000,00	 0000000000000,00
149700100	-0340373184059,00	 0000000000000,00	 0000000000000,00	-0000925564468,00
149700101	-0196219483205,00	 0000000000000,00	 0000000000000,00	-0000864942772,00
149700102	-0144153700854,00	 0000000000000,00	 0000000000000,00	-0000060621696,00
150000000	 0070677571546,00	 0000000000000,00	 0000000000000,00	 0000025832548,00
150000100	 0000000000000,00	 0000000000000,00	 0000000000000,00	 0000000000000,00
150000200	 0000000000000,00	 0000000000000,00	 0000000000000,00	 0000000000000,00
150000201	 0000000000000,00	 0000000000000,00	 0000000000000,00	 0000000000000,00
150000202	 0000000000000,00	 0000000000000,00	 0000000000000,00	 0000000000000,00
150000300	 0051146246613,00	 0000000000000,00	 0000000000000,00	 0000000000000,00
150000400	 0000000000000,00	 0000000000000,00	 0000000000000,00	 0000000000000,00
150000500	 0010050236946,00	 0000000000000,00	 0000000000000,00	 0000000000000,00
150000600	 0000000000000,00	 0000000000000,00	 0000000000000,00	 0000000000000,00
150000700	 0008359986640,00	 0000000000000,00	 0000000000000,00	 0000000000000,00
150000800	 0001121101347,00	 0000000000000,00	 0000000000000,00	 0000025832548,00
160000000	 0127545570903,00	 0000000000000,00	 0000000000000,00	 0000000000000,00
160000100	 0000000000000,00	 0000000000000,00	 0000000000000,00	 0000000000000,00
160000200	 0000000000000,00	 0000000000000,00	 0000000000000,00	 0000000000000,00
160000201	 0000000000000,00	 0000000000000,00	 0000000000000,00	 0000000000000,00
160000202	 0000000000000,00	 0000000000000,00	 0000000000000,00	 0000000000000,00
160000203	 0000000000000,00	 0000000000000,00	 0000000000000,00	 0000000000000,00
160000204	 0000000000000,00	 0000000000000,00	 0000000000000,00	 0000000000000,00
160000205	 0000000000000,00	 0000000000000,00	 0000000000000,00	 0000000000000,00
160000206	 0000000000000,00	 0000000000000,00	 0000000000000,00	 0000000000000,00
160000207	 0000000000000,00	 0000000000000,00	 0000000000000,00	 0000000000000,00
160000208	 0000000000000,00	 0000000000000,00	 0000000000000,00	 0000000000000,00
160000209	 0000000000000,00	 0000000000000,00	 0000000000000,00	 0000000000000,00
160000219	 0000000000000,00	 0000000000000,00	 0000000000000,00	 0000000000000,00
160000300	 0127545570903,00	 0000000000000,00	 0000000000000,00	 0000000000000,00
160000301	 0287188594323,00	 0000000000000,00	 0000000000000,00	 0000000000000,00
160000302	 0015200579092,00	 0000000000000,00	 0000000000000,00	 0000000000000,00
160000303	 0000000000000,00	 0000000000000,00	 0000000000000,00	 0000000000000,00
160000309	 0002105958994,00	 0000000000000,00	 0000000000000,00	 0000000000000,00
160000319	-0176949561506,00	 0000000000000,00	 0000000000000,00	 0000000000000,00
170000000	 0205193579716,00	 0000000000000,00	 0000000000000,00	 0000000000000,00
170000100	 0157635930772,00	 0000000000000,00	 0000000000000,00	 0000000000000,00
170000101	 0273322543732,00	 0000000000000,00	 0000000000000,00	 0000000000000,00
170000102	 0047654525942,00	 0000000000000,00	 0000000000000,00	 0000000000000,00
170000119	-0163341138902,00	 0000000000000,00	 0000000000000,00	 0000000000000,00
170000200	 0047557648944,00	 0000000000000,00	 0000000000000,00	 0000000000000,00
170000201	 0256393655314,00	 0000000000000,00	 0000000000000,00	 0000000000000,00
170000209	 0059894493805,00	 0000000000000,00	 0000000000000,00	 0000000000000,00
170000219	-0268730500175,00	 0000000000000,00	 0000000000000,00	 0000000000000,00
175000000	 0089397546248,00	 0000133357854,00	 0000000000000,00	 0000000000000,00
175000100	 0081783359288,00	 0000133357854,00	 0000000000000,00	 0000000000000,00
175000101	 0157516746968,00	 0000133357854,00	 0000000000000,00	 0000000000000,00
175000102	 0000000000000,00	 0000000000000,00	 0000000000000,00	 0000000000000,00
175000119	-0075733387680,00	 0000000000000,00	 0000000000000,00	 0000000000000,00
175000200	 0007614186960,00	 0000000000000,00	 0000000000000,00	 0000000000000,00
175000201	 0029330530236,00	 0000000000000,00	 0000000000000,00	 0000000000000,00
175000219	-0021716343276,00	 0000000000000,00	 0000000000000,00	 0000000000000,00
175000300	 0000000000000,00	 0000000000000,00	 0000000000000,00	 0000000000000,00
175000301	 0000000000000,00	 0000000000000,00	 0000000000000,00	 0000000000000,00
175000309	 0000000000000,00	 0000000000000,00	 0000000000000,00	 0000000000000,00
175000319	 0000000000000,00	 0000000000000,00	 0000000000000,00	 0000000000000,00
175000400	 0000000000000,00	 0000000000000,00	 0000000000000,00	 0000000000000,00
175000401	 0000000000000,00	 0000000000000,00	 0000000000000,00	 0000000000000,00
175000409	 0000000000000,00	 0000000000000,00	 0000000000000,00	 0000000000000,00
175000419	 0000000000000,00	 0000000000000,00	 0000000000000,00	 0000000000000,00
180000000	 0086942369274,00	 0000000000000,00	 0000000000000,00	 0000000000000,00
185000000	 0523366169184,00	 0000000000000,00	 0000000000000,00	 0000000000000,00
190000000	 0815425948679,00	 0045492324642,00	 0013294918471,00	 0340172860844,00
190000100	 0115778061120,00	 0045317838618,00	 0013294918471,00	 0000000000000,00
190000101	 0115778061120,00	 0045317838618,00	 0013294918471,00	 0000000000000,00
190000102	 0000000000000,00	 0000000000000,00	 0000000000000,00	 0000000000000,00
190000103	 0000000000000,00	 0000000000000,00	 0000000000000,00	 0000000000000,00
190000200	 0022210434363,00	 0000000000000,00	 0000000000000,00	 0271559605480,00
190000201	 0022210434363,00	 0000000000000,00	 0000000000000,00	 0001135683521,00
190000202	 0000000000000,00	 0000000000000,00	 0000000000000,00	 0000000000000,00
190000203	 0000000000000,00	 0000000000000,00	 0000000000000,00	 0088980827956,00
190000204	 0000000000000,00	 0000000000000,00	 0000000000000,00	 0181443094003,00
190000300	 0232694166166,00	 0000000000000,00	 0000000000000,00	 0001673868568,00
190000301	 0126154182598,00	 0000000000000,00	 0000000000000,00	 0001673868568,00
190000302	 0106539983568,00	 0000000000000,00	 0000000000000,00	 0000000000000,00
190000303	 0000000000000,00	 0000000000000,00	 0000000000000,00	 0000000000000,00
190000400	 0000000000000,00	 0000000000000,00	 0000000000000,00	 0000000000000,00
190000401	 0000000000000,00	 0000000000000,00	 0000000000000,00	 0000000000000,00
190000402	 0000000000000,00	 0000000000000,00	 0000000000000,00	 0000000000000,00
190000500	 0339109787468,00	 0000006239714,00	 0000000000000,00	 0063026380067,00
190000501	 0008186328318,00	 0000000000000,00	 0000000000000,00	 0000000000000,00
190000502	 0000000000000,00	 0000000000000,00	 0000000000000,00	 0000000000000,00
190000503	 0229833887584,00	 0000000000000,00	 0000000000000,00	 0000000000000,00
190000504	 0000000000000,00	 0000000000000,00	 0000000000000,00	 0000000000000,00
190000505	 0002995405414,00	 0000000000000,00	 0000000000000,00	 0000000000000,00
190000509	 0098094166152,00	 0000006239714,00	 0000000000000,00	 0063026380067,00
190000600	 0000000000000,00	 0000000000000,00	 0000000000000,00	 0000000000000,00
190000700	 0011851862475,00	 0000000000000,00	 0000000000000,00	 0000000000000,00
190000701	 0017628656634,00	 0000000000000,00	 0000000000000,00	 0000000000000,00
190000702	-0005776794159,00	 0000000000000,00	 0000000000000,00	 0000000000000,00
190000800	 0000002961449,00	 0000000000000,00	 0000000000000,00	 0000000000000,00
190000900	 0052212760997,00	 0000000000000,00	 0000000000000,00	 0000000000000,00
190001000	 0000000000000,00	 0000000000000,00	 0000000000000,00	 0000000000000,00
190001100	 0000000000000,00	 0000000000000,00	 0000000000000,00	 0000000000000,00
190001200	 0013611691205,00	 0000000000000,00	 0000000000000,00	 0000000000000,00
190001300	 0000000000000,00	 0000000000000,00	 0000000000000,00	 0000000000000,00
190001400	 0002089546489,00	 0000054818987,00	 0000000000000,00	 0002386326083,00
190001500	 0003144269078,00	 0000014274253,00	 0000000000000,00	 0000068164905,00
190002900	 0023909750961,00	 0000099153070,00	 0000000000000,00	 0001458515741,00
192500100	-0001189343092,00	 0000000000000,00	 0000000000000,00	 0000000000000,00
192500101	-0000766349722,00	 0000000000000,00	 0000000000000,00	 0000000000000,00
192500102	-0000140033228,00	 0000000000000,00	 0000000000000,00	 0000000000000,00
192500103	-0000282960142,00	 0000000000000,00	 0000000000000,00	 0000000000000,00
195000000	 0018942453759,00	 0000000000000,00	 0000000000000,00	 0000000000000,00
195000100	 0017794260964,00	 0000000000000,00	 0000000000000,00	 0000000000000,00
195000101	 0000731000000,00	 0000000000000,00	 0000000000000,00	 0000000000000,00
195000102	 0017070909799,00	 0000000000000,00	 0000000000000,00	 0000000000000,00
195000103	-0000007648835,00	 0000000000000,00	 0000000000000,00	 0000000000000,00
195000200	 0001148192795,00	 0000000000000,00	 0000000000000,00	 0000000000000,00
195000201	 0000000000000,00	 0000000000000,00	 0000000000000,00	 0000000000000,00
195000202	 0000000000000,00	 0000000000000,00	 0000000000000,00	 0000000000000,00
195000203	 0000000000000,00	 0000000000000,00	 0000000000000,00	 0000000000000,00
195000204	 0001148192795,00	 0000000000000,00	 0000000000000,00	 0000000000000,00
195000219	 0000000000000,00	 0000000000000,00	 0000000000000,00	 0000000000000,00
195000300	 0000000000000,00	 0000000000000,00	 0000000000000,00	 0000000000000,00
200000000	 31583740901368,00	 10601174291625,00	 0001067952241,00	 7941219767673,00
207000000	 0287693600474,00	 0000000000000,00	 0000000000000,00	 0197145724981,00
207000100	 0000000000000,00	 0000000000000,00	 0000000000000,00	 0000000000000,00
207000101	 0000000000000,00	 0000000000000,00	 0000000000000,00	 0000000000000,00
207000102	 0000000000000,00	 0000000000000,00	 0000000000000,00	 0000000000000,00
207000200	 0000000000000,00	 0000000000000,00	 0000000000000,00	 0000000000000,00
207000300	 0287693600474,00	 0000000000000,00	 0000000000000,00	 0197145724981,00
207000301	 0177301792524,00	 0000000000000,00	 0000000000000,00	 0000000000000,00
207000309	 0051175620674,00	 0000000000000,00	 0000000000000,00	 0192855557176,00
207000311	 0059216187276,00	 0000000000000,00	 0000000000000,00	 0004284388462,00
207000319	 0000000000000,00	 0000000000000,00	 0000000000000,00	 0000005779343,00
210000000	 2154388555781,00	 0000000000000,00	 0000000000000,00	 0462296386374,00
211000100	 2153493585880,00	 0000000000000,00	 0000000000000,00	 0461082177510,00
211000101	 0345796448345,00	 0000000000000,00	 0000000000000,00	 0012092629808,00
211000102	 1802492659145,00	 0000000000000,00	 0000000000000,00	 0448989547702,00
211000103	 0002515920406,00	 0000000000000,00	 0000000000000,00	 0000000000000,00
211000104	 0002688557984,00	 0000000000000,00	 0000000000000,00	 0000000000000,00
211000105	 0000000000000,00	 0000000000000,00	 0000000000000,00	 0000000000000,00
211000190	 0000000000000,00	 0000000000000,00	 0000000000000,00	 0000000000000,00
213000100	 0000894969901,00	 0000000000000,00	 0000000000000,00	 0001214208864,00
213000101	 0000000000000,00	 0000000000000,00	 0000000000000,00	 0000000000000,00
213000102	 0000000000000,00	 0000000000000,00	 0000000000000,00	 0000000000000,00
213000103	 0000000000000,00	 0000000000000,00	 0000000000000,00	 0000000000000,00
213000109	 0000894969901,00	 0000000000000,00	 0000000000000,00	 0001214208864,00
218000000	 0000000000000,00	 0000000000000,00	 0000000000000,00	 0000000000000,00
218000001	 0000000000000,00	 0000000000000,00	 0000000000000,00	 0000000000000,00
218000002	 0000000000000,00	 0000000000000,00	 0000000000000,00	 0000000000000,00
218000003	 0000000000000,00	 0000000000000,00	 0000000000000,00	 0000000000000,00
218000009	 0000000000000,00	 0000000000000,00	 0000000000000,00	 0000000000000,00
230000000	 0125412199374,00	 0000000000000,00	 0000000000000,00	 0000000000000,00
230000100	 0125412199374,00	 0000000000000,00	 0000000000000,00	 0000000000000,00
230000101	 0000000000000,00	 0000000000000,00	 0000000000000,00	 0000000000000,00
230000102	 0125412199374,00	 0000000000000,00	 0000000000000,00	 0000000000000,00
230000103	 0000000000000,00	 0000000000000,00	 0000000000000,00	 0000000000000,00
230000104	 0000000000000,00	 0000000000000,00	 0000000000000,00	 0000000000000,00
230000105	 0000000000000,00	 0000000000000,00	 0000000000000,00	 0000000000000,00
230000190	 0000000000000,00	 0000000000000,00	 0000000000000,00	 0000000000000,00
240000000	 26941940269720,00	 9219629256340,00	 0000480481245,00	 6980479993203,00
241000000	 10858487559941,00	 0075688044528,00	 0000000000000,00	 1852397416622,00
241000100	 8739113479150,00	 0000000000000,00	 0000000000000,00	 1720829184166,00
241000101	 0006621451944,00	 0000000000000,00	 0000000000000,00	 0003286830036,00
241000102	 0016938052938,00	 0000000000000,00	 0000000000000,00	 0000000000000,00
241000103	 5429623057005,00	 0000000000000,00	 0000000000000,00	 1359664929489,00
241000104	 3285930917263,00	 0000000000000,00	 0000000000000,00	 0357877424641,00
241000200	 0610617090963,00	 0000000000000,00	 0000000000000,00	 0000000000000,00
241000201	 0000000000000,00	 0000000000000,00	 0000000000000,00	 0000000000000,00
241000202	 0610617090963,00	 0000000000000,00	 0000000000000,00	 0000000000000,00
241000300	 0383887757627,00	 0000000000000,00	 0000000000000,00	 0000000000000,00
241000301	 0383887757627,00	 0000000000000,00	 0000000000000,00	 0000000000000,00
241000400	 0000000000000,00	 0000000000000,00	 0000000000000,00	 0000000000000,00
241000401	 0000000000000,00	 0000000000000,00	 0000000000000,00	 0000000000000,00
241000402	 0000000000000,00	 0000000000000,00	 0000000000000,00	 0000000000000,00
241000500	 1124869232201,00	 0075688044528,00	 0000000000000,00	 0131568232456,00
241000501	 0000000000000,00	 0000000000000,00	 0000000000000,00	 0000000000000,00
241000502	 0000000000000,00	 0000000000000,00	 0000000000000,00	 0000000000000,00
241000503	 0000000000000,00	 0000000000000,00	 0000000000000,00	 0000000000000,00
241000504	 0013980906924,00	 0000000000000,00	 0000000000000,00	 0001446456069,00
241000505	 0067580616214,00	 0075406031765,00	 0000000000000,00	 0000000000000,00
241000506	 0127916469552,00	 0000000000000,00	 0000000000000,00	 0000000000000,00
241000507	 0000000000000,00	 0000000000000,00	 0000000000000,00	 0000006595230,00
241000508	 0000000000000,00	 0000000000000,00	 0000000000000,00	 0000000000000,00
241000509	 0254155499332,00	 0000000000000,00	 0000000000000,00	 0016026398418,00
241000510	 0038433271746,00	 0000000000000,00	 0000000000000,00	 0006180362291,00
241000511	 0085177406198,00	 0000000000000,00	 0000000000000,00	 0020637920170,00
241000512	 0000000000000,00	 0000000000000,00	 0000000000000,00	 0000000000000,00
241000513	 0000000000000,00	 0000000000000,00	 0000000000000,00	 0000000000000,00
241000590	 0537625062235,00	 0000282012763,00	 0000000000000,00	 0087270500278,00
242000000	 11381996731395,00	 1895666920802,00	 0000000000000,00	 1861321314087,00
242000100	 11363010901480,00	 1550395128219,00	 0000000000000,00	 1844544948447,00
242000200	 0017643938063,00	 0339901339855,00	 0000000000000,00	 0000000000000,00
242000201	 0008322354206,00	 0162163599151,00	 0000000000000,00	 0000000000000,00
242000202	 0009321583857,00	 0177737740704,00	 0000000000000,00	 0000000000000,00
242000300	 0001341891852,00	 0005370452728,00	 0000000000000,00	 0016776365640,00
242000301	 0001341891852,00	 0005370452728,00	 0000000000000,00	 0016776365640,00
242000302	 0000000000000,00	 0000000000000,00	 0000000000000,00	 0000000000000,00
242000390	 0000000000000,00	 0000000000000,00	 0000000000000,00	 0000000000000,00
243000000	 0100276803183,00	 0000000000000,00	 0000000000000,00	 0000055378352,00
243000100	 0000000000000,00	 0000000000000,00	 0000000000000,00	 0000000000000,00
243000101	 0000000000000,00	 0000000000000,00	 0000000000000,00	 0000000000000,00
243000102	 0000000000000,00	 0000000000000,00	 0000000000000,00	 0000000000000,00
243000103	 0000000000000,00	 0000000000000,00	 0000000000000,00	 0000000000000,00
243000200	 0000000000000,00	 0000000000000,00	 0000000000000,00	 0000000000000,00
243000201	 0000000000000,00	 0000000000000,00	 0000000000000,00	 0000000000000,00
243000202	 0000000000000,00	 0000000000000,00	 0000000000000,00	 0000000000000,00
243000203	 0000000000000,00	 0000000000000,00	 0000000000000,00	 0000000000000,00
243000300	 0100276803183,00	 0000000000000,00	 0000000000000,00	 0000055378352,00
243000301	 0100276803183,00	 0000000000000,00	 0000000000000,00	 0000055378352,00
243000302	 0000000000000,00	 0000000000000,00	 0000000000000,00	 0000000000000,00
243000400	 0000000000000,00	 0000000000000,00	 0000000000000,00	 0000000000000,00
243000401	 0000000000000,00	 0000000000000,00	 0000000000000,00	 0000000000000,00
243000402	 0000000000000,00	 0000000000000,00	 0000000000000,00	 0000000000000,00
244000000	 4348520792892,00	 0000000000000,00	 0000480481245,00	 0996509558763,00
244250000	 0000000004000,00	 0000000000000,00	 0000000000000,00	 0000000000000,00
244250100	 0000000000000,00	 0000000000000,00	 0000000000000,00	 0000000000000,00
244250101	 0000000000000,00	 0000000000000,00	 0000000000000,00	 0000000000000,00
244250102	 0000000000000,00	 0000000000000,00	 0000000000000,00	 0000000000000,00
244250103	 0000000000000,00	 0000000000000,00	 0000000000000,00	 0000000000000,00
244250200	 0000000004000,00	 0000000000000,00	 0000000000000,00	 0000000000000,00
244250201	 0000000000000,00	 0000000000000,00	 0000000000000,00	 0000000000000,00
244250202	 0000000000000,00	 0000000000000,00	 0000000000000,00	 0000000000000,00
244250203	 0000000004000,00	 0000000000000,00	 0000000000000,00	 0000000000000,00
244250204	 0000000000000,00	 0000000000000,00	 0000000000000,00	 0000000000000,00
244250209	 0000000000000,00	 0000000000000,00	 0000000000000,00	 0000000000000,00
244500000	 0000000000000,00	 0000000000000,00	 0000480481245,00	 0996509558763,00
244500100	 0000000000000,00	 0000000000000,00	 0000480481245,00	 0804670061780,00
244500101	 0000000000000,00	 0000000000000,00	 0000480481245,00	 0769060133525,00
244500102	 0000000000000,00	 0000000000000,00	 0000000000000,00	 0035609928255,00
244500103	 0000000000000,00	 0000000000000,00	 0000000000000,00	 0000000000000,00
244500200	 0000000000000,00	 0000000000000,00	 0000000000000,00	 0191839496983,00
244500201	 0000000000000,00	 0000000000000,00	 0000000000000,00	 0000000000000,00
244500202	 0000000000000,00	 0000000000000,00	 0000000000000,00	 0136927022302,00
244500203	 0000000000000,00	 0000000000000,00	 0000000000000,00	 0054912474681,00
244500204	 0000000000000,00	 0000000000000,00	 0000000000000,00	 0000000000000,00
244500209	 0000000000000,00	 0000000000000,00	 0000000000000,00	 0000000000000,00
244700000	 4348520788892,00	 0000000000000,00	 0000000000000,00	 0000000000000,00
244700100	 4348520788892,00	 0000000000000,00	 0000000000000,00	 0000000000000,00
244700200	 0000000000000,00	 0000000000000,00	 0000000000000,00	 0000000000000,00
244900000	 0000000000000,00	 0000000000000,00	 0000000000000,00	 0000000000000,00
244900100	 0000000000000,00	 0000000000000,00	 0000000000000,00	 0000000000000,00
244900200	 0000000000000,00	 0000000000000,00	 0000000000000,00	 0000000000000,00
245000000	 0104659682106,00	 7248239821215,00	 0000000000000,00	 2164868265830,00
245000100	 0000000000000,00	 0001605895093,00	 0000000000000,00	 0000000000000,00
245000101	 0000000000000,00	 0001587533728,00	 0000000000000,00	 0000000000000,00
245000102	 0000000000000,00	 0000018361365,00	 0000000000000,00	 0000000000000,00
245000200	 0104659682106,00	 7246633926122,00	 0000000000000,00	 2164868265830,00
245000201	 0104659682106,00	 7246633926122,00	 0000000000000,00	 2164868265830,00
245000203	 0000000000000,00	 0000000000000,00	 0000000000000,00	 0000000000000,00
246000000	 0147998700203,00	 0000034469795,00	 0000000000000,00	 0105328059549,00
246000100	 0000000000000,00	 0000034469795,00	 0000000000000,00	 0000000000000,00
246000101	 0000000000000,00	 0000034469795,00	 0000000000000,00	 0000000000000,00
246000102	 0000000000000,00	 0000000000000,00	 0000000000000,00	 0000000000000,00
246000200	 0147998700203,00	 0000000000000,00	 0000000000000,00	 0105328059549,00
246000201	 0000000000000,00	 0000000000000,00	 0000000000000,00	 0000000000000,00
246000202	 0000000000000,00	 0000000000000,00	 0000000000000,00	 0000000000000,00
246000203	 0000000000000,00	 0000000000000,00	 0000000000000,00	 0000000000000,00
246000204	 0147998700203,00	 0000000000000,00	 0000000000000,00	 0000000000000,00
246000205	 0000000000000,00	 0000000000000,00	 0000000000000,00	 0000000000000,00
246000206	 0000000000000,00	 0000000000000,00	 0000000000000,00	 0000000000000,00
246000207	 0000000000000,00	 0000000000000,00	 0000000000000,00	 0000000000000,00
246000208	 0000000000000,00	 0000000000000,00	 0000000000000,00	 0105328059549,00
246000290	 0000000000000,00	 0000000000000,00	 0000000000000,00	 0000000000000,00
246000300	 0000000000000,00	 0000000000000,00	 0000000000000,00	 0000000000000,00
246000301	 0000000000000,00	 0000000000000,00	 0000000000000,00	 0000000000000,00
246000302	 0000000000000,00	 0000000000000,00	 0000000000000,00	 0000000000000,00
246000303	 0000000000000,00	 0000000000000,00	 0000000000000,00	 0000000000000,00
246000304	 0000000000000,00	 0000000000000,00	 0000000000000,00	 0000000000000,00
246000305	 0000000000000,00	 0000000000000,00	 0000000000000,00	 0000000000000,00
246000390	 0000000000000,00	 0000000000000,00	 0000000000000,00	 0000000000000,00
250000000	 0084214247566,00	 0000000000000,00	 0000000000000,00	 0000000000000,00
255000000	 0000000000000,00	 1036186655585,00	 0000000000000,00	 0000000000000,00
255000100	 0000000000000,00	 1036186655585,00	 0000000000000,00	 0000000000000,00
255000101	 0000000000000,00	 0000000000000,00	 0000000000000,00	 0000000000000,00
255000102	 0000000000000,00	 1036186655585,00	 0000000000000,00	 0000000000000,00
255000200	 0000000000000,00	 0000000000000,00	 0000000000000,00	 0000000000000,00
255000300	 0000000000000,00	 0000000000000,00	 0000000000000,00	 0000000000000,00
260000000	 0163680444551,00	 0000000000000,00	 0000000000000,00	 0000000000000,00
260000100	 0124035976967,00	 0000000000000,00	 0000000000000,00	 0000000000000,00
260000101	 0113871941604,00	 0000000000000,00	 0000000000000,00	 0000000000000,00
260000102	 0000000000000,00	 0000000000000,00	 0000000000000,00	 0000000000000,00
260000103	 0000000000000,00	 0000000000000,00	 0000000000000,00	 0000000000000,00
260000104	 0010164035363,00	 0000000000000,00	 0000000000000,00	 0000000000000,00
260000105	 0000000000000,00	 0000000000000,00	 0000000000000,00	 0000000000000,00
260000106	 0000000000000,00	 0000000000000,00	 0000000000000,00	 0000000000000,00
260000107	 0000000000000,00	 0000000000000,00	 0000000000000,00	 0000000000000,00
260000109	 0000000000000,00	 0000000000000,00	 0000000000000,00	 0000000000000,00
260000200	 0000000000000,00	 0000000000000,00	 0000000000000,00	 0000000000000,00
260000300	 0000000000000,00	 0000000000000,00	 0000000000000,00	 0000000000000,00
260000400	 0000000000000,00	 0000000000000,00	 0000000000000,00	 0000000000000,00
260000500	 0037972827803,00	 0000000000000,00	 0000000000000,00	 0000000000000,00
260000600	 0001408159981,00	 0000000000000,00	 0000000000000,00	 0000000000000,00
260000900	 0000263479800,00	 0000000000000,00	 0000000000000,00	 0000000000000,00
265000000	 0432850331584,00	 0000000000000,00	 0000000000000,00	 0000000000000,00
265000100	 0432850331584,00	 0000000000000,00	 0000000000000,00	 0000000000000,00
265000101	 0432850331584,00	 0000000000000,00	 0000000000000,00	 0000000000000,00
265000102	 0000000000000,00	 0000000000000,00	 0000000000000,00	 0000000000000,00
265000200	 0000000000000,00	 0000000000000,00	 0000000000000,00	 0000000000000,00
265000300	 0000000000000,00	 0000000000000,00	 0000000000000,00	 0000000000000,00
270000000	 0756089877853,00	 0000000000000,00	 0000001970025,00	 0009924816264,00
271000000	 0044136667331,00	 0000000000000,00	 0000001970025,00	 0009924816264,00
271000100	 0000000000000,00	 0000000000000,00	 0000000000000,00	 0003349215710,00
271000200	 0000116549271,00	 0000000000000,00	 0000000000000,00	 0000645479943,00
271000400	 0036200920145,00	 0000000000000,00	 0000000000000,00	 0002144070694,00
271000500	 0000000000000,00	 0000000000000,00	 0000000000000,00	 0000000000000,00
271000501	 0000000000000,00	 0000000000000,00	 0000000000000,00	 0000000000000,00
271000502	 0000000000000,00	 0000000000000,00	 0000000000000,00	 0000000000000,00
271000503	 0000000000000,00	 0000000000000,00	 0000000000000,00	 0000000000000,00
271000504	 0000000000000,00	 0000000000000,00	 0000000000000,00	 0000000000000,00
271000505	 0000000000000,00	 0000000000000,00	 0000000000000,00	 0000000000000,00
271000600	 0000000000000,00	 0000000000000,00	 0000000000000,00	 0000000000000,00
271000601	 0000000000000,00	 0000000000000,00	 0000000000000,00	 0000000000000,00
271000602	 0000000000000,00	 0000000000000,00	 0000000000000,00	 0000000000000,00
271000700	 0007819197915,00	 0000000000000,00	 0000001970025,00	 0003786049917,00
271000701	 0002875877576,00	 0000000000000,00	 0000001970025,00	 0000012801809,00
271000702	 0000781260351,00	 0000000000000,00	 0000000000000,00	 0000934617592,00
271000703	 0001088706283,00	 0000000000000,00	 0000000000000,00	 0000000000000,00
271000704	 0003073353705,00	 0000000000000,00	 0000000000000,00	 0002838630516,00
271000705	 0000000000000,00	 0000000000000,00	 0000000000000,00	 0000000000000,00
271000800	 0000000000000,00	 0000000000000,00	 0000000000000,00	 0000000000000,00
271000900	 0000000000000,00	 0000000000000,00	 0000000000000,00	 0000000000000,00
272000000	 0011701333384,00	 0000000000000,00	 0000000000000,00	 0000000000000,00
273000000	 0000000000000,00	 0000000000000,00	 0000000000000,00	 0000000000000,00
274000000	 0700251877138,00	 0000000000000,00	 0000000000000,00	 0000000000000,00
274000100	 0700251877138,00	 0000000000000,00	 0000000000000,00	 0000000000000,00
274000200	 0000000000000,00	 0000000000000,00	 0000000000000,00	 0000000000000,00
274000300	 0000000000000,00	 0000000000000,00	 0000000000000,00	 0000000000000,00
275000000	 0000000000000,00	 0000000000000,00	 0000000000000,00	 0000000000000,00
275000100	 0000000000000,00	 0000000000000,00	 0000000000000,00	 0000000000000,00
275000200	 0000000000000,00	 0000000000000,00	 0000000000000,00	 0000000000000,00
275000300	 0000000000000,00	 0000000000000,00	 0000000000000,00	 0000000000000,00
275000400	 0000000000000,00	 0000000000000,00	 0000000000000,00	 0000000000000,00
275000500	 0000000000000,00	 0000000000000,00	 0000000000000,00	 0000000000000,00
275000600	 0000000000000,00	 0000000000000,00	 0000000000000,00	 0000000000000,00
279000000	 0000000000000,00	 0000000000000,00	 0000000000000,00	 0000000000000,00
279000100	 0000000000000,00	 0000000000000,00	 0000000000000,00	 0000000000000,00
279000200	 0000000000000,00	 0000000000000,00	 0000000000000,00	 0000000000000,00
279000300	 0000000000000,00	 0000000000000,00	 0000000000000,00	 0000000000000,00
280000000	 0001245854134,00	 0000000000000,00	 0000000000000,00	 0000000000000,00
285000000	 0000000000000,00	 0000000000000,00	 0000000000000,00	 0000000000000,00
290000000	 0636225520331,00	 0345358379700,00	 0000585500971,00	 0291372846851,00
290000100	 0000000036000,00	 0000000000000,00	 0000000000000,00	 0202270260868,00
290000101	 0000000000000,00	 0000000000000,00	 0000000000000,00	 0000000000000,00
290000102	 0000000000000,00	 0000000000000,00	 0000000000000,00	 0000000000000,00
290000103	 0000000036000,00	 0000000000000,00	 0000000000000,00	 0023186372105,00
290000104	 0000000000000,00	 0000000000000,00	 0000000000000,00	 0179083888763,00
290000200	 0231908982446,00	 0000000000000,00	 0000000000000,00	 0001936649455,00
290000201	 0125332890621,00	 0000000000000,00	 0000000000000,00	 0001936649455,00
290000202	 0106576091825,00	 0000000000000,00	 0000000000000,00	 0000000000000,00
290000203	 0000000000000,00	 0000000000000,00	 0000000000000,00	 0000000000000,00
290000300	 0309041614366,00	 0006549117850,00	 0000585500971,00	 0080591749246,00
290000301	 0000000000000,00	 0000000000000,00	 0000000000000,00	 0000000000000,00
290000302	 0011621173826,00	 0000000000000,00	 0000000000000,00	 0000000000000,00
290000303	 0002401997349,00	 0000000000000,00	 0000000000000,00	 0000000000000,00
290000304	 0000015551400,00	 0000000000000,00	 0000000000000,00	 0000000000000,00
290000305	 0023070703302,00	 0000000000000,00	 0000000000000,00	 0000015155993,00
290000306	 0000000000000,00	 0000000000000,00	 0000000000000,00	 0000000000000,00
290000307	 0008161136554,00	 0000000000000,00	 0000000000000,00	 0001155781031,00
290000308	 0103038844932,00	 0000142784532,00	 0000000000000,00	 0000000000000,00
290000309	 0020466478887,00	 0000000000000,00	 0000000000000,00	 0000000000000,00
290000390	 0140265728116,00	 0006406333318,00	 0000585500971,00	 0079420812222,00
290000400	 0000000000000,00	 0000000000000,00	 0000000000000,00	 0000000000000,00
290000500	 0012885040513,00	 0000000000000,00	 0000000000000,00	 0000000000000,00
290000501	 0012885040513,00	 0000000000000,00	 0000000000000,00	 0000000000000,00
290000502	 0000000000000,00	 0000000000000,00	 0000000000000,00	 0000000000000,00
290000700	 0000000000000,00	 0000000000000,00	 0000000000000,00	 0000000000000,00
290000800	 0046124159401,00	 0000000000000,00	 0000000000000,00	 0001814823261,00
290000801	 0000000000000,00	 0000000000000,00	 0000000000000,00	 0000000000000,00
290000802	 0001537332564,00	 0000000000000,00	 0000000000000,00	 0000000000000,00
290000803	 0000729033861,00	 0000000000000,00	 0000000000000,00	 0000000000000,00
290000809	 0043857792976,00	 0000000000000,00	 0000000000000,00	 0001814823261,00
290000900	 0006010497108,00	 0000000000000,00	 0000000000000,00	 0000049095476,00
290001000	 0000161778053,00	 0000289109187,00	 0000000000000,00	 0000000000000,00
290001100	 0001121831205,00	 0000003243566,00	 0000000000000,00	 0000078335713,00
290001200	 0028971581239,00	 0338516909097,00	 0000000000000,00	 0004631932832,00
295000000	 0000000000000,00	 0000000000000,00	 0000000000000,00	 0000000000000,00
300000000	 4119478169990,00	 0616521489806,00	 0014961063367,00	 0275170975961,00
310000000	 2420538367471,00	 0000000000000,00	 0000000000000,00	 0000000000000,00
311000000	 2418833181067,00	 0000000000000,00	 0000000000000,00	 0000000000000,00
311000100	 1493173801395,00	 0000000000000,00	 0000000000000,00	 0000000000000,00
311000200	 0913889577566,00	 0000000000000,00	 0000000000000,00	 0000000000000,00
311000300	 0000000000000,00	 0000000000000,00	 0000000000000,00	 0000000000000,00
311000400	 0000000000000,00	 0000000000000,00	 0000000000000,00	 0000000000000,00
311000500	 0000000000000,00	 0000000000000,00	 0000000000000,00	 0000000000000,00
311000600	 0011769802106,00	 0000000000000,00	 0000000000000,00	 0000000000000,00
312000000	 0001705186404,00	 0000000000000,00	 0000000000000,00	 0000000000000,00
313000000	 0000000000000,00	 0000000000000,00	 0000000000000,00	 0000000000000,00
320000000	 0709741755872,00	 0000000000000,00	 0000000000000,00	 0000000000000,00
320000100	 0038249604397,00	 0000000000000,00	 0000000000000,00	 0000000000000,00
320000200	 0671492151475,00	 0000000000000,00	 0000000000000,00	 0000000000000,00
320000300	 0000000000000,00	 0000000000000,00	 0000000000000,00	 0000000000000,00
320000400	 0000000000000,00	 0000000000000,00	 0000000000000,00	 0000000000000,00
330000000	 0019534423288,00	 0000000000000,00	 0000000000000,00	 0000000000000,00
331000000	 0005032688253,00	 0000000000000,00	 0000000000000,00	 0000000000000,00
331000100	-0000268120970,00	 0000000000000,00	 0000000000000,00	 0000000000000,00
331000200	 0005300809223,00	 0000000000000,00	 0000000000000,00	 0000000000000,00
331000201	 0005300809223,00	 0000000000000,00	 0000000000000,00	 0000000000000,00
331000202	 0000000000000,00	 0000000000000,00	 0000000000000,00	 0000000000000,00
331000203	 0000000000000,00	 0000000000000,00	 0000000000000,00	 0000000000000,00
331000209	 0000000000000,00	 0000000000000,00	 0000000000000,00	 0000000000000,00
331000300	 0000000000000,00	 0000000000000,00	 0000000000000,00	 0000000000000,00
331000400	 0000000000000,00	 0000000000000,00	 0000000000000,00	 0000000000000,00
331000500	 0000000000000,00	 0000000000000,00	 0000000000000,00	 0000000000000,00
331000900	 0000000000000,00	 0000000000000,00	 0000000000000,00	 0000000000000,00
332000000	 0014501735035,00	 0000000000000,00	 0000000000000,00	 0000000000000,00
332000100	-0017090897236,00	 0000000000000,00	 0000000000000,00	 0000000000000,00
332000200	 0000000000000,00	 0000000000000,00	 0000000000000,00	 0000000000000,00
332000300	 0000000000000,00	 0000000000000,00	 0000000000000,00	 0000000000000,00
332000400	 0031690407313,00	 0000000000000,00	 0000000000000,00	 0000000000000,00
332000500	 0000000000000,00	 0000000000000,00	 0000000000000,00	 0000000000000,00
332000600	-0000097775042,00	 0000000000000,00	 0000000000000,00	 0000000000000,00
332000700	 0000000000000,00	 0000000000000,00	 0000000000000,00	 0000000000000,00
332000900	 0000000000000,00	 0000000000000,00	 0000000000000,00	 0000000000000,00
340000000	 1451075693088,00	 0000000000000,00	 0000000000000,00	 0000000000000,00
340000100	 1451075693088,00	 0000000000000,00	 0000000000000,00	 0000000000000,00
340000200	 0000000000000,00	 0000000000000,00	 0000000000000,00	 0000000000000,00
350000000	-0048562501920,00	 0616521489806,00	 0014961063367,00	 0275170975961,00
360000000	-0432850331584,00	 0000000000000,00	 0000000000000,00	 0000000000000,00
360000100	-0432850331584,00	 0000000000000,00	 0000000000000,00	 0000000000000,00
360000101	-0432850331584,00	 0000000000000,00	 0000000000000,00	 0000000000000,00
360000102	 0000000000000,00	 0000000000000,00	 0000000000000,00	 0000000000000,00
360000200	 0000000000000,00	 0000000000000,00	 0000000000000,00	 0000000000000,00
360000300	 0000000000000,00	 0000000000000,00	 0000000000000,00	 0000000000000,00
365000000	 0000000000000,00	 0000000000000,00	 0000000000000,00	 0000000000000,00
380000000	 4119477406215,00	 0616521489806,00	 0014961063367,00	 0275170975961,00
390000000	 0000000763775,00	 0000000000000,00	 0000000000000,00	 0000000000000,00
500000000	 14319421954442,00	 19069040933789,00	 0144116757701,00	 3706066501389,00
505000000	 14319421954442,00	 19069040933789,00	 0144116757701,00	 3706066501389,00
510000000	 35703219071358,00	 11217695781431,00	 0016029015608,00	 8216390743634,00
