009	BANCO INTERNACIONAL
100000000	002129494011091	002598808688039	000000000000000	000515749081056
105000000	000083893625271	000000000000000	000000000000000	000102464779362
105000100	000007206920002	000000000000000	000000000000000	000000995085793
105000101	000004668919687	000000000000000	000000000000000	000000995085793
105000102	000000091240000	000000000000000	000000000000000	000000000000000
105000103	000002446760315	000000000000000	000000000000000	000000000000000
105000200	000066466802314	000000000000000	000000000000000	000073350772596
105000201	000066466802314	000000000000000	000000000000000	000009707472596
105000202	000000000000000	000000000000000	000000000000000	000063643300000
105000209	000000000000000	000000000000000	000000000000000	000000000000000
105000300	000000000000000	000000000000000	000000000000000	000000000000000
105000301	000000000000000	000000000000000	000000000000000	000000000000000
105000302	000000000000000	000000000000000	000000000000000	000000000000000
105000309	000000000000000	000000000000000	000000000000000	000000000000000
105000400	000010219902955	000000000000000	000000000000000	000000022060021
105000500	000000000000000	000000000000000	000000000000000	000028096860952
107000000	000019762108804	000000000000000	000000000000000	000015446089291
107000100	000003789350066	000000000000000	000000000000000	000000294767193
107000101	000000000000000	000000000000000	000000000000000	000000000000000
107000102	000003789350066	000000000000000	000000000000000	000000034797687
107000103	000000000000000	000000000000000	000000000000000	000000259969506
107000200	000000000000000	000000000000000	000000000000000	000000000000000
107000201	000000000000000	000000000000000	000000000000000	000000000000000
107000202	000000000000000	000000000000000	000000000000000	000000000000000
107000300	000000000000000	000000000000000	000000000000000	000000000000000
107000400	000015972758738	000000000000000	000000000000000	000015151322098
107000401	000009000235809	000000000000000	000000000000000	000000000000000
107000409	000000000000000	000000000000000	000000000000000	000010552863797
107000411	000003691303100	000000000000000	000000000000000	000000000000000
107000419	000003281219829	000000000000000	000000000000000	000004598458301
110000000	000185295557867	000197927334812	000000000000000	000000000000000
111000100	000146707220361	000197927334812	000000000000000	000000000000000
111000101	000032951829869	000000000000000	000000000000000	000000000000000
111000102	000113755390492	000197927334812	000000000000000	000000000000000
111000103	000000000000000	000000000000000	000000000000000	000000000000000
111000104	000000000000000	000000000000000	000000000000000	000000000000000
111000105	000000000000000	000000000000000	000000000000000	000000000000000
111000109	000000000000000	000000000000000	000000000000000	000000000000000
112000000	000000764229755	000000000000000	000000000000000	000000000000000
112000100	000000764229755	000000000000000	000000000000000	000000000000000
112000101	000000000000000	000000000000000	000000000000000	000000000000000
112000102	000000764229755	000000000000000	000000000000000	000000000000000
112000109	000000000000000	000000000000000	000000000000000	000000000000000
112000200	000000000000000	000000000000000	000000000000000	000000000000000
112000201	000000000000000	000000000000000	000000000000000	000000000000000
112000202	000000000000000	000000000000000	000000000000000	000000000000000
112000209	000000000000000	000000000000000	000000000000000	000000000000000
112000300	000000000000000	000000000000000	000000000000000	000000000000000
112000301	000000000000000	000000000000000	000000000000000	000000000000000
112000302	000000000000000	000000000000000	000000000000000	000000000000000
112000303	000000000000000	000000000000000	000000000000000	000000000000000
112000304	000000000000000	000000000000000	000000000000000	000000000000000
112000309	000000000000000	000000000000000	000000000000000	000000000000000
113000000	000037824107751	000000000000000	000000000000000	000000000000000
113000100	000037824107751	000000000000000	000000000000000	000000000000000
113000101	000031484859231	000000000000000	000000000000000	000000000000000
113000102	000006339248520	000000000000000	000000000000000	000000000000000
113000200	000000000000000	000000000000000	000000000000000	000000000000000
113000201	000000000000000	000000000000000	000000000000000	000000000000000
113000202	000000000000000	000000000000000	000000000000000	000000000000000
113000300	000000000000000	000000000000000	000000000000000	000000000000000
113000301	000000000000000	000000000000000	000000000000000	000000000000000
113000302	000000000000000	000000000000000	000000000000000	000000000000000
113000303	000000000000000	000000000000000	000000000000000	000000000000000
113000304	000000000000000	000000000000000	000000000000000	000000000000000
113000400	000000000000000	000000000000000	000000000000000	000000000000000
115000000	000000468480326	000000000000000	000000000000000	000000000000000
115250000	000000468480326	000000000000000	000000000000000	000000000000000
115250100	000000000000000	000000000000000	000000000000000	000000000000000
115250101	000000000000000	000000000000000	000000000000000	000000000000000
115250102	000000000000000	000000000000000	000000000000000	000000000000000
115250109	000000000000000	000000000000000	000000000000000	000000000000000
115250200	000000000000000	000000000000000	000000000000000	000000000000000
115250201	000000000000000	000000000000000	000000000000000	000000000000000
115250202	000000000000000	000000000000000	000000000000000	000000000000000
115250209	000000000000000	000000000000000	000000000000000	000000000000000
115250300	000000468480326	000000000000000	000000000000000	000000000000000
115250301	000000000000000	000000000000000	000000000000000	000000000000000
115250302	000000000000000	000000000000000	000000000000000	000000000000000
115250303	000000468480326	000000000000000	000000000000000	000000000000000
115250304	000000000000000	000000000000000	000000000000000	000000000000000
115250309	000000000000000	000000000000000	000000000000000	000000000000000
115500000	000000000000000	000000000000000	000000000000000	000000000000000
115500100	000000000000000	000000000000000	000000000000000	000000000000000
115500101	000000000000000	000000000000000	000000000000000	000000000000000
115500102	000000000000000	000000000000000	000000000000000	000000000000000
115500300	000000000000000	000000000000000	000000000000000	000000000000000
115500301	000000000000000	000000000000000	000000000000000	000000000000000
115500302	000000000000000	000000000000000	000000000000000	000000000000000
115500303	000000000000000	000000000000000	000000000000000	000000000000000
115500304	000000000000000	000000000000000	000000000000000	000000000000000
115500400	000000000000000	000000000000000	000000000000000	000000000000000
118000000	000000000000000	000000000000000	000000000000000	000000000000000
118250000	000000000000000	000000000000000	000000000000000	000000000000000
118250100	000000000000000	000000000000000	000000000000000	000000000000000
118250101	000000000000000	000000000000000	000000000000000	000000000000000
118250102	000000000000000	000000000000000	000000000000000	000000000000000
118250109	000000000000000	000000000000000	000000000000000	000000000000000
118250200	000000000000000	000000000000000	000000000000000	000000000000000
118250201	000000000000000	000000000000000	000000000000000	000000000000000
118250202	000000000000000	000000000000000	000000000000000	000000000000000
118250209	000000000000000	000000000000000	000000000000000	000000000000000
118250300	000000000000000	000000000000000	000000000000000	000000000000000
118250301	000000000000000	000000000000000	000000000000000	000000000000000
118250302	000000000000000	000000000000000	000000000000000	000000000000000
118250303	000000000000000	000000000000000	000000000000000	000000000000000
118250304	000000000000000	000000000000000	000000000000000	000000000000000
118250309	000000000000000	000000000000000	000000000000000	000000000000000
118500000	000000000000000	000000000000000	000000000000000	000000000000000
118500300	000000000000000	000000000000000	000000000000000	000000000000000
118500301	000000000000000	000000000000000	000000000000000	000000000000000
118500302	000000000000000	000000000000000	000000000000000	000000000000000
118500303	000000000000000	000000000000000	000000000000000	000000000000000
118500304	000000000000000	000000000000000	000000000000000	000000000000000
118500400	000000000000000	000000000000000	000000000000000	000000000000000
120000000	000236319478587	000138204141464	000000000000000	000009951860968
122000000	000236319478587	000138204141464	000000000000000	000009951860968
122000100	000236319478587	000138204141464	000000000000000	000000000000000
122000101	000129931605940	000000000000000	000000000000000	000000000000000
122000102	000106387872647	000138204141464	000000000000000	000000000000000
122000109	000000000000000	000000000000000	000000000000000	000000000000000
122000200	000000000000000	000000000000000	000000000000000	000009951860968
122000201	000000000000000	000000000000000	000000000000000	000009951860968
122000202	000000000000000	000000000000000	000000000000000	000000000000000
122000209	000000000000000	000000000000000	000000000000000	000000000000000
122000300	000000000000000	000000000000000	000000000000000	000000000000000
122000301	000000000000000	000000000000000	000000000000000	000000000000000
122000302	000000000000000	000000000000000	000000000000000	000000000000000
122000303	000000000000000	000000000000000	000000000000000	000000000000000
122000304	000000000000000	000000000000000	000000000000000	000000000000000
122000309	000000000000000	000000000000000	000000000000000	000000000000000
123000000	000000000000000	000000000000000	000000000000000	000000000000000
123000300	000000000000000	000000000000000	000000000000000	000000000000000
123000301	000000000000000	000000000000000	000000000000000	000000000000000
123000302	000000000000000	000000000000000	000000000000000	000000000000000
123000303	000000000000000	000000000000000	000000000000000	000000000000000
123000304	000000000000000	000000000000000	000000000000000	000000000000000
123000400	000000000000000	000000000000000	000000000000000	000000000000000
130000000	000022523270072	000000000000000	000000000000000	000000000000000
130000100	000022523270072	000000000000000	000000000000000	000000000000000
130000101	000000000000000	000000000000000	000000000000000	000000000000000
130000102	000022523270072	000000000000000	000000000000000	000000000000000
130000103	000000000000000	000000000000000	000000000000000	000000000000000
130000104	000000000000000	000000000000000	000000000000000	000000000000000
130000105	000000000000000	000000000000000	000000000000000	000000000000000
130000190	000000000000000	000000000000000	000000000000000	000000000000000
140000000	001353262430929	002262391343715	000000000000000	000330957768939
141000000	000005993352965	000000000000000	000000000000000	000000000000000
141000100	000000000000000	000000000000000	000000000000000	000000000000000
141000101	000000000000000	000000000000000	000000000000000	000000000000000
141000102	000000000000000	000000000000000	000000000000000	000000000000000
141000103	000000000000000	000000000000000	000000000000000	000000000000000
141000200	000005993352965	000000000000000	000000000000000	000000000000000
141000201	000000000000000	000000000000000	000000000000000	000000000000000
141000202	000000000000000	000000000000000	000000000000000	000000000000000
141000203	000005993352965	000000000000000	000000000000000	000000000000000
141000300	000000000000000	000000000000000	000000000000000	000000000000000
141000301	000000000000000	000000000000000	000000000000000	000000000000000
141000302	000000000000000	000000000000000	000000000000000	000000000000000
141000400	000000000000000	000000000000000	000000000000000	000000000000000
141000401	000000000000000	000000000000000	000000000000000	000000000000000
141000402	000000000000000	000000000000000	000000000000000	000000000000000
141000900	000000000000000	000000000000000	000000000000000	000000000000000
141000901	000000000000000	000000000000000	000000000000000	000000000000000
141000902	000000000000000	000000000000000	000000000000000	000000000000000
141000903	000000000000000	000000000000000	000000000000000	000000000000000
141500000	000000000000000	000000000000000	000000000000000	000000000000000
141500100	000000000000000	000000000000000	000000000000000	000000000000000
141500101	000000000000000	000000000000000	000000000000000	000000000000000
141500102	000000000000000	000000000000000	000000000000000	000000000000000
141500109	000000000000000	000000000000000	000000000000000	000000000000000
141500200	000000000000000	000000000000000	000000000000000	000000000000000
141500201	000000000000000	000000000000000	000000000000000	000000000000000
141500202	000000000000000	000000000000000	000000000000000	000000000000000
141500209	000000000000000	000000000000000	000000000000000	000000000000000
141500300	000000000000000	000000000000000	000000000000000	000000000000000
141500301	000000000000000	000000000000000	000000000000000	000000000000000
141500302	000000000000000	000000000000000	000000000000000	000000000000000
141500303	000000000000000	000000000000000	000000000000000	000000000000000
141500304	000000000000000	000000000000000	000000000000000	000000000000000
141500309	000000000000000	000000000000000	000000000000000	000000000000000
141500900	000000000000000	000000000000000	000000000000000	000000000000000
141500901	000000000000000	000000000000000	000000000000000	000000000000000
141500902	000000000000000	000000000000000	000000000000000	000000000000000
141500903	000000000000000	000000000000000	000000000000000	000000000000000
143000000	000000000000000	000000000000000	000000000000000	000000000000000
143100100	000000000000000	000000000000000	000000000000000	000000000000000
143100101	000000000000000	000000000000000	000000000000000	000000000000000
143100102	000000000000000	000000000000000	000000000000000	000000000000000
143100103	000000000000000	000000000000000	000000000000000	000000000000000
143100104	000000000000000	000000000000000	000000000000000	000000000000000
143100105	000000000000000	000000000000000	000000000000000	000000000000000
143100106	000000000000000	000000000000000	000000000000000	000000000000000
143100107	000000000000000	000000000000000	000000000000000	000000000000000
143100190	000000000000000	000000000000000	000000000000000	000000000000000
143150100	000000000000000	000000000000000	000000000000000	000000000000000
143150101	000000000000000	000000000000000	000000000000000	000000000000000
143150102	000000000000000	000000000000000	000000000000000	000000000000000
143150103	000000000000000	000000000000000	000000000000000	000000000000000
143200100	000000000000000	000000000000000	000000000000000	000000000000000
143200101	000000000000000	000000000000000	000000000000000	000000000000000
143200102	000000000000000	000000000000000	000000000000000	000000000000000
143200103	000000000000000	000000000000000	000000000000000	000000000000000
143200104	000000000000000	000000000000000	000000000000000	000000000000000
143200105	000000000000000	000000000000000	000000000000000	000000000000000
143200106	000000000000000	000000000000000	000000000000000	000000000000000
143200107	000000000000000	000000000000000	000000000000000	000000000000000
143200108	000000000000000	000000000000000	000000000000000	000000000000000
143200190	000000000000000	000000000000000	000000000000000	000000000000000
143250100	000000000000000	000000000000000	000000000000000	000000000000000
143250101	000000000000000	000000000000000	000000000000000	000000000000000
143250102	000000000000000	000000000000000	000000000000000	000000000000000
143250103	000000000000000	000000000000000	000000000000000	000000000000000
143300100	000000000000000	000000000000000	000000000000000	000000000000000
143300101	000000000000000	000000000000000	000000000000000	000000000000000
143300102	000000000000000	000000000000000	000000000000000	000000000000000
143300103	000000000000000	000000000000000	000000000000000	000000000000000
143400100	000000000000000	000000000000000	000000000000000	000000000000000
143400101	000000000000000	000000000000000	000000000000000	000000000000000
143400102	000000000000000	000000000000000	000000000000000	000000000000000
143400103	000000000000000	000000000000000	000000000000000	000000000000000
144000000	001347269077964	002262391343715	000000000000000	000330957768939
145000000	001038116309991	002133334766401	000000000000000	000330738305819
145400100	000794802710603	001749162702913	000000000000000	000178347143680
145400101	000794802710603	001532991174282	000000000000000	000178347143680
145400102	000000000000000	000000000000000	000000000000000	000000000000000
145400103	000000000000000	000214139230363	000000000000000	000000000000000
145400104	000000000000000	000000606037112	000000000000000	000000000000000
145400105	000000000000000	000001426261156	000000000000000	000000000000000
145400106	000000000000000	000000000000000	000000000000000	000000000000000
145400200	000024012610263	000000000000000	000000000000000	000151453195942
145400201	000000000000000	000000000000000	000000000000000	000000000000000
145400202	000013403220331	000000000000000	000000000000000	000053042830652
145400203	000000000000000	000000000000000	000000000000000	000006058899135
145400204	000010609389932	000000000000000	000000000000000	000092351466155
145400205	000000000000000	000000000000000	000000000000000	000000000000000
145400290	000000000000000	000000000000000	000000000000000	000000000000000
145400300	000025068542058	000000000000000	000000000000000	000000000000000
145400400	000002521563432	000000000000000	000000000000000	000000190003092
145400401	000001144312887	000000000000000	000000000000000	000000000000000
145400402	000001377250545	000000000000000	000000000000000	000000190003092
145400500	000037581367321	000000000000000	000000000000000	000000747963105
145400501	000037581367321	000000000000000	000000000000000	000000747963105
145400502	000000000000000	000000000000000	000000000000000	000000000000000
145400600	000153819159442	000124354988893	000000000000000	000000000000000
145400601	000037749419152	000084414066472	000000000000000	000000000000000
145400602	000116069740290	000039940922421	000000000000000	000000000000000
145400700	000000000000000	000259105431556	000000000000000	000000000000000
145400701	000000000000000	000258848254053	000000000000000	000000000000000
145400702	000000000000000	000000257177503	000000000000000	000000000000000
145400703	000000000000000	000000000000000	000000000000000	000000000000000
145400900	000000310356872	000000711643039	000000000000000	000000000000000
145400901	000000000000000	000000000000000	000000000000000	000000000000000
145400902	000000008657549	000000711643039	000000000000000	000000000000000
145400990	000000301699323	000000000000000	000000000000000	000000000000000
146000000	000000000000000	000129056577314	000000000000000	000000000000000
146000100	000000000000000	000006163741403	000000000000000	000000000000000
146000200	000000000000000	000008550990798	000000000000000	000000000000000
146000300	000000000000000	000000000000000	000000000000000	000000000000000
146000400	000000000000000	000114341845113	000000000000000	000000000000000
146000401	000000000000000	000114341845113	000000000000000	000000000000000
146000402	000000000000000	000000000000000	000000000000000	000000000000000
146000500	000000000000000	000000000000000	000000000000000	000000000000000
146000900	000000000000000	000000000000000	000000000000000	000000000000000
146000901	000000000000000	000000000000000	000000000000000	000000000000000
146000902	000000000000000	000000000000000	000000000000000	000000000000000
146000903	000000000000000	000000000000000	000000000000000	000000000000000
146000909	000000000000000	000000000000000	000000000000000	000000000000000
148000000	000387304746075	000000000000000	000000000000000	000000219463120
148000100	000380635129938	000000000000000	000000000000000	000000000000000
148000200	000001378519151	000000000000000	000000000000000	000000000000000
148000300	000005291096986	000000000000000	000000000000000	000000219463120
148000301	000003678176764	000000000000000	000000000000000	000000000000000
148000302	000001612920222	000000000000000	000000000000000	000000219463120
148000400	000000000000000	000000000000000	000000000000000	000000000000000
148000900	000000000000000	000000000000000	000000000000000	000000000000000
148000901	000000000000000	000000000000000	000000000000000	000000000000000
148000902	000000000000000	000000000000000	000000000000000	000000000000000
149000000	-00078151978102	000000000000000	000000000000000	000000000000000
149500100	-00058416880651	000000000000000	000000000000000	000000000000000
149500101	-00023629511350	000000000000000	000000000000000	000000000000000
149500102	-00004349146308	000000000000000	000000000000000	000000000000000
149500103	-00022896400226	000000000000000	000000000000000	000000000000000
149500104	-00004351376382	000000000000000	000000000000000	000000000000000
149500105	-00002509396463	000000000000000	000000000000000	000000000000000
149500109	-00000681049922	000000000000000	000000000000000	000000000000000
149600100	-00000408120820	000000000000000	000000000000000	000000000000000
149600101	-00000330520290	000000000000000	000000000000000	000000000000000
149600102	-00000077600530	000000000000000	000000000000000	000000000000000
149700100	-00019326976631	000000000000000	000000000000000	000000000000000
149700101	-00015247161460	000000000000000	000000000000000	000000000000000
149700102	-00004079815171	000000000000000	000000000000000	000000000000000
150000000	000000227711798	000000000000000	000000000000000	000000000000000
150000100	000000000000000	000000000000000	000000000000000	000000000000000
150000200	000000000000000	000000000000000	000000000000000	000000000000000
150000201	000000000000000	000000000000000	000000000000000	000000000000000
150000202	000000000000000	000000000000000	000000000000000	000000000000000
150000300	000000000000000	000000000000000	000000000000000	000000000000000
150000400	000000000000000	000000000000000	000000000000000	000000000000000
150000500	000000000000000	000000000000000	000000000000000	000000000000000
150000600	000000000000000	000000000000000	000000000000000	000000000000000
150000700	000000227711798	000000000000000	000000000000000	000000000000000
150000800	000000000000000	000000000000000	000000000000000	000000000000000
160000000	000022776506434	000000000000000	000000000000000	000000000000000
160000100	000000624867330	000000000000000	000000000000000	000000000000000
160000200	000002290476189	000000000000000	000000000000000	000000000000000
160000201	000003800084694	000000000000000	000000000000000	000000000000000
160000202	000000000000000	000000000000000	000000000000000	000000000000000
160000203	000000000000000	000000000000000	000000000000000	000000000000000
160000204	000000000000000	000000000000000	000000000000000	000000000000000
160000205	000000000000000	000000000000000	000000000000000	000000000000000
160000206	000000000000000	000000000000000	000000000000000	000000000000000
160000207	000000000000000	000000000000000	000000000000000	000000000000000
160000208	000000000000000	000000000000000	000000000000000	000000000000000
160000209	000000000000000	000000000000000	000000000000000	000000000000000
160000219	-00001509608505	000000000000000	000000000000000	000000000000000
160000300	000019861162915	000000000000000	000000000000000	000000000000000
160000301	000018089939405	000000000000000	000000000000000	000000000000000
160000302	000006344458614	000000000000000	000000000000000	000000000000000
160000303	000000000000000	000000000000000	000000000000000	000000000000000
160000309	000000216643609	000000000000000	000000000000000	000000000000000
160000319	-00004789878713	000000000000000	000000000000000	000000000000000
170000000	000003236855995	000000000000000	000000000000000	000000000000000
170000100	000000030686517	000000000000000	000000000000000	000000000000000
170000101	000000033396273	000000000000000	000000000000000	000000000000000
170000102	000000000000000	000000000000000	000000000000000	000000000000000
170000119	-00000002709756	000000000000000	000000000000000	000000000000000
170000200	000003206169478	000000000000000	000000000000000	000000000000000
170000201	000007359742870	000000000000000	000000000000000	000000000000000
170000209	000004529417697	000000000000000	000000000000000	000000000000000
170000219	-00008682991089	000000000000000	000000000000000	000000000000000
175000000	000019679166216	000000000000000	000000000000000	000000000000000
175000100	000014014031676	000000000000000	000000000000000	000000000000000
175000101	000029572586446	000000000000000	000000000000000	000000000000000
175000102	000000000000000	000000000000000	000000000000000	000000000000000
175000119	-00015558554770	000000000000000	000000000000000	000000000000000
175000200	000005575101739	000000000000000	000000000000000	000000000000000
175000201	000010823909245	000000000000000	000000000000000	000000000000000
175000219	-00005248807506	000000000000000	000000000000000	000000000000000
175000300	000000090032801	000000000000000	000000000000000	000000000000000
175000301	000000120043735	000000000000000	000000000000000	000000000000000
175000309	000000000000000	000000000000000	000000000000000	000000000000000
175000319	-00000030010934	000000000000000	000000000000000	000000000000000
175000400	000000000000000	000000000000000	000000000000000	000000000000000
175000401	000000000000000	000000000000000	000000000000000	000000000000000
175000409	000000000000000	000000000000000	000000000000000	000000000000000
175000419	000000000000000	000000000000000	000000000000000	000000000000000
180000000	000007112652278	000000000000000	000000000000000	000000000000000
185000000	000027741660340	000000000000000	000000000000000	000000000000000
190000000	000119587553217	000000285868048	000000000000000	000056928582496
190000100	000001031150312	000000040000000	000000000000000	000000000000000
190000101	000001031150312	000000040000000	000000000000000	000000000000000
190000102	000000000000000	000000000000000	000000000000000	000000000000000
190000103	000000000000000	000000000000000	000000000000000	000000000000000
190000200	000007228112053	000000000000000	000000000000000	000000000000000
190000201	000007228112053	000000000000000	000000000000000	000000000000000
190000202	000000000000000	000000000000000	000000000000000	000000000000000
190000203	000000000000000	000000000000000	000000000000000	000000000000000
190000204	000000000000000	000000000000000	000000000000000	000000000000000
190000300	000000000213600	000000000000000	000000000000000	000000000000000
190000301	000000000000000	000000000000000	000000000000000	000000000000000
190000302	000000000000000	000000000000000	000000000000000	000000000000000
190000303	000000000213600	000000000000000	000000000000000	000000000000000
190000400	000000000000000	000000000000000	000000000000000	000000000000000
190000401	000000000000000	000000000000000	000000000000000	000000000000000
190000402	000000000000000	000000000000000	000000000000000	000000000000000
190000500	000040759883698	000000245868048	000000000000000	000000277470729
190000501	000000000000000	000000000000000	000000000000000	000000000000000
190000502	000000000000000	000000000000000	000000000000000	000000000000000
190000503	000000928634617	000000000000000	000000000000000	000000000000000
190000504	000015526490856	000000000000000	000000000000000	000000000000000
190000505	000003387679609	000000000000000	000000000000000	000000000000000
190000509	000020917078616	000000245868048	000000000000000	000000277470729
190000600	000000035717767	000000000000000	000000000000000	000000000000000
190000700	000000000000000	000000000000000	000000000000000	000000000000000
190000701	000000000000000	000000000000000	000000000000000	000000000000000
190000702	000000000000000	000000000000000	000000000000000	000000000000000
190000800	000011923384850	000000000000000	000000000000000	000000000000000
190000900	000024297699944	000000000000000	000000000000000	000000000000000
190001000	000000000000000	000000000000000	000000000000000	000000000000000
190001100	000000000000000	000000000000000	000000000000000	000000000000000
190001200	000000000000000	000000000000000	000000000000000	000000000000000
190001300	000000000000000	000000000000000	000000000000000	000000000000000
190001400	000000000000000	000000000000000	000000000000000	000000000000000
190001500	000000427147922	000000000000000	000000000000000	000000096006070
190002900	000033884243071	000000000000000	000000000000000	000056555105697
192500100	000000000000000	000000000000000	000000000000000	000000000000000
192500101	000000000000000	000000000000000	000000000000000	000000000000000
192500102	000000000000000	000000000000000	000000000000000	000000000000000
192500103	000000000000000	000000000000000	000000000000000	000000000000000
195000000	000027606952957	000000000000000	000000000000000	000000000000000
195000100	000014011235487	000000000000000	000000000000000	000000000000000
195000101	000009038215211	000000000000000	000000000000000	000000000000000
195000102	000007055441659	000000000000000	000000000000000	000000000000000
195000103	-00002082421383	000000000000000	000000000000000	000000000000000
195000200	000013595717470	000000000000000	000000000000000	000000000000000
195000201	000000000000000	000000000000000	000000000000000	000000000000000
195000202	000000000000000	000000000000000	000000000000000	000000000000000
195000203	000000000000000	000000000000000	000000000000000	000000000000000
195000204	000012382117355	000000000000000	000000000000000	000000000000000
195000219	000001213600115	000000000000000	000000000000000	000000000000000
195000300	000000000000000	000000000000000	000000000000000	000000000000000
200000000	002265655961745	001710911574017	000001126866839	000864460158336
207000000	000015407978381	000000000000000	000000000000000	000016578385775
207000100	000000000000000	000000000000000	000000000000000	000000000000000
207000101	000000000000000	000000000000000	000000000000000	000000000000000
207000102	000000000000000	000000000000000	000000000000000	000000000000000
207000200	000000000000000	000000000000000	000000000000000	000000000000000
207000300	000015407978381	000000000000000	000000000000000	000016578385775
207000301	000010140902165	000000000000000	000000000000000	000000000000000
207000309	000000000000000	000000000000000	000000000000000	000010175630847
207000311	000005237601873	000000000000000	000000000000000	000000000000000
207000319	000000029474343	000000000000000	000000000000000	000006402754928
210000000	000144171735563	000198884591881	000000000000000	000000000000000
211000100	000144171735563	000198884591881	000000000000000	000000000000000
211000101	000035557185812	000000000000000	000000000000000	000000000000000
211000102	000108614549751	000198884591881	000000000000000	000000000000000
211000103	000000000000000	000000000000000	000000000000000	000000000000000
211000104	000000000000000	000000000000000	000000000000000	000000000000000
211000105	000000000000000	000000000000000	000000000000000	000000000000000
211000190	000000000000000	000000000000000	000000000000000	000000000000000
213000100	000000000000000	000000000000000	000000000000000	000000000000000
213000101	000000000000000	000000000000000	000000000000000	000000000000000
213000102	000000000000000	000000000000000	000000000000000	000000000000000
213000103	000000000000000	000000000000000	000000000000000	000000000000000
213000109	000000000000000	000000000000000	000000000000000	000000000000000
218000000	000000000000000	000000000000000	000000000000000	000000000000000
218000001	000000000000000	000000000000000	000000000000000	000000000000000
218000002	000000000000000	000000000000000	000000000000000	000000000000000
218000003	000000000000000	000000000000000	000000000000000	000000000000000
218000009	000000000000000	000000000000000	000000000000000	000000000000000
230000000	000031109516744	000000000000000	000000000000000	000000000000000
230000100	000031109516744	000000000000000	000000000000000	000000000000000
230000101	000000000000000	000000000000000	000000000000000	000000000000000
230000102	000031109516744	000000000000000	000000000000000	000000000000000
230000103	000000000000000	000000000000000	000000000000000	000000000000000
230000104	000000000000000	000000000000000	000000000000000	000000000000000
230000105	000000000000000	000000000000000	000000000000000	000000000000000
230000190	000000000000000	000000000000000	000000000000000	000000000000000
240000000	001958712466797	001246583712128	000001126866839	000831536866391
241000000	000254546449188	000007993731534	000000000000000	000024936870706
241000100	000195871086917	000000000000000	000000000000000	000023202467175
241000101	000000000202889	000000000000000	000000000000000	000000000000000
241000102	000000000000000	000000000000000	000000000000000	000000000000000
241000103	000178173748433	000000000000000	000000000000000	000022472402342
241000104	000017697135595	000000000000000	000000000000000	000000730064833
241000200	000000447208742	000000000000000	000000000000000	000000000000000
241000201	000000000000000	000000000000000	000000000000000	000000000000000
241000202	000000447208742	000000000000000	000000000000000	000000000000000
241000300	000022933511258	000000000000000	000000000000000	000000000000000
241000301	000022933511258	000000000000000	000000000000000	000000000000000
241000400	000000000000000	000000000000000	000000000000000	000000000000000
241000401	000000000000000	000000000000000	000000000000000	000000000000000
241000402	000000000000000	000000000000000	000000000000000	000000000000000
241000500	000035294642271	000007993731534	000000000000000	000001734403531
241000501	000000049196439	000000000000000	000000000000000	000000000000000
241000502	000000000000000	000000000000000	000000000000000	000000000000000
241000503	000000000000000	000000000000000	000000000000000	000000000000000
241000504	000000208924169	000000000000000	000000000000000	000000000039364
241000505	000001318956786	000007338750724	000000000000000	000000434871648
241000506	000010260508916	000000000000000	000000000000000	000000000000000
241000507	000000000000000	000000000000000	000000000000000	000000144092882
241000508	000000000000000	000000000000000	000000000000000	000000000000000
241000509	000008980832050	000000000000000	000000000000000	000000118953355
241000510	000000571223089	000000000000000	000000000000000	000000000000000
241000511	000000624009699	000000654980810	000000000000000	000000423407457
241000512	000000000000000	000000000000000	000000000000000	000000000000000
241000513	000000000000000	000000000000000	000000000000000	000000000000000
241000590	000013280991123	000000000000000	000000000000000	000000613038825
242000000	001489314901443	000133090145354	000000000000000	000216761197046
242000100	001488920746723	000133063646305	000000000000000	000216761197046
242000200	000000000000000	000000017461462	000000000000000	000000000000000
242000201	000000000000000	000000006291370	000000000000000	000000000000000
242000202	000000000000000	000000011170092	000000000000000	000000000000000
242000300	000000394154720	000000009037587	000000000000000	000000000000000
242000301	000000394154720	000000009037587	000000000000000	000000000000000
242000302	000000000000000	000000000000000	000000000000000	000000000000000
242000390	000000000000000	000000000000000	000000000000000	000000000000000
243000000	000005055412501	000000000000000	000000000000000	000000000000000
243000100	000000000000000	000000000000000	000000000000000	000000000000000
243000101	000000000000000	000000000000000	000000000000000	000000000000000
243000102	000000000000000	000000000000000	000000000000000	000000000000000
243000103	000000000000000	000000000000000	000000000000000	000000000000000
243000200	000005055412501	000000000000000	000000000000000	000000000000000
243000201	000005055412501	000000000000000	000000000000000	000000000000000
243000202	000000000000000	000000000000000	000000000000000	000000000000000
243000203	000000000000000	000000000000000	000000000000000	000000000000000
243000300	000000000000000	000000000000000	000000000000000	000000000000000
243000301	000000000000000	000000000000000	000000000000000	000000000000000
243000302	000000000000000	000000000000000	000000000000000	000000000000000
243000400	000000000000000	000000000000000	000000000000000	000000000000000
243000401	000000000000000	000000000000000	000000000000000	000000000000000
243000402	000000000000000	000000000000000	000000000000000	000000000000000
244000000	000057111663667	000000000000000	000000000000000	000448142427907
244250000	000057111663667	000000000000000	000000000000000	000000000000000
244250100	000000000000000	000000000000000	000000000000000	000000000000000
244250101	000000000000000	000000000000000	000000000000000	000000000000000
244250102	000000000000000	000000000000000	000000000000000	000000000000000
244250103	000000000000000	000000000000000	000000000000000	000000000000000
244250200	000057111663667	000000000000000	000000000000000	000000000000000
244250201	000000000000000	000000000000000	000000000000000	000000000000000
244250202	000000000000000	000000000000000	000000000000000	000000000000000
244250203	000000000000000	000000000000000	000000000000000	000000000000000
244250204	000000000000000	000000000000000	000000000000000	000000000000000
244250209	000057111663667	000000000000000	000000000000000	000000000000000
244500000	000000000000000	000000000000000	000000000000000	000448142427907
244500100	000000000000000	000000000000000	000000000000000	000168915968601
244500101	000000000000000	000000000000000	000000000000000	000006058899135
244500102	000000000000000	000000000000000	000000000000000	000000000000000
244500103	000000000000000	000000000000000	000000000000000	000162857069466
244500200	000000000000000	000000000000000	000000000000000	000279226459306
244500201	000000000000000	000000000000000	000000000000000	000000000000000
244500202	000000000000000	000000000000000	000000000000000	000279226459306
244500203	000000000000000	000000000000000	000000000000000	000000000000000
244500204	000000000000000	000000000000000	000000000000000	000000000000000
244500209	000000000000000	000000000000000	000000000000000	000000000000000
244700000	000000000000000	000000000000000	000000000000000	000000000000000
244700100	000000000000000	000000000000000	000000000000000	000000000000000
244700200	000000000000000	000000000000000	000000000000000	000000000000000
244900000	000000000000000	000000000000000	000000000000000	000000000000000
244900100	000000000000000	000000000000000	000000000000000	000000000000000
244900200	000000000000000	000000000000000	000000000000000	000000000000000
245000000	000149125462078	001102583068600	000000000000000	000141696370732
245000100	000000000000000	000007024020087	000000000000000	000000000000000
245000101	000000000000000	000005773438769	000000000000000	000000000000000
245000102	000000000000000	000001250581318	000000000000000	000000000000000
245000200	000149125462078	001095559048513	000000000000000	000141696370732
245000201	000149125462078	001095559048513	000000000000000	000141696370732
245000203	000000000000000	000000000000000	000000000000000	000000000000000
246000000	000003558577920	000002916766640	000001126866839	000000000000000
246000100	000003558577920	000002916766640	000001126866839	000000000000000
246000101	000003558577920	000002916766640	000001126866839	000000000000000
246000102	000000000000000	000000000000000	000000000000000	000000000000000
246000200	000000000000000	000000000000000	000000000000000	000000000000000
246000201	000000000000000	000000000000000	000000000000000	000000000000000
246000202	000000000000000	000000000000000	000000000000000	000000000000000
246000203	000000000000000	000000000000000	000000000000000	000000000000000
246000204	000000000000000	000000000000000	000000000000000	000000000000000
246000205	000000000000000	000000000000000	000000000000000	000000000000000
246000206	000000000000000	000000000000000	000000000000000	000000000000000
246000207	000000000000000	000000000000000	000000000000000	000000000000000
246000208	000000000000000	000000000000000	000000000000000	000000000000000
246000290	000000000000000	000000000000000	000000000000000	000000000000000
246000300	000000000000000	000000000000000	000000000000000	000000000000000
246000301	000000000000000	000000000000000	000000000000000	000000000000000
246000302	000000000000000	000000000000000	000000000000000	000000000000000
246000303	000000000000000	000000000000000	000000000000000	000000000000000
246000304	000000000000000	000000000000000	000000000000000	000000000000000
246000305	000000000000000	000000000000000	000000000000000	000000000000000
246000390	000000000000000	000000000000000	000000000000000	000000000000000
250000000	000000000000000	000014317599332	000000000000000	000000000000000
255000000	000000000000000	000249293503709	000000000000000	000000000000000
255000100	000000000000000	000170783243020	000000000000000	000000000000000
255000101	000000000000000	000000000000000	000000000000000	000000000000000
255000102	000000000000000	000170783243020	000000000000000	000000000000000
255000200	000000000000000	000078510260689	000000000000000	000000000000000
255000300	000000000000000	000000000000000	000000000000000	000000000000000
260000000	000006456994236	000000000000000	000000000000000	000000000000000
260000100	000002895447042	000000000000000	000000000000000	000000000000000
260000101	000002890447042	000000000000000	000000000000000	000000000000000
260000102	000000000000000	000000000000000	000000000000000	000000000000000
260000103	000000000000000	000000000000000	000000000000000	000000000000000
260000104	000000000000000	000000000000000	000000000000000	000000000000000
260000105	000000000000000	000000000000000	000000000000000	000000000000000
260000106	000000000000000	000000000000000	000000000000000	000000000000000
260000107	000000000000000	000000000000000	000000000000000	000000000000000
260000109	000000005000000	000000000000000	000000000000000	000000000000000
260000200	000000000000000	000000000000000	000000000000000	000000000000000
260000300	000000000000000	000000000000000	000000000000000	000000000000000
260000400	000000000000000	000000000000000	000000000000000	000000000000000
260000500	000000000000000	000000000000000	000000000000000	000000000000000
260000600	000000030662450	000000000000000	000000000000000	000000000000000
260000900	000003530884744	000000000000000	000000000000000	000000000000000
265000000	000005066132402	000000222378309	000000000000000	000000000000000
265000100	000005066132402	000000000000000	000000000000000	000000000000000
265000101	000005066132402	000000000000000	000000000000000	000000000000000
265000102	000000000000000	000000000000000	000000000000000	000000000000000
265000200	000000000000000	000000222378309	000000000000000	000000000000000
265000300	000000000000000	000000000000000	000000000000000	000000000000000
270000000	000021648322987	000000000000000	000000000000000	000000000000000
271000000	000001840690820	000000000000000	000000000000000	000000000000000
271000100	000000150496837	000000000000000	000000000000000	000000000000000
271000200	000000083837813	000000000000000	000000000000000	000000000000000
271000400	000000828719057	000000000000000	000000000000000	000000000000000
271000500	000000000000000	000000000000000	000000000000000	000000000000000
271000501	000000000000000	000000000000000	000000000000000	000000000000000
271000502	000000000000000	000000000000000	000000000000000	000000000000000
271000503	000000000000000	000000000000000	000000000000000	000000000000000
271000504	000000000000000	000000000000000	000000000000000	000000000000000
271000505	000000000000000	000000000000000	000000000000000	000000000000000
271000600	000000142963890	000000000000000	000000000000000	000000000000000
271000601	000000142963890	000000000000000	000000000000000	000000000000000
271000602	000000000000000	000000000000000	000000000000000	000000000000000
271000700	000000634673223	000000000000000	000000000000000	000000000000000
271000701	000000325526854	000000000000000	000000000000000	000000000000000
271000702	000000144122888	000000000000000	000000000000000	000000000000000
271000703	000000021635424	000000000000000	000000000000000	000000000000000
271000704	000000143388057	000000000000000	000000000000000	000000000000000
271000705	000000000000000	000000000000000	000000000000000	000000000000000
271000800	000000000000000	000000000000000	000000000000000	000000000000000
271000900	000000000000000	000000000000000	000000000000000	000000000000000
272000000	000000613224768	000000000000000	000000000000000	000000000000000
273000000	000000000000000	000000000000000	000000000000000	000000000000000
274000000	000019194407399	000000000000000	000000000000000	000000000000000
274000100	000019194407399	000000000000000	000000000000000	000000000000000
274000200	000000000000000	000000000000000	000000000000000	000000000000000
274000300	000000000000000	000000000000000	000000000000000	000000000000000
275000000	000000000000000	000000000000000	000000000000000	000000000000000
275000100	000000000000000	000000000000000	000000000000000	000000000000000
275000200	000000000000000	000000000000000	000000000000000	000000000000000
275000300	000000000000000	000000000000000	000000000000000	000000000000000
275000400	000000000000000	000000000000000	000000000000000	000000000000000
275000500	000000000000000	000000000000000	000000000000000	000000000000000
275000600	000000000000000	000000000000000	000000000000000	000000000000000
279000000	000000000000000	000000000000000	000000000000000	000000000000000
279000100	000000000000000	000000000000000	000000000000000	000000000000000
279000200	000000000000000	000000000000000	000000000000000	000000000000000
279000300	000000000000000	000000000000000	000000000000000	000000000000000
280000000	000000919465006	000000000000000	000000000000000	000000000000000
285000000	000003850425533	000000000000000	000000000000000	000000000000000
290000000	000078312924096	000001609788658	000000000000000	000016344906170
290000100	000005225793080	000000000000000	000000000000000	000016290784630
290000101	000005225793080	000000000000000	000000000000000	000016290784630
290000102	000000000000000	000000000000000	000000000000000	000000000000000
290000103	000000000000000	000000000000000	000000000000000	000000000000000
290000104	000000000000000	000000000000000	000000000000000	000000000000000
290000200	000000000000000	000000000000000	000000000000000	000000000000000
290000201	000000000000000	000000000000000	000000000000000	000000000000000
290000202	000000000000000	000000000000000	000000000000000	000000000000000
290000203	000000000000000	000000000000000	000000000000000	000000000000000
290000300	000047352993842	000001609788658	000000000000000	000000000000000
290000301	000000022352369	000000000000000	000000000000000	000000000000000
290000302	000001161572873	000000000000000	000000000000000	000000000000000
290000303	000000000000000	000000000000000	000000000000000	000000000000000
290000304	000000000000000	000000000000000	000000000000000	000000000000000
290000305	000001115139650	000000000000000	000000000000000	000000000000000
290000306	000000315059290	000000000000000	000000000000000	000000000000000
290000307	000009049305752	000001609788658	000000000000000	000000000000000
290000308	000002698345177	000000000000000	000000000000000	000000000000000
290000309	000000000000000	000000000000000	000000000000000	000000000000000
290000390	000032991218731	000000000000000	000000000000000	000000000000000
290000400	000000006314532	000000000000000	000000000000000	000000000000000
290000500	000000009325345	000000000000000	000000000000000	000000000000000
290000501	000000009325345	000000000000000	000000000000000	000000000000000
290000502	000000000000000	000000000000000	000000000000000	000000000000000
290000700	000000345785575	000000000000000	000000000000000	000000000000000
290000800	000000702707006	000000000000000	000000000000000	000000000000000
290000801	000000000000000	000000000000000	000000000000000	000000000000000
290000802	000000000000000	000000000000000	000000000000000	000000000000000
290000803	000000000000000	000000000000000	000000000000000	000000000000000
290000809	000000702707006	000000000000000	000000000000000	000000000000000
290000900	000002029120269	000000000000000	000000000000000	000000000000000
290001000	000000000000000	000000000000000	000000000000000	000000000000000
290001100	000000891933363	000000000000000	000000000000000	000000046718808
290001200	000021748951084	000000000000000	000000000000000	000000007402732
295000000	000000000000000	000000000000000	000000000000000	000000000000000
300000000	000402119597558	-00000222378309	000000000000000	000000000000000
310000000	000209606993344	000000000000000	000000000000000	000000000000000
311000000	000201851917429	000000000000000	000000000000000	000000000000000
311000100	000201851917429	000000000000000	000000000000000	000000000000000
311000200	000000000000000	000000000000000	000000000000000	000000000000000
311000300	000000000000000	000000000000000	000000000000000	000000000000000
311000400	000000000000000	000000000000000	000000000000000	000000000000000
311000500	000000000000000	000000000000000	000000000000000	000000000000000
311000600	000000000000000	000000000000000	000000000000000	000000000000000
312000000	000007755075915	000000000000000	000000000000000	000000000000000
313000000	000000000000000	000000000000000	000000000000000	000000000000000
320000000	000006665436132	000000000000000	000000000000000	000000000000000
320000100	-00000112360132	000000000000000	000000000000000	000000000000000
320000200	000006777796264	000000000000000	000000000000000	000000000000000
320000300	000000000000000	000000000000000	000000000000000	000000000000000
320000400	000000000000000	000000000000000	000000000000000	000000000000000
330000000	000003870444031	000000000000000	000000000000000	000000000000000
331000000	000000000000000	000000000000000	000000000000000	000000000000000
331000100	000000000000000	000000000000000	000000000000000	000000000000000
331000200	000000000000000	000000000000000	000000000000000	000000000000000
331000201	000000000000000	000000000000000	000000000000000	000000000000000
331000202	000000000000000	000000000000000	000000000000000	000000000000000
331000203	000000000000000	000000000000000	000000000000000	000000000000000
331000209	000000000000000	000000000000000	000000000000000	000000000000000
331000300	000000000000000	000000000000000	000000000000000	000000000000000
331000400	000000000000000	000000000000000	000000000000000	000000000000000
331000500	000000000000000	000000000000000	000000000000000	000000000000000
331000900	000000000000000	000000000000000	000000000000000	000000000000000
332000000	000003870444031	000000000000000	000000000000000	000000000000000
332000100	-00002530198324	000000000000000	000000000000000	000000000000000
332000200	000000000000000	000000000000000	000000000000000	000000000000000
332000300	000000000000000	000000000000000	000000000000000	000000000000000
332000400	000006432712834	000000000000000	000000000000000	000000000000000
332000500	000000000000000	000000000000000	000000000000000	000000000000000
332000600	000000000000000	000000000000000	000000000000000	000000000000000
332000700	000000000000000	000000000000000	000000000000000	000000000000000
332000900	-00000032070479	000000000000000	000000000000000	000000000000000
340000000	000165782669868	000000000000000	000000000000000	000000000000000
340000100	000000040438333	000000000000000	000000000000000	000000000000000
340000200	000165742231535	000000000000000	000000000000000	000000000000000
350000000	000016887108008	000000000000000	000000000000000	000000000000000
360000000	-00005066132402	-00000222378309	000000000000000	000000000000000
360000100	-00005066132402	000000000000000	000000000000000	000000000000000
360000101	-00005066132402	000000000000000	000000000000000	000000000000000
360000102	000000000000000	000000000000000	000000000000000	000000000000000
360000200	000000000000000	-00000222378309	000000000000000	000000000000000
360000300	000000000000000	000000000000000	000000000000000	000000000000000
365000000	000000000000000	000000000000000	000000000000000	000000000000000
380000000	000397746518981	-00000222378309	000000000000000	000000000000000
390000000	000004373078577	000000000000000	000000000000000	000000000000000
500000000	001425421056066	002262391343715	000000000000000	000330957768939
505000000	001425421056066	002262391343715	000000000000000	000330957768939
510000000	002667775559303	001710689195708	000001126866839	000864460158336
