049	BANCO SECURITY
100000000	 3887360592141,00	 4154569581612,00	 0007822075080,00	 1436346590148,00
105000000	 0365891155026,00	 0000000000000,00	 0000000000000,00	 0355654158317,00
105000100	 0008721236070,00	 0000000000000,00	 0000000000000,00	 0009326936312,00
105000101	 0007840115701,00	 0000000000000,00	 0000000000000,00	 0009244826312,00
105000102	 0000000100000,00	 0000000000000,00	 0000000000000,00	 0000082110000,00
105000103	 0000881020369,00	 0000000000000,00	 0000000000000,00	 0000000000000,00
105000200	 0310981525227,00	 0000000000000,00	 0000000000000,00	 0063149645154,00
105000201	 0090932636338,00	 0000000000000,00	 0000000000000,00	 0063149645154,00
105000202	 0220048888889,00	 0000000000000,00	 0000000000000,00	 0000000000000,00
105000209	 0000000000000,00	 0000000000000,00	 0000000000000,00	 0000000000000,00
105000300	 0000000000000,00	 0000000000000,00	 0000000000000,00	 0000000000000,00
105000301	 0000000000000,00	 0000000000000,00	 0000000000000,00	 0000000000000,00
105000302	 0000000000000,00	 0000000000000,00	 0000000000000,00	 0000000000000,00
105000309	 0000000000000,00	 0000000000000,00	 0000000000000,00	 0000000000000,00
105000400	 0046138744783,00	 0000000000000,00	 0000000000000,00	 0000000129332,00
105000500	 0000049648946,00	 0000000000000,00	 0000000000000,00	 0283177447519,00
107000000	 0044787926826,00	 0000000000000,00	 0000000000000,00	 0089600157588,00
107000100	 0007461582799,00	 0000000000000,00	 0000000000000,00	 0000572093674,00
107000101	 0000000000000,00	 0000000000000,00	 0000000000000,00	 0000000000000,00
107000102	 0000000000000,00	 0000000000000,00	 0000000000000,00	 0000000000000,00
107000103	 0007461582799,00	 0000000000000,00	 0000000000000,00	 0000572093674,00
107000200	 0000000000000,00	 0000000000000,00	 0000000000000,00	 0000000000000,00
107000201	 0000000000000,00	 0000000000000,00	 0000000000000,00	 0000000000000,00
107000202	 0000000000000,00	 0000000000000,00	 0000000000000,00	 0000000000000,00
107000300	 0000000000000,00	 0000000000000,00	 0000000000000,00	 0000000000000,00
107000400	 0037326344027,00	 0000000000000,00	 0000000000000,00	 0089028063914,00
107000401	 0016503659741,00	 0000000000000,00	 0000000000000,00	 0000000000000,00
107000409	 0000000000000,00	 0000000000000,00	 0000000000000,00	 0042223153446,00
107000411	 0020822684286,00	 0000000000000,00	 0000000000000,00	 0001051646070,00
107000419	 0000000000000,00	 0000000000000,00	 0000000000000,00	 0045753264398,00
110000000	 0212403427944,00	 0000000000013,00	 0000000000000,00	 0000136651095,00
111000100	 0163341679443,00	 0000000000000,00	 0000000000000,00	 0000026143530,00
111000101	 0062030254821,00	 0000000000000,00	 0000000000000,00	 0000026143530,00
111000102	 0101311424622,00	 0000000000000,00	 0000000000000,00	 0000000000000,00
111000103	 0000000000000,00	 0000000000000,00	 0000000000000,00	 0000000000000,00
111000104	 0000000000000,00	 0000000000000,00	 0000000000000,00	 0000000000000,00
111000105	 0000000000000,00	 0000000000000,00	 0000000000000,00	 0000000000000,00
111000109	 0000000000000,00	 0000000000000,00	 0000000000000,00	 0000000000000,00
112000000	 0046542023732,00	 0000000000013,00	 0000000000000,00	 0000000000000,00
112000100	 0002395911386,00	 0000000000002,00	 0000000000000,00	 0000000000000,00
112000101	 0000000000000,00	 0000000000002,00	 0000000000000,00	 0000000000000,00
112000102	 0002395911386,00	 0000000000000,00	 0000000000000,00	 0000000000000,00
112000109	 0000000000000,00	 0000000000000,00	 0000000000000,00	 0000000000000,00
112000200	 0044146112346,00	 0000000000011,00	 0000000000000,00	 0000000000000,00
112000201	 0026538241344,00	 0000000000011,00	 0000000000000,00	 0000000000000,00
112000202	 0014253346428,00	 0000000000000,00	 0000000000000,00	 0000000000000,00
112000209	 0003354524574,00	 0000000000000,00	 0000000000000,00	 0000000000000,00
112000300	 0000000000000,00	 0000000000000,00	 0000000000000,00	 0000000000000,00
112000301	 0000000000000,00	 0000000000000,00	 0000000000000,00	 0000000000000,00
112000302	 0000000000000,00	 0000000000000,00	 0000000000000,00	 0000000000000,00
112000303	 0000000000000,00	 0000000000000,00	 0000000000000,00	 0000000000000,00
112000304	 0000000000000,00	 0000000000000,00	 0000000000000,00	 0000000000000,00
112000309	 0000000000000,00	 0000000000000,00	 0000000000000,00	 0000000000000,00
113000000	 0002519724769,00	 0000000000000,00	 0000000000000,00	 0000110507565,00
113000100	 0002519724769,00	 0000000000000,00	 0000000000000,00	 0000110507565,00
113000101	 0002519724769,00	 0000000000000,00	 0000000000000,00	 0000110507565,00
113000102	 0000000000000,00	 0000000000000,00	 0000000000000,00	 0000000000000,00
113000200	 0000000000000,00	 0000000000000,00	 0000000000000,00	 0000000000000,00
113000201	 0000000000000,00	 0000000000000,00	 0000000000000,00	 0000000000000,00
113000202	 0000000000000,00	 0000000000000,00	 0000000000000,00	 0000000000000,00
113000300	 0000000000000,00	 0000000000000,00	 0000000000000,00	 0000000000000,00
113000301	 0000000000000,00	 0000000000000,00	 0000000000000,00	 0000000000000,00
113000302	 0000000000000,00	 0000000000000,00	 0000000000000,00	 0000000000000,00
113000303	 0000000000000,00	 0000000000000,00	 0000000000000,00	 0000000000000,00
113000304	 0000000000000,00	 0000000000000,00	 0000000000000,00	 0000000000000,00
113000400	 0000000000000,00	 0000000000000,00	 0000000000000,00	 0000000000000,00
115000000	 0000000000000,00	 0000000000000,00	 0000000000000,00	 0000000000000,00
115250000	 0000000000000,00	 0000000000000,00	 0000000000000,00	 0000000000000,00
115250100	 0000000000000,00	 0000000000000,00	 0000000000000,00	 0000000000000,00
115250101	 0000000000000,00	 0000000000000,00	 0000000000000,00	 0000000000000,00
115250102	 0000000000000,00	 0000000000000,00	 0000000000000,00	 0000000000000,00
115250109	 0000000000000,00	 0000000000000,00	 0000000000000,00	 0000000000000,00
115250200	 0000000000000,00	 0000000000000,00	 0000000000000,00	 0000000000000,00
115250201	 0000000000000,00	 0000000000000,00	 0000000000000,00	 0000000000000,00
115250202	 0000000000000,00	 0000000000000,00	 0000000000000,00	 0000000000000,00
115250209	 0000000000000,00	 0000000000000,00	 0000000000000,00	 0000000000000,00
115250300	 0000000000000,00	 0000000000000,00	 0000000000000,00	 0000000000000,00
115250301	 0000000000000,00	 0000000000000,00	 0000000000000,00	 0000000000000,00
115250302	 0000000000000,00	 0000000000000,00	 0000000000000,00	 0000000000000,00
115250303	 0000000000000,00	 0000000000000,00	 0000000000000,00	 0000000000000,00
115250304	 0000000000000,00	 0000000000000,00	 0000000000000,00	 0000000000000,00
115250309	 0000000000000,00	 0000000000000,00	 0000000000000,00	 0000000000000,00
115500000	 0000000000000,00	 0000000000000,00	 0000000000000,00	 0000000000000,00
115500100	 0000000000000,00	 0000000000000,00	 0000000000000,00	 0000000000000,00
115500101	 0000000000000,00	 0000000000000,00	 0000000000000,00	 0000000000000,00
115500102	 0000000000000,00	 0000000000000,00	 0000000000000,00	 0000000000000,00
115500300	 0000000000000,00	 0000000000000,00	 0000000000000,00	 0000000000000,00
115500301	 0000000000000,00	 0000000000000,00	 0000000000000,00	 0000000000000,00
115500302	 0000000000000,00	 0000000000000,00	 0000000000000,00	 0000000000000,00
115500303	 0000000000000,00	 0000000000000,00	 0000000000000,00	 0000000000000,00
115500304	 0000000000000,00	 0000000000000,00	 0000000000000,00	 0000000000000,00
115500400	 0000000000000,00	 0000000000000,00	 0000000000000,00	 0000000000000,00
118000000	 0000000000000,00	 0000000000000,00	 0000000000000,00	 0000000000000,00
118250000	 0000000000000,00	 0000000000000,00	 0000000000000,00	 0000000000000,00
118250100	 0000000000000,00	 0000000000000,00	 0000000000000,00	 0000000000000,00
118250101	 0000000000000,00	 0000000000000,00	 0000000000000,00	 0000000000000,00
118250102	 0000000000000,00	 0000000000000,00	 0000000000000,00	 0000000000000,00
118250109	 0000000000000,00	 0000000000000,00	 0000000000000,00	 0000000000000,00
118250200	 0000000000000,00	 0000000000000,00	 0000000000000,00	 0000000000000,00
118250201	 0000000000000,00	 0000000000000,00	 0000000000000,00	 0000000000000,00
118250202	 0000000000000,00	 0000000000000,00	 0000000000000,00	 0000000000000,00
118250209	 0000000000000,00	 0000000000000,00	 0000000000000,00	 0000000000000,00
118250300	 0000000000000,00	 0000000000000,00	 0000000000000,00	 0000000000000,00
118250301	 0000000000000,00	 0000000000000,00	 0000000000000,00	 0000000000000,00
118250302	 0000000000000,00	 0000000000000,00	 0000000000000,00	 0000000000000,00
118250303	 0000000000000,00	 0000000000000,00	 0000000000000,00	 0000000000000,00
118250304	 0000000000000,00	 0000000000000,00	 0000000000000,00	 0000000000000,00
118250309	 0000000000000,00	 0000000000000,00	 0000000000000,00	 0000000000000,00
118500000	 0000000000000,00	 0000000000000,00	 0000000000000,00	 0000000000000,00
118500300	 0000000000000,00	 0000000000000,00	 0000000000000,00	 0000000000000,00
118500301	 0000000000000,00	 0000000000000,00	 0000000000000,00	 0000000000000,00
118500302	 0000000000000,00	 0000000000000,00	 0000000000000,00	 0000000000000,00
118500303	 0000000000000,00	 0000000000000,00	 0000000000000,00	 0000000000000,00
118500304	 0000000000000,00	 0000000000000,00	 0000000000000,00	 0000000000000,00
118500400	 0000000000000,00	 0000000000000,00	 0000000000000,00	 0000000000000,00
120000000	 0975454654099,00	 0159049000182,00	 0000000000000,00	 0159045616727,00
122000000	 0971893054099,00	 0159049000182,00	 0000000000000,00	 0159045616727,00
122000100	 0771182694362,00	 0000000000000,00	 0000000000000,00	 0000000000000,00
122000101	 0599647040682,00	 0000000000000,00	 0000000000000,00	 0000000000000,00
122000102	 0171535653680,00	 0000000000000,00	 0000000000000,00	 0000000000000,00
122000109	 0000000000000,00	 0000000000000,00	 0000000000000,00	 0000000000000,00
122000200	 0200710359737,00	 0159049000182,00	 0000000000000,00	 0060546473240,00
122000201	 0144575818275,00	 0049157451232,00	 0000000000000,00	 0049755722941,00
122000202	 0056134541462,00	 0109891548950,00	 0000000000000,00	 0010790750299,00
122000209	 0000000000000,00	 0000000000000,00	 0000000000000,00	 0000000000000,00
122000300	 0000000000000,00	 0000000000000,00	 0000000000000,00	 0098499143487,00
122000301	 0000000000000,00	 0000000000000,00	 0000000000000,00	 0000000000000,00
122000302	 0000000000000,00	 0000000000000,00	 0000000000000,00	 0000000000000,00
122000303	 0000000000000,00	 0000000000000,00	 0000000000000,00	 0080356373257,00
122000304	 0000000000000,00	 0000000000000,00	 0000000000000,00	 0000000000000,00
122000309	 0000000000000,00	 0000000000000,00	 0000000000000,00	 0018142770230,00
123000000	 0003561600000,00	 0000000000000,00	 0000000000000,00	 0000000000000,00
123000300	 0000000000000,00	 0000000000000,00	 0000000000000,00	 0000000000000,00
123000301	 0000000000000,00	 0000000000000,00	 0000000000000,00	 0000000000000,00
123000302	 0000000000000,00	 0000000000000,00	 0000000000000,00	 0000000000000,00
123000303	 0000000000000,00	 0000000000000,00	 0000000000000,00	 0000000000000,00
123000304	 0000000000000,00	 0000000000000,00	 0000000000000,00	 0000000000000,00
123000400	 0003561600000,00	 0000000000000,00	 0000000000000,00	 0000000000000,00
130000000	 0058212194714,00	 0000000000000,00	 0000000000000,00	 0000000000000,00
130000100	 0058212194714,00	 0000000000000,00	 0000000000000,00	 0000000000000,00
130000101	 0000000000000,00	 0000000000000,00	 0000000000000,00	 0000000000000,00
130000102	 0058212194714,00	 0000000000000,00	 0000000000000,00	 0000000000000,00
130000103	 0000000000000,00	 0000000000000,00	 0000000000000,00	 0000000000000,00
130000104	 0000000000000,00	 0000000000000,00	 0000000000000,00	 0000000000000,00
130000105	 0000000000000,00	 0000000000000,00	 0000000000000,00	 0000000000000,00
130000190	 0000000000000,00	 0000000000000,00	 0000000000000,00	 0000000000000,00
140000000	 1988095725407,00	 3988524858857,00	 0007822075080,00	 0812652650275,00
141000000	 0000000000000,00	 0000000000000,00	 0000000000000,00	 0000000000000,00
141000100	 0000000000000,00	 0000000000000,00	 0000000000000,00	 0000000000000,00
141000101	 0000000000000,00	 0000000000000,00	 0000000000000,00	 0000000000000,00
141000102	 0000000000000,00	 0000000000000,00	 0000000000000,00	 0000000000000,00
141000103	 0000000000000,00	 0000000000000,00	 0000000000000,00	 0000000000000,00
141000200	 0000000000000,00	 0000000000000,00	 0000000000000,00	 0000000000000,00
141000201	 0000000000000,00	 0000000000000,00	 0000000000000,00	 0000000000000,00
141000202	 0000000000000,00	 0000000000000,00	 0000000000000,00	 0000000000000,00
141000203	 0000000000000,00	 0000000000000,00	 0000000000000,00	 0000000000000,00
141000300	 0000000000000,00	 0000000000000,00	 0000000000000,00	 0000000000000,00
141000301	 0000000000000,00	 0000000000000,00	 0000000000000,00	 0000000000000,00
141000302	 0000000000000,00	 0000000000000,00	 0000000000000,00	 0000000000000,00
141000400	 0000000000000,00	 0000000000000,00	 0000000000000,00	 0000000000000,00
141000401	 0000000000000,00	 0000000000000,00	 0000000000000,00	 0000000000000,00
141000402	 0000000000000,00	 0000000000000,00	 0000000000000,00	 0000000000000,00
141000900	 0000000000000,00	 0000000000000,00	 0000000000000,00	 0000000000000,00
141000901	 0000000000000,00	 0000000000000,00	 0000000000000,00	 0000000000000,00
141000902	 0000000000000,00	 0000000000000,00	 0000000000000,00	 0000000000000,00
141000903	 0000000000000,00	 0000000000000,00	 0000000000000,00	 0000000000000,00
141500000	 0034925872345,00	 0000000000000,00	 0000000000000,00	 0008489639193,00
141500100	 0000000000000,00	 0000000000000,00	 0000000000000,00	 0000000000000,00
141500101	 0000000000000,00	 0000000000000,00	 0000000000000,00	 0000000000000,00
141500102	 0000000000000,00	 0000000000000,00	 0000000000000,00	 0000000000000,00
141500109	 0000000000000,00	 0000000000000,00	 0000000000000,00	 0000000000000,00
141500200	 0034953790343,00	 0000000000000,00	 0000000000000,00	 0000000000000,00
141500201	 0034953790343,00	 0000000000000,00	 0000000000000,00	 0000000000000,00
141500202	 0000000000000,00	 0000000000000,00	 0000000000000,00	 0000000000000,00
141500209	 0000000000000,00	 0000000000000,00	 0000000000000,00	 0000000000000,00
141500300	 0000000000000,00	 0000000000000,00	 0000000000000,00	 0008507600698,00
141500301	 0000000000000,00	 0000000000000,00	 0000000000000,00	 0000000000000,00
141500302	 0000000000000,00	 0000000000000,00	 0000000000000,00	 0000000000000,00
141500303	 0000000000000,00	 0000000000000,00	 0000000000000,00	 0000000000000,00
141500304	 0000000000000,00	 0000000000000,00	 0000000000000,00	 0000000000000,00
141500309	 0000000000000,00	 0000000000000,00	 0000000000000,00	 0008507600698,00
141500900	-0000027917998,00	 0000000000000,00	 0000000000000,00	-0000017961505,00
141500901	-0000027917998,00	 0000000000000,00	 0000000000000,00	-0000017961505,00
141500902	 0000000000000,00	 0000000000000,00	 0000000000000,00	 0000000000000,00
141500903	 0000000000000,00	 0000000000000,00	 0000000000000,00	 0000000000000,00
143000000	 0000000000000,00	 0000000000000,00	 0000000000000,00	 0000000000000,00
143100100	 0000000000000,00	 0000000000000,00	 0000000000000,00	 0000000000000,00
143100101	 0000000000000,00	 0000000000000,00	 0000000000000,00	 0000000000000,00
143100102	 0000000000000,00	 0000000000000,00	 0000000000000,00	 0000000000000,00
143100103	 0000000000000,00	 0000000000000,00	 0000000000000,00	 0000000000000,00
143100104	 0000000000000,00	 0000000000000,00	 0000000000000,00	 0000000000000,00
143100105	 0000000000000,00	 0000000000000,00	 0000000000000,00	 0000000000000,00
143100106	 0000000000000,00	 0000000000000,00	 0000000000000,00	 0000000000000,00
143100107	 0000000000000,00	 0000000000000,00	 0000000000000,00	 0000000000000,00
143100190	 0000000000000,00	 0000000000000,00	 0000000000000,00	 0000000000000,00
143150100	 0000000000000,00	 0000000000000,00	 0000000000000,00	 0000000000000,00
143150101	 0000000000000,00	 0000000000000,00	 0000000000000,00	 0000000000000,00
143150102	 0000000000000,00	 0000000000000,00	 0000000000000,00	 0000000000000,00
143150103	 0000000000000,00	 0000000000000,00	 0000000000000,00	 0000000000000,00
143200100	 0000000000000,00	 0000000000000,00	 0000000000000,00	 0000000000000,00
143200101	 0000000000000,00	 0000000000000,00	 0000000000000,00	 0000000000000,00
143200102	 0000000000000,00	 0000000000000,00	 0000000000000,00	 0000000000000,00
143200103	 0000000000000,00	 0000000000000,00	 0000000000000,00	 0000000000000,00
143200104	 0000000000000,00	 0000000000000,00	 0000000000000,00	 0000000000000,00
143200105	 0000000000000,00	 0000000000000,00	 0000000000000,00	 0000000000000,00
143200106	 0000000000000,00	 0000000000000,00	 0000000000000,00	 0000000000000,00
143200107	 0000000000000,00	 0000000000000,00	 0000000000000,00	 0000000000000,00
143200108	 0000000000000,00	 0000000000000,00	 0000000000000,00	 0000000000000,00
143200190	 0000000000000,00	 0000000000000,00	 0000000000000,00	 0000000000000,00
143250100	 0000000000000,00	 0000000000000,00	 0000000000000,00	 0000000000000,00
143250101	 0000000000000,00	 0000000000000,00	 0000000000000,00	 0000000000000,00
143250102	 0000000000000,00	 0000000000000,00	 0000000000000,00	 0000000000000,00
143250103	 0000000000000,00	 0000000000000,00	 0000000000000,00	 0000000000000,00
143300100	 0000000000000,00	 0000000000000,00	 0000000000000,00	 0000000000000,00
143300101	 0000000000000,00	 0000000000000,00	 0000000000000,00	 0000000000000,00
143300102	 0000000000000,00	 0000000000000,00	 0000000000000,00	 0000000000000,00
143300103	 0000000000000,00	 0000000000000,00	 0000000000000,00	 0000000000000,00
143400100	 0000000000000,00	 0000000000000,00	 0000000000000,00	 0000000000000,00
143400101	 0000000000000,00	 0000000000000,00	 0000000000000,00	 0000000000000,00
143400102	 0000000000000,00	 0000000000000,00	 0000000000000,00	 0000000000000,00
143400103	 0000000000000,00	 0000000000000,00	 0000000000000,00	 0000000000000,00
144000000	 1953169853062,00	 3988524858857,00	 0007822075080,00	 0804163011082,00
145000000	 1647723459676,00	 3091761361056,00	 0007822075080,00	 0835734988285,00
145400100	 1521934097743,00	 2726191197042,00	 0000000000000,00	 0609084401995,00
145400101	 1521809137940,00	 2687116972604,00	 0000000000000,00	 0604551034996,00
145400102	 0000000000000,00	 0000000000000,00	 0000000000000,00	 0004533366999,00
145400103	 0000000000000,00	 0000000000000,00	 0000000000000,00	 0000000000000,00
145400104	 0000000000000,00	 0000701360842,00	 0000000000000,00	 0000000000000,00
145400105	 0000124959803,00	 0038372863596,00	 0000000000000,00	 0000000000000,00
145400106	 0000000000000,00	 0000000000000,00	 0000000000000,00	 0000000000000,00
145400200	 0012668610586,00	 0000000000000,00	 0000000000000,00	 0225638543831,00
145400201	 0000000000000,00	 0000000000000,00	 0000000000000,00	 0000000000000,00
145400202	 0012574655982,00	 0000000000000,00	 0000000000000,00	 0128886473082,00
145400203	 0000000000000,00	 0000000000000,00	 0000000000000,00	 0006263086823,00
145400204	 0000093954604,00	 0000000000000,00	 0000000000000,00	 0090488983926,00
145400205	 0000000000000,00	 0000000000000,00	 0000000000000,00	 0000000000000,00
145400290	 0000000000000,00	 0000000000000,00	 0000000000000,00	 0000000000000,00
145400300	 0042157529244,00	 0000000000000,00	 0000000000000,00	 0000000000000,00
145400400	 0004291365958,00	 0000000000000,00	 0000000000000,00	 0000938259639,00
145400401	 0001705897361,00	 0000000000000,00	 0000000000000,00	 0000938259639,00
145400402	 0002585468597,00	 0000000000000,00	 0000000000000,00	 0000000000000,00
145400500	 0000000000000,00	 0000000000000,00	 0000000000000,00	 0000000000000,00
145400501	 0000000000000,00	 0000000000000,00	 0000000000000,00	 0000000000000,00
145400502	 0000000000000,00	 0000000000000,00	 0000000000000,00	 0000000000000,00
145400600	 0066308224058,00	 0362987251661,00	 0007793817996,00	 0000000000000,00
145400601	 0019281685710,00	 0305078618937,00	 0002833246744,00	 0000000000000,00
145400602	 0047026538348,00	 0057908632724,00	 0004960571252,00	 0000000000000,00
145400700	 0000001845462,00	 0002400273653,00	 0000000000000,00	 0000000000000,00
145400701	 0000000000000,00	 0000000000000,00	 0000000000000,00	 0000000000000,00
145400702	 0000000000000,00	 0000000000000,00	 0000000000000,00	 0000000000000,00
145400703	 0000001845462,00	 0002400273653,00	 0000000000000,00	 0000000000000,00
145400900	 0000361786625,00	 0000182638700,00	 0000028257084,00	 0000073782820,00
145400901	 0000000000000,00	 0000000000000,00	 0000000000000,00	 0000000000000,00
145400902	 0000039833134,00	 0000000000000,00	 0000000000000,00	 0000000000000,00
145400990	 0000321953491,00	 0000182638700,00	 0000028257084,00	 0000073782820,00
146000000	 0002320554342,00	 0886958671384,00	 0000000000000,00	 0000000000000,00
146000100	 0000000000000,00	 0000689102036,00	 0000000000000,00	 0000000000000,00
146000200	 0000725200033,00	 0239287191893,00	 0000000000000,00	 0000000000000,00
146000300	 0000000000000,00	 0000000000000,00	 0000000000000,00	 0000000000000,00
146000400	 0001595354309,00	 0645623067927,00	 0000000000000,00	 0000000000000,00
146000401	 0001595354309,00	 0645623067927,00	 0000000000000,00	 0000000000000,00
146000402	 0000000000000,00	 0000000000000,00	 0000000000000,00	 0000000000000,00
146000500	 0000000000000,00	 0001359309528,00	 0000000000000,00	 0000000000000,00
146000900	 0000000000000,00	 0000000000000,00	 0000000000000,00	 0000000000000,00
146000901	 0000000000000,00	 0000000000000,00	 0000000000000,00	 0000000000000,00
146000902	 0000000000000,00	 0000000000000,00	 0000000000000,00	 0000000000000,00
146000903	 0000000000000,00	 0000000000000,00	 0000000000000,00	 0000000000000,00
146000909	 0000000000000,00	 0000000000000,00	 0000000000000,00	 0000000000000,00
148000000	 0423449089346,00	 0009804826417,00	 0000000000000,00	 0005790974236,00
148000100	 0259387494891,00	 0009804826417,00	 0000000000000,00	 0000000000000,00
148000200	 0057093296653,00	 0000000000000,00	 0000000000000,00	 0000000000000,00
148000300	 0106968297802,00	 0000000000000,00	 0000000000000,00	 0005790974236,00
148000301	 0067537972050,00	 0000000000000,00	 0000000000000,00	 0005790974236,00
148000302	 0039430325752,00	 0000000000000,00	 0000000000000,00	 0000000000000,00
148000400	 0000000000000,00	 0000000000000,00	 0000000000000,00	 0000000000000,00
148000900	 0000000000000,00	 0000000000000,00	 0000000000000,00	 0000000000000,00
148000901	 0000000000000,00	 0000000000000,00	 0000000000000,00	 0000000000000,00
148000902	 0000000000000,00	 0000000000000,00	 0000000000000,00	 0000000000000,00
149000000	-0120323250302,00	 0000000000000,00	 0000000000000,00	-0037362951439,00
149500100	-0100683542339,00	 0000000000000,00	 0000000000000,00	-0037339380298,00
149500101	-0013882040702,00	 0000000000000,00	 0000000000000,00	-0012291732933,00
149500102	-0013754054947,00	 0000000000000,00	 0000000000000,00	-0002596740781,00
149500103	-0057598800987,00	 0000000000000,00	 0000000000000,00	-0022417705702,00
149500104	-0003629269441,00	 0000000000000,00	 0000000000000,00	-0000033200882,00
149500105	-0010680846076,00	 0000000000000,00	 0000000000000,00	 0000000000000,00
149500109	-0001138530186,00	 0000000000000,00	 0000000000000,00	 0000000000000,00
149600100	-0001172876033,00	 0000000000000,00	 0000000000000,00	 0000000000000,00
149600101	-0000940192737,00	 0000000000000,00	 0000000000000,00	 0000000000000,00
149600102	-0000232683296,00	 0000000000000,00	 0000000000000,00	 0000000000000,00
149700100	-0018466831930,00	 0000000000000,00	 0000000000000,00	-0000023571141,00
149700101	-0011665172789,00	 0000000000000,00	 0000000000000,00	-0000023270759,00
149700102	-0006801659141,00	 0000000000000,00	 0000000000000,00	-0000000300382,00
150000000	 0002361545717,00	 0000000000000,00	 0000000000000,00	 0000000000000,00
150000100	 0000000000000,00	 0000000000000,00	 0000000000000,00	 0000000000000,00
150000200	 0000000000000,00	 0000000000000,00	 0000000000000,00	 0000000000000,00
150000201	 0000000000000,00	 0000000000000,00	 0000000000000,00	 0000000000000,00
150000202	 0000000000000,00	 0000000000000,00	 0000000000000,00	 0000000000000,00
150000300	 0000000000000,00	 0000000000000,00	 0000000000000,00	 0000000000000,00
150000400	 0000000000000,00	 0000000000000,00	 0000000000000,00	 0000000000000,00
150000500	 0000000000000,00	 0000000000000,00	 0000000000000,00	 0000000000000,00
150000600	 0000000000000,00	 0000000000000,00	 0000000000000,00	 0000000000000,00
150000700	 0002361545717,00	 0000000000000,00	 0000000000000,00	 0000000000000,00
150000800	 0000000000000,00	 0000000000000,00	 0000000000000,00	 0000000000000,00
160000000	 0039267721824,00	 0000000000000,00	 0000000000000,00	 0000000000000,00
160000100	 0013039110096,00	 0000000000000,00	 0000000000000,00	 0000000000000,00
160000200	 0004281000115,00	 0000000000000,00	 0000000000000,00	 0000000000000,00
160000201	 0000000000000,00	 0000000000000,00	 0000000000000,00	 0000000000000,00
160000202	 0000000000000,00	 0000000000000,00	 0000000000000,00	 0000000000000,00
160000203	 0000000000000,00	 0000000000000,00	 0000000000000,00	 0000000000000,00
160000204	 0000000000000,00	 0000000000000,00	 0000000000000,00	 0000000000000,00
160000205	 0000000000000,00	 0000000000000,00	 0000000000000,00	 0000000000000,00
160000206	 0000000000000,00	 0000000000000,00	 0000000000000,00	 0000000000000,00
160000207	 0004280624315,00	 0000000000000,00	 0000000000000,00	 0000000000000,00
160000208	 0000000000000,00	 0000000000000,00	 0000000000000,00	 0000000000000,00
160000209	 0000000375800,00	 0000000000000,00	 0000000000000,00	 0000000000000,00
160000219	 0000000000000,00	 0000000000000,00	 0000000000000,00	 0000000000000,00
160000300	 0021947611613,00	 0000000000000,00	 0000000000000,00	 0000000000000,00
160000301	 0021846857019,00	 0000000000000,00	 0000000000000,00	 0000000000000,00
160000302	 0000000000000,00	 0000000000000,00	 0000000000000,00	 0000000000000,00
160000303	 0000000000000,00	 0000000000000,00	 0000000000000,00	 0000000000000,00
160000309	 0000100754594,00	 0000000000000,00	 0000000000000,00	 0000000000000,00
160000319	 0000000000000,00	 0000000000000,00	 0000000000000,00	 0000000000000,00
170000000	 0019544354818,00	 0000000000000,00	 0000000000000,00	 0000000000000,00
170000100	 0014593603931,00	 0000000000000,00	 0000000000000,00	 0000000000000,00
170000101	 0019338200255,00	 0000000000000,00	 0000000000000,00	 0000000000000,00
170000102	 0000000000000,00	 0000000000000,00	 0000000000000,00	 0000000000000,00
170000119	-0004744596324,00	 0000000000000,00	 0000000000000,00	 0000000000000,00
170000200	 0004950750887,00	 0000000000000,00	 0000000000000,00	 0000000000000,00
170000201	 0010204077016,00	 0000000000000,00	 0000000000000,00	 0000000000000,00
170000209	 0018749134371,00	 0000000000000,00	 0000000000000,00	 0000000000000,00
170000219	-0024002460500,00	 0000000000000,00	 0000000000000,00	 0000000000000,00
175000000	 0000000000000,00	 0006995722560,00	 0000000000000,00	 0000000000000,00
175000100	 0000000000000,00	 0006995722560,00	 0000000000000,00	 0000000000000,00
175000101	 0000000000000,00	 0010961604795,00	 0000000000000,00	 0000000000000,00
175000102	 0000000000000,00	 0000000000000,00	 0000000000000,00	 0000000000000,00
175000119	 0000000000000,00	-0003965882235,00	 0000000000000,00	 0000000000000,00
175000200	 0000000000000,00	 0000000000000,00	 0000000000000,00	 0000000000000,00
175000201	 0000000000000,00	 0000000000000,00	 0000000000000,00	 0000000000000,00
175000219	 0000000000000,00	 0000000000000,00	 0000000000000,00	 0000000000000,00
175000300	 0000000000000,00	 0000000000000,00	 0000000000000,00	 0000000000000,00
175000301	 0000000000000,00	 0000000000000,00	 0000000000000,00	 0000000000000,00
175000309	 0000000000000,00	 0000000000000,00	 0000000000000,00	 0000000000000,00
175000319	 0000000000000,00	 0000000000000,00	 0000000000000,00	 0000000000000,00
175000400	 0000000000000,00	 0000000000000,00	 0000000000000,00	 0000000000000,00
175000401	 0000000000000,00	 0000000000000,00	 0000000000000,00	 0000000000000,00
175000409	 0000000000000,00	 0000000000000,00	 0000000000000,00	 0000000000000,00
175000419	 0000000000000,00	 0000000000000,00	 0000000000000,00	 0000000000000,00
180000000	 0005116947774,00	 0000000000000,00	 0000000000000,00	 0000000000000,00
185000000	 0060244485122,00	 0000000000000,00	 0000000000000,00	 0000000000000,00
190000000	 0091230571853,00	 0000000000000,00	 0000000000000,00	 0019257356146,00
190000100	 0019126947263,00	 0000000000000,00	 0000000000000,00	 0000000000000,00
190000101	 0019126947263,00	 0000000000000,00	 0000000000000,00	 0000000000000,00
190000102	 0000000000000,00	 0000000000000,00	 0000000000000,00	 0000000000000,00
190000103	 0000000000000,00	 0000000000000,00	 0000000000000,00	 0000000000000,00
190000200	 0009308430709,00	 0000000000000,00	 0000000000000,00	 0018405133775,00
190000201	 0006908873767,00	 0000000000000,00	 0000000000000,00	 0000000000000,00
190000202	 0000000000000,00	 0000000000000,00	 0000000000000,00	 0000000000000,00
190000203	 0002190000000,00	 0000000000000,00	 0000000000000,00	 0018405133775,00
190000204	 0000209556942,00	 0000000000000,00	 0000000000000,00	 0000000000000,00
190000300	 0023518031573,00	 0000000000000,00	 0000000000000,00	 0000000000000,00
190000301	 0010651000032,00	 0000000000000,00	 0000000000000,00	 0000000000000,00
190000302	 0012867031541,00	 0000000000000,00	 0000000000000,00	 0000000000000,00
190000303	 0000000000000,00	 0000000000000,00	 0000000000000,00	 0000000000000,00
190000400	 0000000000000,00	 0000000000000,00	 0000000000000,00	 0000000000000,00
190000401	 0000000000000,00	 0000000000000,00	 0000000000000,00	 0000000000000,00
190000402	 0000000000000,00	 0000000000000,00	 0000000000000,00	 0000000000000,00
190000500	 0018990932522,00	 0000000000000,00	 0000000000000,00	 0000068441600,00
190000501	 0000000000000,00	 0000000000000,00	 0000000000000,00	 0000000000000,00
190000502	 0000000000000,00	 0000000000000,00	 0000000000000,00	 0000000000000,00
190000503	 0000000000000,00	 0000000000000,00	 0000000000000,00	 0000000000000,00
190000504	 0000000000000,00	 0000000000000,00	 0000000000000,00	 0000000000000,00
190000505	 0000000000000,00	 0000000000000,00	 0000000000000,00	 0000000000000,00
190000509	 0018990932522,00	 0000000000000,00	 0000000000000,00	 0000068441600,00
190000600	 0004156514979,00	 0000000000000,00	 0000000000000,00	 0000000000000,00
190000700	 0000000000000,00	 0000000000000,00	 0000000000000,00	 0000000000000,00
190000701	 0000000000000,00	 0000000000000,00	 0000000000000,00	 0000000000000,00
190000702	 0000000000000,00	 0000000000000,00	 0000000000000,00	 0000000000000,00
190000800	 0004262832431,00	 0000000000000,00	 0000000000000,00	 0000000000000,00
190000900	 0001062345942,00	 0000000000000,00	 0000000000000,00	 0000000000000,00
190001000	 0000000000000,00	 0000000000000,00	 0000000000000,00	 0000000000000,00
190001100	 0000000000000,00	 0000000000000,00	 0000000000000,00	 0000000000000,00
190001200	 0000337232488,00	 0000000000000,00	 0000000000000,00	 0000000000000,00
190001300	 0000000000000,00	 0000000000000,00	 0000000000000,00	 0000000000000,00
190001400	 0000107798397,00	 0000000000000,00	 0000000000000,00	 0000000000000,00
190001500	 0000465902473,00	 0000000000000,00	 0000000000000,00	 0000696722224,00
190002900	 0009893603076,00	 0000000000000,00	 0000000000000,00	 0000087058547,00
192500100	 0000000000000,00	 0000000000000,00	 0000000000000,00	 0000000000000,00
192500101	 0000000000000,00	 0000000000000,00	 0000000000000,00	 0000000000000,00
192500102	 0000000000000,00	 0000000000000,00	 0000000000000,00	 0000000000000,00
192500103	 0000000000000,00	 0000000000000,00	 0000000000000,00	 0000000000000,00
195000000	 0024749881017,00	 0000000000000,00	 0000000000000,00	 0000000000000,00
195000100	 0007060949033,00	 0000000000000,00	 0000000000000,00	 0000000000000,00
195000101	 0002212891353,00	 0000000000000,00	 0000000000000,00	 0000000000000,00
195000102	 0005266601271,00	 0000000000000,00	 0000000000000,00	 0000000000000,00
195000103	-0000418543591,00	 0000000000000,00	 0000000000000,00	 0000000000000,00
195000200	 0017688931984,00	 0000000000000,00	 0000000000000,00	 0000000000000,00
195000201	 0000000000000,00	 0000000000000,00	 0000000000000,00	 0000000000000,00
195000202	 0000000000000,00	 0000000000000,00	 0000000000000,00	 0000000000000,00
195000203	 0000000000000,00	 0000000000000,00	 0000000000000,00	 0000000000000,00
195000204	 0017688931984,00	 0000000000000,00	 0000000000000,00	 0000000000000,00
195000219	 0000000000000,00	 0000000000000,00	 0000000000000,00	 0000000000000,00
195000300	 0000000000000,00	 0000000000000,00	 0000000000000,00	 0000000000000,00
200000000	 4162643927927,00	 3272612851513,00	 0017312971312,00	 1312047501950,00
207000000	 0074903521617,00	 0000000000000,00	 0000000000000,00	 0045486054419,00
207000100	 0000000000000,00	 0000000000000,00	 0000000000000,00	 0000000000000,00
207000101	 0000000000000,00	 0000000000000,00	 0000000000000,00	 0000000000000,00
207000102	 0000000000000,00	 0000000000000,00	 0000000000000,00	 0000000000000,00
207000200	 0000000000000,00	 0000000000000,00	 0000000000000,00	 0000000000000,00
207000300	 0074903521617,00	 0000000000000,00	 0000000000000,00	 0045486054419,00
207000301	 0031067713565,00	 0000000000000,00	 0000000000000,00	 0021944669309,00
207000309	 0000000000000,00	 0000000000000,00	 0000000000000,00	 0000000000000,00
207000311	 0043835808052,00	 0000000000000,00	 0000000000000,00	 0001921374000,00
207000319	 0000000000000,00	 0000000000000,00	 0000000000000,00	 0021620011110,00
210000000	 0158850859657,00	 0000000000000,00	 0000000000000,00	 0000000000000,00
211000100	 0158850859657,00	 0000000000000,00	 0000000000000,00	 0000000000000,00
211000101	 0056062424865,00	 0000000000000,00	 0000000000000,00	 0000000000000,00
211000102	 0102761747126,00	 0000000000000,00	 0000000000000,00	 0000000000000,00
211000103	 0000026687666,00	 0000000000000,00	 0000000000000,00	 0000000000000,00
211000104	 0000000000000,00	 0000000000000,00	 0000000000000,00	 0000000000000,00
211000105	 0000000000000,00	 0000000000000,00	 0000000000000,00	 0000000000000,00
211000190	 0000000000000,00	 0000000000000,00	 0000000000000,00	 0000000000000,00
213000100	 0000000000000,00	 0000000000000,00	 0000000000000,00	 0000000000000,00
213000101	 0000000000000,00	 0000000000000,00	 0000000000000,00	 0000000000000,00
213000102	 0000000000000,00	 0000000000000,00	 0000000000000,00	 0000000000000,00
213000103	 0000000000000,00	 0000000000000,00	 0000000000000,00	 0000000000000,00
213000109	 0000000000000,00	 0000000000000,00	 0000000000000,00	 0000000000000,00
218000000	 0000000000000,00	 0000000000000,00	 0000000000000,00	 0000000000000,00
218000001	 0000000000000,00	 0000000000000,00	 0000000000000,00	 0000000000000,00
218000002	 0000000000000,00	 0000000000000,00	 0000000000000,00	 0000000000000,00
218000003	 0000000000000,00	 0000000000000,00	 0000000000000,00	 0000000000000,00
218000009	 0000000000000,00	 0000000000000,00	 0000000000000,00	 0000000000000,00
230000000	 0050159347437,00	 0000000000000,00	 0000000000000,00	 0000000000000,00
230000100	 0050159347437,00	 0000000000000,00	 0000000000000,00	 0000000000000,00
230000101	 0000000000000,00	 0000000000000,00	 0000000000000,00	 0000000000000,00
230000102	 0050159347437,00	 0000000000000,00	 0000000000000,00	 0000000000000,00
230000103	 0000000000000,00	 0000000000000,00	 0000000000000,00	 0000000000000,00
230000104	 0000000000000,00	 0000000000000,00	 0000000000000,00	 0000000000000,00
230000105	 0000000000000,00	 0000000000000,00	 0000000000000,00	 0000000000000,00
230000190	 0000000000000,00	 0000000000000,00	 0000000000000,00	 0000000000000,00
240000000	 3760400297499,00	 2891250197193,00	 0017312971312,00	 1250000704963,00
241000000	 0889556383588,00	 0041875325169,00	 0000000000000,00	 0462572325126,00
241000100	 0700876804917,00	 0000000000000,00	 0000000000000,00	 0405516372010,00
241000101	 0000000000000,00	 0000000000000,00	 0000000000000,00	 0000000000000,00
241000102	 0000000000000,00	 0000000000000,00	 0000000000000,00	 0000000000000,00
241000103	 0478582897918,00	 0000000000000,00	 0000000000000,00	 0384256691741,00
241000104	 0222293906999,00	 0000000000000,00	 0000000000000,00	 0021259680269,00
241000200	 0027168645143,00	 0000000000000,00	 0000000000000,00	 0000000000000,00
241000201	 0000000000000,00	 0000000000000,00	 0000000000000,00	 0000000000000,00
241000202	 0027168645143,00	 0000000000000,00	 0000000000000,00	 0000000000000,00
241000300	 0042535518311,00	 0000000000000,00	 0000000000000,00	 0000000000000,00
241000301	 0042535518311,00	 0000000000000,00	 0000000000000,00	 0000000000000,00
241000400	 0000000000000,00	 0000000000000,00	 0000000000000,00	 0000000000000,00
241000401	 0000000000000,00	 0000000000000,00	 0000000000000,00	 0000000000000,00
241000402	 0000000000000,00	 0000000000000,00	 0000000000000,00	 0000000000000,00
241000500	 0118975415217,00	 0041875325169,00	 0000000000000,00	 0057055953116,00
241000501	 0000000000000,00	 0000000000000,00	 0000000000000,00	 0000000000000,00
241000502	 0000000000000,00	 0000000000000,00	 0000000000000,00	 0000000000000,00
241000503	 0000000000000,00	 0000000000000,00	 0000000000000,00	 0000000000000,00
241000504	 0000000000000,00	 0000000000000,00	 0000000000000,00	 0000000000000,00
241000505	 0002754213856,00	 0007806849693,00	 0000000000000,00	 0002935915815,00
241000506	 0018817155494,00	 0000000000000,00	 0000000000000,00	 0000000000000,00
241000507	 0000000000000,00	 0000000000000,00	 0000000000000,00	 0025953632849,00
241000508	 0000000000000,00	 0000000000000,00	 0000000000000,00	 0000000000000,00
241000509	 0009367139407,00	 0000000000000,00	 0000000000000,00	 0000000000000,00
241000510	 0002782224581,00	 0000000000000,00	 0000000000000,00	 0000246355104,00
241000511	 0002129446780,00	 0000000000000,00	 0000000000000,00	 0001333064123,00
241000512	 0000000000000,00	 0000000000000,00	 0000000000000,00	 0000000000000,00
241000513	 0000000000000,00	 0000000000000,00	 0000000000000,00	 0000000000000,00
241000590	 0083125235099,00	 0034068475476,00	 0000000000000,00	 0026586985225,00
242000000	 1405114034009,00	 0136635401952,00	 0000000000000,00	 0506846720274,00
242000100	 1405114034009,00	 0136635401952,00	 0000000000000,00	 0506846720274,00
242000200	 0000000000000,00	 0000000000000,00	 0000000000000,00	 0000000000000,00
242000201	 0000000000000,00	 0000000000000,00	 0000000000000,00	 0000000000000,00
242000202	 0000000000000,00	 0000000000000,00	 0000000000000,00	 0000000000000,00
242000300	 0000000000000,00	 0000000000000,00	 0000000000000,00	 0000000000000,00
242000301	 0000000000000,00	 0000000000000,00	 0000000000000,00	 0000000000000,00
242000302	 0000000000000,00	 0000000000000,00	 0000000000000,00	 0000000000000,00
242000390	 0000000000000,00	 0000000000000,00	 0000000000000,00	 0000000000000,00
243000000	 0001254876529,00	 0000000000000,00	 0000000000000,00	 0000000000000,00
243000100	 0000824845473,00	 0000000000000,00	 0000000000000,00	 0000000000000,00
243000101	 0000824845473,00	 0000000000000,00	 0000000000000,00	 0000000000000,00
243000102	 0000000000000,00	 0000000000000,00	 0000000000000,00	 0000000000000,00
243000103	 0000000000000,00	 0000000000000,00	 0000000000000,00	 0000000000000,00
243000200	 0000000000000,00	 0000000000000,00	 0000000000000,00	 0000000000000,00
243000201	 0000000000000,00	 0000000000000,00	 0000000000000,00	 0000000000000,00
243000202	 0000000000000,00	 0000000000000,00	 0000000000000,00	 0000000000000,00
243000203	 0000000000000,00	 0000000000000,00	 0000000000000,00	 0000000000000,00
243000300	 0000430031056,00	 0000000000000,00	 0000000000000,00	 0000000000000,00
243000301	 0000430031056,00	 0000000000000,00	 0000000000000,00	 0000000000000,00
243000302	 0000000000000,00	 0000000000000,00	 0000000000000,00	 0000000000000,00
243000400	 0000000000000,00	 0000000000000,00	 0000000000000,00	 0000000000000,00
243000401	 0000000000000,00	 0000000000000,00	 0000000000000,00	 0000000000000,00
243000402	 0000000000000,00	 0000000000000,00	 0000000000000,00	 0000000000000,00
244000000	 1206921719214,00	 0000000000000,00	 0000000000000,00	 0280262567581,00
244250000	 0006600467356,00	 0000000000000,00	 0000000000000,00	 0000000000000,00
244250100	 0000000000000,00	 0000000000000,00	 0000000000000,00	 0000000000000,00
244250101	 0000000000000,00	 0000000000000,00	 0000000000000,00	 0000000000000,00
244250102	 0000000000000,00	 0000000000000,00	 0000000000000,00	 0000000000000,00
244250103	 0000000000000,00	 0000000000000,00	 0000000000000,00	 0000000000000,00
244250200	 0006600467356,00	 0000000000000,00	 0000000000000,00	 0000000000000,00
244250201	 0000000000000,00	 0000000000000,00	 0000000000000,00	 0000000000000,00
244250202	 0000000000000,00	 0000000000000,00	 0000000000000,00	 0000000000000,00
244250203	 0006600467356,00	 0000000000000,00	 0000000000000,00	 0000000000000,00
244250204	 0000000000000,00	 0000000000000,00	 0000000000000,00	 0000000000000,00
244250209	 0000000000000,00	 0000000000000,00	 0000000000000,00	 0000000000000,00
244500000	 0000000000000,00	 0000000000000,00	 0000000000000,00	 0280262567581,00
244500100	 0000000000000,00	 0000000000000,00	 0000000000000,00	 0207331781895,00
244500101	 0000000000000,00	 0000000000000,00	 0000000000000,00	 0120330900732,00
244500102	 0000000000000,00	 0000000000000,00	 0000000000000,00	 0087000881163,00
244500103	 0000000000000,00	 0000000000000,00	 0000000000000,00	 0000000000000,00
244500200	 0000000000000,00	 0000000000000,00	 0000000000000,00	 0072930785686,00
244500201	 0000000000000,00	 0000000000000,00	 0000000000000,00	 0000000000000,00
244500202	 0000000000000,00	 0000000000000,00	 0000000000000,00	 0072839083500,00
244500203	 0000000000000,00	 0000000000000,00	 0000000000000,00	 0000091702186,00
244500204	 0000000000000,00	 0000000000000,00	 0000000000000,00	 0000000000000,00
244500209	 0000000000000,00	 0000000000000,00	 0000000000000,00	 0000000000000,00
244700000	 1200321251858,00	 0000000000000,00	 0000000000000,00	 0000000000000,00
244700100	 1200321251858,00	 0000000000000,00	 0000000000000,00	 0000000000000,00
244700200	 0000000000000,00	 0000000000000,00	 0000000000000,00	 0000000000000,00
244900000	 0000000000000,00	 0000000000000,00	 0000000000000,00	 0000000000000,00
244900100	 0000000000000,00	 0000000000000,00	 0000000000000,00	 0000000000000,00
244900200	 0000000000000,00	 0000000000000,00	 0000000000000,00	 0000000000000,00
245000000	 0246345881251,00	 2711449212405,00	 0000000000000,00	 0000000000000,00
245000100	 0000000000000,00	 0001344467620,00	 0000000000000,00	 0000000000000,00
245000101	 0000000000000,00	 0000673455536,00	 0000000000000,00	 0000000000000,00
245000102	 0000000000000,00	 0000671012084,00	 0000000000000,00	 0000000000000,00
245000200	 0246345881251,00	 2710104744785,00	 0000000000000,00	 0000000000000,00
245000201	 0246345881251,00	 2710104744785,00	 0000000000000,00	 0000000000000,00
245000203	 0000000000000,00	 0000000000000,00	 0000000000000,00	 0000000000000,00
246000000	 0011207402908,00	 0001290257667,00	 0017312971312,00	 0000319091982,00
246000100	 0000000000000,00	 0001290257667,00	 0017312971312,00	 0000000000000,00
246000101	 0000000000000,00	 0001290257667,00	 0017312971312,00	 0000000000000,00
246000102	 0000000000000,00	 0000000000000,00	 0000000000000,00	 0000000000000,00
246000200	 0011207402908,00	 0000000000000,00	 0000000000000,00	 0000319091982,00
246000201	 0000000000000,00	 0000000000000,00	 0000000000000,00	 0000000000000,00
246000202	 0000000000000,00	 0000000000000,00	 0000000000000,00	 0000000000000,00
246000203	 0000000000000,00	 0000000000000,00	 0000000000000,00	 0000000000000,00
246000204	 0011207402908,00	 0000000000000,00	 0000000000000,00	 0000319091982,00
246000205	 0000000000000,00	 0000000000000,00	 0000000000000,00	 0000000000000,00
246000206	 0000000000000,00	 0000000000000,00	 0000000000000,00	 0000000000000,00
246000207	 0000000000000,00	 0000000000000,00	 0000000000000,00	 0000000000000,00
246000208	 0000000000000,00	 0000000000000,00	 0000000000000,00	 0000000000000,00
246000290	 0000000000000,00	 0000000000000,00	 0000000000000,00	 0000000000000,00
246000300	 0000000000000,00	 0000000000000,00	 0000000000000,00	 0000000000000,00
246000301	 0000000000000,00	 0000000000000,00	 0000000000000,00	 0000000000000,00
246000302	 0000000000000,00	 0000000000000,00	 0000000000000,00	 0000000000000,00
246000303	 0000000000000,00	 0000000000000,00	 0000000000000,00	 0000000000000,00
246000304	 0000000000000,00	 0000000000000,00	 0000000000000,00	 0000000000000,00
246000305	 0000000000000,00	 0000000000000,00	 0000000000000,00	 0000000000000,00
246000390	 0000000000000,00	 0000000000000,00	 0000000000000,00	 0000000000000,00
250000000	 0000000000000,00	 0007354342290,00	 0000000000000,00	 0000000000000,00
255000000	 0000000000000,00	 0373972923953,00	 0000000000000,00	 0000000000000,00
255000100	 0000000000000,00	 0373972923953,00	 0000000000000,00	 0000000000000,00
255000101	 0000000000000,00	 0000000000000,00	 0000000000000,00	 0000000000000,00
255000102	 0000000000000,00	 0373972923953,00	 0000000000000,00	 0000000000000,00
255000200	 0000000000000,00	 0000000000000,00	 0000000000000,00	 0000000000000,00
255000300	 0000000000000,00	 0000000000000,00	 0000000000000,00	 0000000000000,00
260000000	 0018498542351,00	 0000000000000,00	 0000000000000,00	 0000000000000,00
260000100	 0009256016711,00	 0000000000000,00	 0000000000000,00	 0000000000000,00
260000101	 0004464874746,00	 0000000000000,00	 0000000000000,00	 0000000000000,00
260000102	 0000000000000,00	 0000000000000,00	 0000000000000,00	 0000000000000,00
260000103	 0000000000000,00	 0000000000000,00	 0000000000000,00	 0000000000000,00
260000104	 0000000000000,00	 0000000000000,00	 0000000000000,00	 0000000000000,00
260000105	 0000000000000,00	 0000000000000,00	 0000000000000,00	 0000000000000,00
260000106	 0000000000000,00	 0000000000000,00	 0000000000000,00	 0000000000000,00
260000107	 0000000000000,00	 0000000000000,00	 0000000000000,00	 0000000000000,00
260000109	 0004791141965,00	 0000000000000,00	 0000000000000,00	 0000000000000,00
260000200	 0000000000000,00	 0000000000000,00	 0000000000000,00	 0000000000000,00
260000300	 0000000000000,00	 0000000000000,00	 0000000000000,00	 0000000000000,00
260000400	 0000005511434,00	 0000000000000,00	 0000000000000,00	 0000000000000,00
260000500	 0004951318295,00	 0000000000000,00	 0000000000000,00	 0000000000000,00
260000600	 0000000000000,00	 0000000000000,00	 0000000000000,00	 0000000000000,00
260000900	 0004285695911,00	 0000000000000,00	 0000000000000,00	 0000000000000,00
265000000	 0016751370864,00	 0000000000000,00	 0000000000000,00	 0000000000000,00
265000100	 0016751370864,00	 0000000000000,00	 0000000000000,00	 0000000000000,00
265000101	 0016751370864,00	 0000000000000,00	 0000000000000,00	 0000000000000,00
265000102	 0000000000000,00	 0000000000000,00	 0000000000000,00	 0000000000000,00
265000200	 0000000000000,00	 0000000000000,00	 0000000000000,00	 0000000000000,00
265000300	 0000000000000,00	 0000000000000,00	 0000000000000,00	 0000000000000,00
270000000	 0018700522484,00	 0000000000000,00	 0000000000000,00	 0001351761413,00
271000000	 0005955204246,00	 0000000000000,00	 0000000000000,00	 0001351761413,00
271000100	 0000000000000,00	 0000000000000,00	 0000000000000,00	 0000351200058,00
271000200	 0000000000000,00	 0000000000000,00	 0000000000000,00	 0000039799279,00
271000400	 0003723934132,00	 0000000000000,00	 0000000000000,00	 0000220861181,00
271000500	 0001480537790,00	 0000000000000,00	 0000000000000,00	 0000237397199,00
271000501	 0001241904252,00	 0000000000000,00	 0000000000000,00	 0000000000000,00
271000502	 0000238633538,00	 0000000000000,00	 0000000000000,00	 0000237397199,00
271000503	 0000000000000,00	 0000000000000,00	 0000000000000,00	 0000000000000,00
271000504	 0000000000000,00	 0000000000000,00	 0000000000000,00	 0000000000000,00
271000505	 0000000000000,00	 0000000000000,00	 0000000000000,00	 0000000000000,00
271000600	 0000000000000,00	 0000000000000,00	 0000000000000,00	 0000000000000,00
271000601	 0000000000000,00	 0000000000000,00	 0000000000000,00	 0000000000000,00
271000602	 0000000000000,00	 0000000000000,00	 0000000000000,00	 0000000000000,00
271000700	 0000750732324,00	 0000000000000,00	 0000000000000,00	 0000502503696,00
271000701	 0000000000000,00	 0000000000000,00	 0000000000000,00	 0000000000000,00
271000702	 0000000000000,00	 0000000000000,00	 0000000000000,00	 0000000000000,00
271000703	 0000325796132,00	 0000000000000,00	 0000000000000,00	 0000000000000,00
271000704	 0000424936192,00	 0000000000000,00	 0000000000000,00	 0000502503696,00
271000705	 0000000000000,00	 0000000000000,00	 0000000000000,00	 0000000000000,00
271000800	 0000000000000,00	 0000000000000,00	 0000000000000,00	 0000000000000,00
271000900	 0000000000000,00	 0000000000000,00	 0000000000000,00	 0000000000000,00
272000000	 0000745318238,00	 0000000000000,00	 0000000000000,00	 0000000000000,00
273000000	 0000000000000,00	 0000000000000,00	 0000000000000,00	 0000000000000,00
274000000	 0012000000000,00	 0000000000000,00	 0000000000000,00	 0000000000000,00
274000100	 0007000000000,00	 0000000000000,00	 0000000000000,00	 0000000000000,00
274000200	 0001000000000,00	 0000000000000,00	 0000000000000,00	 0000000000000,00
274000300	 0004000000000,00	 0000000000000,00	 0000000000000,00	 0000000000000,00
275000000	 0000000000000,00	 0000000000000,00	 0000000000000,00	 0000000000000,00
275000100	 0000000000000,00	 0000000000000,00	 0000000000000,00	 0000000000000,00
275000200	 0000000000000,00	 0000000000000,00	 0000000000000,00	 0000000000000,00
275000300	 0000000000000,00	 0000000000000,00	 0000000000000,00	 0000000000000,00
275000400	 0000000000000,00	 0000000000000,00	 0000000000000,00	 0000000000000,00
275000500	 0000000000000,00	 0000000000000,00	 0000000000000,00	 0000000000000,00
275000600	 0000000000000,00	 0000000000000,00	 0000000000000,00	 0000000000000,00
279000000	 0000000000000,00	 0000000000000,00	 0000000000000,00	 0000000000000,00
279000100	 0000000000000,00	 0000000000000,00	 0000000000000,00	 0000000000000,00
279000200	 0000000000000,00	 0000000000000,00	 0000000000000,00	 0000000000000,00
279000300	 0000000000000,00	 0000000000000,00	 0000000000000,00	 0000000000000,00
280000000	 0000052417022,00	 0000000000000,00	 0000000000000,00	 0000000000000,00
285000000	 0000000000000,00	 0000000000000,00	 0000000000000,00	 0000000000000,00
290000000	 0064327048996,00	 0000035388077,00	 0000000000000,00	 0015208981155,00
290000100	 0001719993427,00	 0000000000000,00	 0000000000000,00	 0014385672000,00
290000101	 0001719993427,00	 0000000000000,00	 0000000000000,00	 0000000000000,00
290000102	 0000000000000,00	 0000000000000,00	 0000000000000,00	 0000000000000,00
290000103	 0000000000000,00	 0000000000000,00	 0000000000000,00	 0014385672000,00
290000104	 0000000000000,00	 0000000000000,00	 0000000000000,00	 0000000000000,00
290000200	 0014663683887,00	 0000000000000,00	 0000000000000,00	 0000000000000,00
290000201	 0010626171420,00	 0000000000000,00	 0000000000000,00	 0000000000000,00
290000202	 0004037512467,00	 0000000000000,00	 0000000000000,00	 0000000000000,00
290000203	 0000000000000,00	 0000000000000,00	 0000000000000,00	 0000000000000,00
290000300	 0027814264970,00	 0000000000000,00	 0000000000000,00	 0000000000000,00
290000301	 0000000000000,00	 0000000000000,00	 0000000000000,00	 0000000000000,00
290000302	 0001564088127,00	 0000000000000,00	 0000000000000,00	 0000000000000,00
290000303	 0000000000000,00	 0000000000000,00	 0000000000000,00	 0000000000000,00
290000304	 0000000000000,00	 0000000000000,00	 0000000000000,00	 0000000000000,00
290000305	 0000875297602,00	 0000000000000,00	 0000000000000,00	 0000000000000,00
290000306	 0000000000000,00	 0000000000000,00	 0000000000000,00	 0000000000000,00
290000307	 0001011405566,00	 0000000000000,00	 0000000000000,00	 0000000000000,00
290000308	 0011977545254,00	 0000000000000,00	 0000000000000,00	 0000000000000,00
290000309	 0002618795917,00	 0000000000000,00	 0000000000000,00	 0000000000000,00
290000390	 0009767132504,00	 0000000000000,00	 0000000000000,00	 0000000000000,00
290000400	 0000000000000,00	 0000000000000,00	 0000000000000,00	 0000000000000,00
290000500	 0000000000000,00	 0000035388077,00	 0000000000000,00	 0000000000000,00
290000501	 0000000000000,00	 0000035388077,00	 0000000000000,00	 0000000000000,00
290000502	 0000000000000,00	 0000000000000,00	 0000000000000,00	 0000000000000,00
290000700	 0013485131303,00	 0000000000000,00	 0000000000000,00	 0000000000000,00
290000800	 0000159214943,00	 0000000000000,00	 0000000000000,00	 0000643888556,00
290000801	 0000000000000,00	 0000000000000,00	 0000000000000,00	 0000000000000,00
290000802	 0000000000000,00	 0000000000000,00	 0000000000000,00	 0000000000000,00
290000803	 0000000000000,00	 0000000000000,00	 0000000000000,00	 0000000000000,00
290000809	 0000159214943,00	 0000000000000,00	 0000000000000,00	 0000643888556,00
290000900	 0003689788143,00	 0000000000000,00	 0000000000000,00	 0000000000000,00
290001000	 0000000000000,00	 0000000000000,00	 0000000000000,00	 0000000000000,00
290001100	 0001614425475,00	 0000000000000,00	 0000000000000,00	 0000171277824,00
290001200	 0001180546848,00	 0000000000000,00	 0000000000000,00	 0000008142775,00
295000000	 0000000000000,00	 0000000000000,00	 0000000000000,00	 0000000000000,00
300000000	 0721334149373,00	 0000000000000,00	 0000000000000,00	 0000147436906,00
310000000	 0325041175468,00	 0000000000000,00	 0000000000000,00	 0000000000000,00
311000000	 0325041175468,00	 0000000000000,00	 0000000000000,00	 0000000000000,00
311000100	 0325041175468,00	 0000000000000,00	 0000000000000,00	 0000000000000,00
311000200	 0000000000000,00	 0000000000000,00	 0000000000000,00	 0000000000000,00
311000300	 0000000000000,00	 0000000000000,00	 0000000000000,00	 0000000000000,00
311000400	 0000000000000,00	 0000000000000,00	 0000000000000,00	 0000000000000,00
311000500	 0000000000000,00	 0000000000000,00	 0000000000000,00	 0000000000000,00
311000600	 0000000000000,00	 0000000000000,00	 0000000000000,00	 0000000000000,00
312000000	 0000000000000,00	 0000000000000,00	 0000000000000,00	 0000000000000,00
313000000	 0000000000000,00	 0000000000000,00	 0000000000000,00	 0000000000000,00
320000000	 0017980478047,00	 0000000000000,00	 0000000000000,00	 0000000000000,00
320000100	 0017980478047,00	 0000000000000,00	 0000000000000,00	 0000000000000,00
320000200	 0000000000000,00	 0000000000000,00	 0000000000000,00	 0000000000000,00
320000300	 0000000000000,00	 0000000000000,00	 0000000000000,00	 0000000000000,00
320000400	 0000000000000,00	 0000000000000,00	 0000000000000,00	 0000000000000,00
330000000	-0003322125807,00	 0000000000000,00	 0000000000000,00	 0000000000000,00
331000000	 0000049504920,00	 0000000000000,00	 0000000000000,00	 0000000000000,00
331000100	 0000000000000,00	 0000000000000,00	 0000000000000,00	 0000000000000,00
331000200	 0000049504920,00	 0000000000000,00	 0000000000000,00	 0000000000000,00
331000201	 0000049504920,00	 0000000000000,00	 0000000000000,00	 0000000000000,00
331000202	 0000000000000,00	 0000000000000,00	 0000000000000,00	 0000000000000,00
331000203	 0000000000000,00	 0000000000000,00	 0000000000000,00	 0000000000000,00
331000209	 0000000000000,00	 0000000000000,00	 0000000000000,00	 0000000000000,00
331000300	 0000000000000,00	 0000000000000,00	 0000000000000,00	 0000000000000,00
331000400	 0000000000000,00	 0000000000000,00	 0000000000000,00	 0000000000000,00
331000500	 0000000000000,00	 0000000000000,00	 0000000000000,00	 0000000000000,00
331000900	 0000000000000,00	 0000000000000,00	 0000000000000,00	 0000000000000,00
332000000	-0003371630727,00	 0000000000000,00	 0000000000000,00	 0000000000000,00
332000100	-0004000414292,00	 0000000000000,00	 0000000000000,00	 0000000000000,00
332000200	 0000000000000,00	 0000000000000,00	 0000000000000,00	 0000000000000,00
332000300	 0000000000000,00	 0000000000000,00	 0000000000000,00	 0000000000000,00
332000400	 0000628783565,00	 0000000000000,00	 0000000000000,00	 0000000000000,00
332000500	 0000000000000,00	 0000000000000,00	 0000000000000,00	 0000000000000,00
332000600	 0000000000000,00	 0000000000000,00	 0000000000000,00	 0000000000000,00
332000700	 0000000000000,00	 0000000000000,00	 0000000000000,00	 0000000000000,00
332000900	 0000000000000,00	 0000000000000,00	 0000000000000,00	 0000000000000,00
340000000	 0342499037838,00	 0000000000000,00	 0000000000000,00	 0000147436906,00
340000100	 0342499037838,00	 0000000000000,00	 0000000000000,00	 0000147436906,00
340000200	 0000000000000,00	 0000000000000,00	 0000000000000,00	 0000000000000,00
350000000	 0055837902881,00	 0000000000000,00	 0000000000000,00	 0000000000000,00
360000000	-0016751370864,00	 0000000000000,00	 0000000000000,00	 0000000000000,00
360000100	-0016751370864,00	 0000000000000,00	 0000000000000,00	 0000000000000,00
360000101	-0016751370864,00	 0000000000000,00	 0000000000000,00	 0000000000000,00
360000102	 0000000000000,00	 0000000000000,00	 0000000000000,00	 0000000000000,00
360000200	 0000000000000,00	 0000000000000,00	 0000000000000,00	 0000000000000,00
360000300	 0000000000000,00	 0000000000000,00	 0000000000000,00	 0000000000000,00
365000000	 0000000000000,00	 0000000000000,00	 0000000000000,00	 0000000000000,00
380000000	 0721285097563,00	 0000000000000,00	 0000000000000,00	 0000147436906,00
390000000	 0000049051810,00	 0000000000000,00	 0000000000000,00	 0000000000000,00
500000000	 2073493103364,00	 3988524858857,00	 0007822075080,00	 0841525962521,00
505000000	 2073493103364,00	 3988524858857,00	 0007822075080,00	 0841525962521,00
510000000	 4883978077300,00	 3272612851513,00	 0017312971312,00	 1312194938856,00
