039	ITAÚ CORPBANCA
100000000	 14881476746123,00	 10872704002396,00	 0003383595239,00	 11131060171980,00
105000000	 0756441949516,00	 0000000000000,00	 0002955686886,00	 1199859477345,00
105000100	 0345834019849,00	 0000000000000,00	 0000000000000,00	 0073409140234,00
105000101	 0114672751791,00	 0000000000000,00	 0000000000000,00	 0065919223114,00
105000102	 0231161268058,00	 0000000000000,00	 0000000000000,00	 0007489917120,00
105000103	 0000000000000,00	 0000000000000,00	 0000000000000,00	 0000000000000,00
105000200	 0389671623991,00	 0000000000000,00	 0000000000000,00	 0159692694545,00
105000201	 0079671623991,00	 0000000000000,00	 0000000000000,00	 0159692694545,00
105000202	 0310000000000,00	 0000000000000,00	 0000000000000,00	 0000000000000,00
105000209	 0000000000000,00	 0000000000000,00	 0000000000000,00	 0000000000000,00
105000300	 0000000000000,00	 0000000000000,00	 0000000000000,00	 0451207442211,00
105000301	 0000000000000,00	 0000000000000,00	 0000000000000,00	 0451207442211,00
105000302	 0000000000000,00	 0000000000000,00	 0000000000000,00	 0000000000000,00
105000309	 0000000000000,00	 0000000000000,00	 0000000000000,00	 0000000000000,00
105000400	 0020903202535,00	 0000000000000,00	 0002744871483,00	 0000000000000,00
105000500	 0000033103141,00	 0000000000000,00	 0000210815403,00	 0515550200355,00
107000000	 0145913525884,00	 0000000000000,00	 0000000000000,00	 0128719455982,00
107000100	 0032341762628,00	 0000000000000,00	 0000000000000,00	 0007432527038,00
107000101	 0000000000000,00	 0000000000000,00	 0000000000000,00	 0000000473966,00
107000102	 0032197362155,00	 0000000000000,00	 0000000000000,00	 0001132332980,00
107000103	 0000144400473,00	 0000000000000,00	 0000000000000,00	 0006299720092,00
107000200	 0000000000000,00	 0000000000000,00	 0000000000000,00	 0000000000000,00
107000201	 0000000000000,00	 0000000000000,00	 0000000000000,00	 0000000000000,00
107000202	 0000000000000,00	 0000000000000,00	 0000000000000,00	 0000000000000,00
107000300	 0005421334756,00	 0000000000000,00	 0000000000000,00	 0000000000000,00
107000400	 0108150428500,00	 0000000000000,00	 0000000000000,00	 0121286928944,00
107000401	 0079035489881,00	 0000000000000,00	 0000000000000,00	 0000000000000,00
107000409	 0000000000000,00	 0000000000000,00	 0000000000000,00	 0052538453853,00
107000411	 0029114938619,00	 0000000000000,00	 0000000000000,00	 0000538205473,00
107000419	 0000000000000,00	 0000000000000,00	 0000000000000,00	 0068210269618,00
110000000	 2438939440288,00	 0120754478407,00	 0000000000000,00	 0621021613562,00
111000100	 2274870455974,00	 0120754478407,00	 0000000000000,00	 0424169309674,00
111000101	 0251720336784,00	 0000000000000,00	 0000000000000,00	 0017301805683,00
111000102	 2023149944981,00	 0120754478407,00	 0000000000000,00	 0406613916219,00
111000103	 0000000174209,00	 0000000000000,00	 0000000000000,00	 0000253587772,00
111000104	 0000000000000,00	 0000000000000,00	 0000000000000,00	 0000000000000,00
111000105	 0000000000000,00	 0000000000000,00	 0000000000000,00	 0000000000000,00
111000109	 0000000000000,00	 0000000000000,00	 0000000000000,00	 0000000000000,00
112000000	 0126889199400,00	 0000000000000,00	 0000000000000,00	 0190821691841,00
112000100	 0126777931245,00	 0000000000000,00	 0000000000000,00	 0000000000000,00
112000101	 0098726421444,00	 0000000000000,00	 0000000000000,00	 0000000000000,00
112000102	 0028051509801,00	 0000000000000,00	 0000000000000,00	 0000000000000,00
112000109	 0000000000000,00	 0000000000000,00	 0000000000000,00	 0000000000000,00
112000200	 0000111268155,00	 0000000000000,00	 0000000000000,00	 0000000000000,00
112000201	 0000000000000,00	 0000000000000,00	 0000000000000,00	 0000000000000,00
112000202	 0000111268155,00	 0000000000000,00	 0000000000000,00	 0000000000000,00
112000209	 0000000000000,00	 0000000000000,00	 0000000000000,00	 0000000000000,00
112000300	 0000000000000,00	 0000000000000,00	 0000000000000,00	 0190821691841,00
112000301	 0000000000000,00	 0000000000000,00	 0000000000000,00	 0173954187002,00
112000302	 0000000000000,00	 0000000000000,00	 0000000000000,00	 0000000000000,00
112000303	 0000000000000,00	 0000000000000,00	 0000000000000,00	 0000000000000,00
112000304	 0000000000000,00	 0000000000000,00	 0000000000000,00	 0000000000000,00
112000309	 0000000000000,00	 0000000000000,00	 0000000000000,00	 0016867504839,00
113000000	 0037179784914,00	 0000000000000,00	 0000000000000,00	 0006030612047,00
113000100	 0037179784914,00	 0000000000000,00	 0000000000000,00	 0006030612047,00
113000101	 0037179784914,00	 0000000000000,00	 0000000000000,00	 0000000000000,00
113000102	 0000000000000,00	 0000000000000,00	 0000000000000,00	 0006030612047,00
113000200	 0000000000000,00	 0000000000000,00	 0000000000000,00	 0000000000000,00
113000201	 0000000000000,00	 0000000000000,00	 0000000000000,00	 0000000000000,00
113000202	 0000000000000,00	 0000000000000,00	 0000000000000,00	 0000000000000,00
113000300	 0000000000000,00	 0000000000000,00	 0000000000000,00	 0000000000000,00
113000301	 0000000000000,00	 0000000000000,00	 0000000000000,00	 0000000000000,00
113000302	 0000000000000,00	 0000000000000,00	 0000000000000,00	 0000000000000,00
113000303	 0000000000000,00	 0000000000000,00	 0000000000000,00	 0000000000000,00
113000304	 0000000000000,00	 0000000000000,00	 0000000000000,00	 0000000000000,00
113000400	 0000000000000,00	 0000000000000,00	 0000000000000,00	 0000000000000,00
115000000	 0000000000000,00	 0000000000000,00	 0000000000000,00	 0000000000000,00
115250000	 0000000000000,00	 0000000000000,00	 0000000000000,00	 0000000000000,00
115250100	 0000000000000,00	 0000000000000,00	 0000000000000,00	 0000000000000,00
115250101	 0000000000000,00	 0000000000000,00	 0000000000000,00	 0000000000000,00
115250102	 0000000000000,00	 0000000000000,00	 0000000000000,00	 0000000000000,00
115250109	 0000000000000,00	 0000000000000,00	 0000000000000,00	 0000000000000,00
115250200	 0000000000000,00	 0000000000000,00	 0000000000000,00	 0000000000000,00
115250201	 0000000000000,00	 0000000000000,00	 0000000000000,00	 0000000000000,00
115250202	 0000000000000,00	 0000000000000,00	 0000000000000,00	 0000000000000,00
115250209	 0000000000000,00	 0000000000000,00	 0000000000000,00	 0000000000000,00
115250300	 0000000000000,00	 0000000000000,00	 0000000000000,00	 0000000000000,00
115250301	 0000000000000,00	 0000000000000,00	 0000000000000,00	 0000000000000,00
115250302	 0000000000000,00	 0000000000000,00	 0000000000000,00	 0000000000000,00
115250303	 0000000000000,00	 0000000000000,00	 0000000000000,00	 0000000000000,00
115250304	 0000000000000,00	 0000000000000,00	 0000000000000,00	 0000000000000,00
115250309	 0000000000000,00	 0000000000000,00	 0000000000000,00	 0000000000000,00
115500000	 0000000000000,00	 0000000000000,00	 0000000000000,00	 0000000000000,00
115500100	 0000000000000,00	 0000000000000,00	 0000000000000,00	 0000000000000,00
115500101	 0000000000000,00	 0000000000000,00	 0000000000000,00	 0000000000000,00
115500102	 0000000000000,00	 0000000000000,00	 0000000000000,00	 0000000000000,00
115500300	 0000000000000,00	 0000000000000,00	 0000000000000,00	 0000000000000,00
115500301	 0000000000000,00	 0000000000000,00	 0000000000000,00	 0000000000000,00
115500302	 0000000000000,00	 0000000000000,00	 0000000000000,00	 0000000000000,00
115500303	 0000000000000,00	 0000000000000,00	 0000000000000,00	 0000000000000,00
115500304	 0000000000000,00	 0000000000000,00	 0000000000000,00	 0000000000000,00
115500400	 0000000000000,00	 0000000000000,00	 0000000000000,00	 0000000000000,00
118000000	 0000000000000,00	 0000000000000,00	 0000000000000,00	 0000000000000,00
118250000	 0000000000000,00	 0000000000000,00	 0000000000000,00	 0000000000000,00
118250100	 0000000000000,00	 0000000000000,00	 0000000000000,00	 0000000000000,00
118250101	 0000000000000,00	 0000000000000,00	 0000000000000,00	 0000000000000,00
118250102	 0000000000000,00	 0000000000000,00	 0000000000000,00	 0000000000000,00
118250109	 0000000000000,00	 0000000000000,00	 0000000000000,00	 0000000000000,00
118250200	 0000000000000,00	 0000000000000,00	 0000000000000,00	 0000000000000,00
118250201	 0000000000000,00	 0000000000000,00	 0000000000000,00	 0000000000000,00
118250202	 0000000000000,00	 0000000000000,00	 0000000000000,00	 0000000000000,00
118250209	 0000000000000,00	 0000000000000,00	 0000000000000,00	 0000000000000,00
118250300	 0000000000000,00	 0000000000000,00	 0000000000000,00	 0000000000000,00
118250301	 0000000000000,00	 0000000000000,00	 0000000000000,00	 0000000000000,00
118250302	 0000000000000,00	 0000000000000,00	 0000000000000,00	 0000000000000,00
118250303	 0000000000000,00	 0000000000000,00	 0000000000000,00	 0000000000000,00
118250304	 0000000000000,00	 0000000000000,00	 0000000000000,00	 0000000000000,00
118250309	 0000000000000,00	 0000000000000,00	 0000000000000,00	 0000000000000,00
118500000	 0000000000000,00	 0000000000000,00	 0000000000000,00	 0000000000000,00
118500300	 0000000000000,00	 0000000000000,00	 0000000000000,00	 0000000000000,00
118500301	 0000000000000,00	 0000000000000,00	 0000000000000,00	 0000000000000,00
118500302	 0000000000000,00	 0000000000000,00	 0000000000000,00	 0000000000000,00
118500303	 0000000000000,00	 0000000000000,00	 0000000000000,00	 0000000000000,00
118500304	 0000000000000,00	 0000000000000,00	 0000000000000,00	 0000000000000,00
118500400	 0000000000000,00	 0000000000000,00	 0000000000000,00	 0000000000000,00
120000000	 3039913393723,00	 0269845825785,00	 0000000000000,00	 0589953168474,00
122000000	 3039913393723,00	 0269845825785,00	 0000000000000,00	 0579868633618,00
122000100	 3039913393723,00	 0173486942293,00	 0000000000000,00	 0111874955309,00
122000101	 2964227820926,00	 0000814513613,00	 0000000000000,00	 0000000000000,00
122000102	 0075685572797,00	 0172672428680,00	 0000000000000,00	 0000000000000,00
122000109	 0000000000000,00	 0000000000000,00	 0000000000000,00	 0111874955309,00
122000200	 0000000000000,00	 0096358883492,00	 0000000000000,00	 0032283079907,00
122000201	 0000000000000,00	 0096358883492,00	 0000000000000,00	 0012012325906,00
122000202	 0000000000000,00	 0000000000000,00	 0000000000000,00	 0000000000000,00
122000209	 0000000000000,00	 0000000000000,00	 0000000000000,00	 0020270754001,00
122000300	 0000000000000,00	 0000000000000,00	 0000000000000,00	 0435710598402,00
122000301	 0000000000000,00	 0000000000000,00	 0000000000000,00	 0000000000000,00
122000302	 0000000000000,00	 0000000000000,00	 0000000000000,00	 0086271057008,00
122000303	 0000000000000,00	 0000000000000,00	 0000000000000,00	 0342875319073,00
122000304	 0000000000000,00	 0000000000000,00	 0000000000000,00	 0006564222321,00
122000309	 0000000000000,00	 0000000000000,00	 0000000000000,00	 0000000000000,00
123000000	 0000000000000,00	 0000000000000,00	 0000000000000,00	 0010084534856,00
123000300	 0000000000000,00	 0000000000000,00	 0000000000000,00	 0000000000000,00
123000301	 0000000000000,00	 0000000000000,00	 0000000000000,00	 0000000000000,00
123000302	 0000000000000,00	 0000000000000,00	 0000000000000,00	 0000000000000,00
123000303	 0000000000000,00	 0000000000000,00	 0000000000000,00	 0000000000000,00
123000304	 0000000000000,00	 0000000000000,00	 0000000000000,00	 0000000000000,00
123000400	 0000000000000,00	 0000000000000,00	 0000000000000,00	 0010084534856,00
130000000	 0025945974954,00	 0000000000000,00	 0000000000000,00	 0035410873034,00
130000100	 0025945974954,00	 0000000000000,00	 0000000000000,00	 0035410873034,00
130000101	 0007421777796,00	 0000000000000,00	 0000000000000,00	 0010186396694,00
130000102	 0018524197158,00	 0000000000000,00	 0000000000000,00	 0025224476340,00
130000103	 0000000000000,00	 0000000000000,00	 0000000000000,00	 0000000000000,00
130000104	 0000000000000,00	 0000000000000,00	 0000000000000,00	 0000000000000,00
130000105	 0000000000000,00	 0000000000000,00	 0000000000000,00	 0000000000000,00
130000190	 0000000000000,00	 0000000000000,00	 0000000000000,00	 0000000000000,00
140000000	 7139518434064,00	 10477692276279,00	 0000000000000,00	 7829601403763,00
141000000	 0207953407741,00	 0000000000000,00	 0000000000000,00	 0176974045143,00
141000100	 0000000000000,00	 0000000000000,00	 0000000000000,00	 0000000000000,00
141000101	 0000000000000,00	 0000000000000,00	 0000000000000,00	 0000000000000,00
141000102	 0000000000000,00	 0000000000000,00	 0000000000000,00	 0000000000000,00
141000103	 0000000000000,00	 0000000000000,00	 0000000000000,00	 0000000000000,00
141000200	 0000000000000,00	 0000000000000,00	 0000000000000,00	 0176974045143,00
141000201	 0000000000000,00	 0000000000000,00	 0000000000000,00	 0176974045143,00
141000202	 0000000000000,00	 0000000000000,00	 0000000000000,00	 0000000000000,00
141000203	 0000000000000,00	 0000000000000,00	 0000000000000,00	 0000000000000,00
141000300	 0207953407741,00	 0000000000000,00	 0000000000000,00	 0000000000000,00
141000301	 0207953407741,00	 0000000000000,00	 0000000000000,00	 0000000000000,00
141000302	 0000000000000,00	 0000000000000,00	 0000000000000,00	 0000000000000,00
141000400	 0000000000000,00	 0000000000000,00	 0000000000000,00	 0000000000000,00
141000401	 0000000000000,00	 0000000000000,00	 0000000000000,00	 0000000000000,00
141000402	 0000000000000,00	 0000000000000,00	 0000000000000,00	 0000000000000,00
141000900	 0000000000000,00	 0000000000000,00	 0000000000000,00	 0000000000000,00
141000901	 0000000000000,00	 0000000000000,00	 0000000000000,00	 0000000000000,00
141000902	 0000000000000,00	 0000000000000,00	 0000000000000,00	 0000000000000,00
141000903	 0000000000000,00	 0000000000000,00	 0000000000000,00	 0000000000000,00
141500000	 0514428349441,00	 0367503272503,00	 0000000000000,00	 0187137897466,00
141500100	 0514428349441,00	 0367503272503,00	 0000000000000,00	 0000000000000,00
141500101	 0000000000000,00	 0000000000000,00	 0000000000000,00	 0000000000000,00
141500102	 0514428349441,00	 0367503272503,00	 0000000000000,00	 0000000000000,00
141500109	 0000000000000,00	 0000000000000,00	 0000000000000,00	 0000000000000,00
141500200	 0000000000000,00	 0000000000000,00	 0000000000000,00	 0000000000000,00
141500201	 0000000000000,00	 0000000000000,00	 0000000000000,00	 0000000000000,00
141500202	 0000000000000,00	 0000000000000,00	 0000000000000,00	 0000000000000,00
141500209	 0000000000000,00	 0000000000000,00	 0000000000000,00	 0000000000000,00
141500300	 0000000000000,00	 0000000000000,00	 0000000000000,00	 0187145898867,00
141500301	 0000000000000,00	 0000000000000,00	 0000000000000,00	 0000000000000,00
141500302	 0000000000000,00	 0000000000000,00	 0000000000000,00	 0000000000000,00
141500303	 0000000000000,00	 0000000000000,00	 0000000000000,00	 0000000000000,00
141500304	 0000000000000,00	 0000000000000,00	 0000000000000,00	 0000000000000,00
141500309	 0000000000000,00	 0000000000000,00	 0000000000000,00	 0187145898867,00
141500900	 0000000000000,00	 0000000000000,00	 0000000000000,00	-0000008001401,00
141500901	 0000000000000,00	 0000000000000,00	 0000000000000,00	-0000008001401,00
141500902	 0000000000000,00	 0000000000000,00	 0000000000000,00	 0000000000000,00
141500903	 0000000000000,00	 0000000000000,00	 0000000000000,00	 0000000000000,00
143000000	 0000000000000,00	 0000000000000,00	 0000000000000,00	 0087090648299,00
143100100	 0000000000000,00	 0000000000000,00	 0000000000000,00	 0000000000000,00
143100101	 0000000000000,00	 0000000000000,00	 0000000000000,00	 0000000000000,00
143100102	 0000000000000,00	 0000000000000,00	 0000000000000,00	 0000000000000,00
143100103	 0000000000000,00	 0000000000000,00	 0000000000000,00	 0000000000000,00
143100104	 0000000000000,00	 0000000000000,00	 0000000000000,00	 0000000000000,00
143100105	 0000000000000,00	 0000000000000,00	 0000000000000,00	 0000000000000,00
143100106	 0000000000000,00	 0000000000000,00	 0000000000000,00	 0000000000000,00
143100107	 0000000000000,00	 0000000000000,00	 0000000000000,00	 0000000000000,00
143100190	 0000000000000,00	 0000000000000,00	 0000000000000,00	 0000000000000,00
143150100	 0000000000000,00	 0000000000000,00	 0000000000000,00	 0000000000000,00
143150101	 0000000000000,00	 0000000000000,00	 0000000000000,00	 0000000000000,00
143150102	 0000000000000,00	 0000000000000,00	 0000000000000,00	 0000000000000,00
143150103	 0000000000000,00	 0000000000000,00	 0000000000000,00	 0000000000000,00
143200100	 0000000000000,00	 0000000000000,00	 0000000000000,00	 0087387221662,00
143200101	 0000000000000,00	 0000000000000,00	 0000000000000,00	 0087387221662,00
143200102	 0000000000000,00	 0000000000000,00	 0000000000000,00	 0000000000000,00
143200103	 0000000000000,00	 0000000000000,00	 0000000000000,00	 0000000000000,00
143200104	 0000000000000,00	 0000000000000,00	 0000000000000,00	 0000000000000,00
143200105	 0000000000000,00	 0000000000000,00	 0000000000000,00	 0000000000000,00
143200106	 0000000000000,00	 0000000000000,00	 0000000000000,00	 0000000000000,00
143200107	 0000000000000,00	 0000000000000,00	 0000000000000,00	 0000000000000,00
143200108	 0000000000000,00	 0000000000000,00	 0000000000000,00	 0000000000000,00
143200190	 0000000000000,00	 0000000000000,00	 0000000000000,00	 0000000000000,00
143250100	 0000000000000,00	 0000000000000,00	 0000000000000,00	-0000296573363,00
143250101	 0000000000000,00	 0000000000000,00	 0000000000000,00	-0000296573363,00
143250102	 0000000000000,00	 0000000000000,00	 0000000000000,00	 0000000000000,00
143250103	 0000000000000,00	 0000000000000,00	 0000000000000,00	 0000000000000,00
143300100	 0000000000000,00	 0000000000000,00	 0000000000000,00	 0000000000000,00
143300101	 0000000000000,00	 0000000000000,00	 0000000000000,00	 0000000000000,00
143300102	 0000000000000,00	 0000000000000,00	 0000000000000,00	 0000000000000,00
143300103	 0000000000000,00	 0000000000000,00	 0000000000000,00	 0000000000000,00
143400100	 0000000000000,00	 0000000000000,00	 0000000000000,00	 0000000000000,00
143400101	 0000000000000,00	 0000000000000,00	 0000000000000,00	 0000000000000,00
143400102	 0000000000000,00	 0000000000000,00	 0000000000000,00	 0000000000000,00
143400103	 0000000000000,00	 0000000000000,00	 0000000000000,00	 0000000000000,00
144000000	 6417136676882,00	 10110189003776,00	 0000000000000,00	 7378398812855,00
145000000	 4863798680457,00	 4453066403741,00	 0000000000000,00	 6115146833882,00
145400100	 4253202908416,00	 3576726921112,00	 0000000000000,00	 4601228462812,00
145400101	 4242585562535,00	 2623106109376,00	 0000000000000,00	 1509017006038,00
145400102	 0010606745522,00	 0000000000000,00	 0000000000000,00	 3092211456774,00
145400103	 0000000000000,00	 0000000000000,00	 0000000000000,00	 0000000000000,00
145400104	 0000000000000,00	 0004960940265,00	 0000000000000,00	 0000000000000,00
145400105	 0000010600359,00	 0948659871471,00	 0000000000000,00	 0000000000000,00
145400106	 0000000000000,00	 0000000000000,00	 0000000000000,00	 0000000000000,00
145400200	 0091642420040,00	 0000148564139,00	 0000000000000,00	 1042319467702,00
145400201	 0000000000000,00	 0000000000000,00	 0000000000000,00	 0000000000000,00
145400202	 0060620956350,00	 0000000000000,00	 0000000000000,00	 0522095162601,00
145400203	 0031021439788,00	 0000000000000,00	 0000000000000,00	 0456909803728,00
145400204	 0000000023902,00	 0000148564139,00	 0000000000000,00	 0018237136961,00
145400205	 0000000000000,00	 0000000000000,00	 0000000000000,00	 0000000000000,00
145400290	 0000000000000,00	 0000000000000,00	 0000000000000,00	 0045077364412,00
145400300	 0081083488759,00	 0000000000000,00	 0000000000000,00	 0003538557454,00
145400400	 0015493170676,00	 0000000000000,00	 0000000000000,00	 0007441141549,00
145400401	 0009260512952,00	 0000000000000,00	 0000000000000,00	 0007441141549,00
145400402	 0006232657724,00	 0000000000000,00	 0000000000000,00	 0000000000000,00
145400500	 0187466282665,00	 0000058323328,00	 0000000000000,00	 0046761316830,00
145400501	 0130201117799,00	 0000058323328,00	 0000000000000,00	 0003279900627,00
145400502	 0057265164866,00	 0000000000000,00	 0000000000000,00	 0043481416203,00
145400600	 0234910409901,00	 0281800866252,00	 0000000000000,00	 0413857887535,00
145400601	 0061334317577,00	 0207769432066,00	 0000000000000,00	 0274477921680,00
145400602	 0173576092324,00	 0074031434186,00	 0000000000000,00	 0139379965855,00
145400700	 0000000000000,00	 0594331728910,00	 0000000000000,00	 0000000000000,00
145400701	 0000000000000,00	 0590365240624,00	 0000000000000,00	 0000000000000,00
145400702	 0000000000000,00	 0003966488286,00	 0000000000000,00	 0000000000000,00
145400703	 0000000000000,00	 0000000000000,00	 0000000000000,00	 0000000000000,00
145400900	 0000000000000,00	 0000000000000,00	 0000000000000,00	 0000000000000,00
145400901	 0000000000000,00	 0000000000000,00	 0000000000000,00	 0000000000000,00
145400902	 0000000000000,00	 0000000000000,00	 0000000000000,00	 0000000000000,00
145400990	 0000000000000,00	 0000000000000,00	 0000000000000,00	 0000000000000,00
146000000	 0000868732643,00	 5654766817693,00	 0000000000000,00	 0711030399749,00
146000100	 0000000000000,00	 0016031544187,00	 0000000000000,00	 0000000000000,00
146000200	 0000000000000,00	 0078156006615,00	 0000000000000,00	 0000000000000,00
146000300	 0000000000000,00	 0000000000000,00	 0000000000000,00	 0000000000000,00
146000400	 0000868732643,00	 5504797187222,00	 0000000000000,00	 0408580891679,00
146000401	 0000868732643,00	 5504797187222,00	 0000000000000,00	 0000000000000,00
146000402	 0000000000000,00	 0000000000000,00	 0000000000000,00	 0408580891679,00
146000500	 0000000000000,00	 0000000000000,00	 0000000000000,00	 0302449508070,00
146000900	 0000000000000,00	 0055782079669,00	 0000000000000,00	 0000000000000,00
146000901	 0000000000000,00	 0055782079669,00	 0000000000000,00	 0000000000000,00
146000902	 0000000000000,00	 0000000000000,00	 0000000000000,00	 0000000000000,00
146000903	 0000000000000,00	 0000000000000,00	 0000000000000,00	 0000000000000,00
146000909	 0000000000000,00	 0000000000000,00	 0000000000000,00	 0000000000000,00
148000000	 1908659373725,00	 0002355782342,00	 0000000000000,00	 0957071069833,00
148000100	 1366490827978,00	 0002355782342,00	 0000000000000,00	 0722457162558,00
148000200	 0114248676907,00	 0000000000000,00	 0000000000000,00	 0001395748063,00
148000300	 0427381209105,00	 0000000000000,00	 0000000000000,00	 0196035161051,00
148000301	 0266405875563,00	 0000000000000,00	 0000000000000,00	 0196035161051,00
148000302	 0160975333542,00	 0000000000000,00	 0000000000000,00	 0000000000000,00
148000400	 0000538659735,00	 0000000000000,00	 0000000000000,00	 0000224320181,00
148000900	 0000000000000,00	 0000000000000,00	 0000000000000,00	 0036958677980,00
148000901	 0000000000000,00	 0000000000000,00	 0000000000000,00	 0036958677980,00
148000902	 0000000000000,00	 0000000000000,00	 0000000000000,00	 0000000000000,00
149000000	-0356190109943,00	 0000000000000,00	 0000000000000,00	-0404849490609,00
149500100	-0224445084007,00	 0000000000000,00	 0000000000000,00	-0314838869101,00
149500101	-0037834961248,00	 0000000000000,00	 0000000000000,00	-0067518857380,00
149500102	-0007670087903,00	 0000000000000,00	 0000000000000,00	-0031546902426,00
149500103	-0075604505010,00	 0000000000000,00	 0000000000000,00	-0207234844202,00
149500104	-0035795692571,00	 0000000000000,00	 0000000000000,00	-0003483418300,00
149500105	-0052062870659,00	 0000000000000,00	 0000000000000,00	-0005054846793,00
149500109	-0015476966616,00	 0000000000000,00	 0000000000000,00	 0000000000000,00
149600100	-0021471501701,00	 0000000000000,00	 0000000000000,00	-0024330377210,00
149600101	-0006760248289,00	 0000000000000,00	 0000000000000,00	-0015221955049,00
149600102	-0014711253412,00	 0000000000000,00	 0000000000000,00	-0009108422161,00
149700100	-0110273524235,00	 0000000000000,00	 0000000000000,00	-0065680244298,00
149700101	-0058010299044,00	 0000000000000,00	 0000000000000,00	-0033688262722,00
149700102	-0052263225191,00	 0000000000000,00	 0000000000000,00	-0031991981576,00
150000000	 0013937620999,00	 0000000000000,00	 0000000000000,00	 0005666380630,00
150000100	 0000000000000,00	 0000000000000,00	 0000000000000,00	 0000000000000,00
150000200	 0000000000000,00	 0000000000000,00	 0000000000000,00	 0000000000000,00
150000201	 0000000000000,00	 0000000000000,00	 0000000000000,00	 0000000000000,00
150000202	 0000000000000,00	 0000000000000,00	 0000000000000,00	 0000000000000,00
150000300	 0009352852955,00	 0000000000000,00	 0000000000000,00	 0000000000000,00
150000400	 0000000000000,00	 0000000000000,00	 0000000000000,00	 0000000000000,00
150000500	 0000000000000,00	 0000000000000,00	 0000000000000,00	 0000000000000,00
150000600	 0000000000000,00	 0000000000000,00	 0000000000000,00	 0000000000000,00
150000700	 0004584768044,00	 0000000000000,00	 0000000000000,00	 0000000000000,00
150000800	 0000000000000,00	 0000000000000,00	 0000000000000,00	 0005666380630,00
160000000	 0660200645114,00	 0000000000000,00	 0000000000000,00	 0034833964928,00
160000100	 0492511994761,00	 0000000000000,00	 0000000000000,00	 0000000000000,00
160000200	 0061024938728,00	 0000000000000,00	 0000000000000,00	 0000000000000,00
160000201	 0027655290632,00	 0000000000000,00	 0000000000000,00	 0000000000000,00
160000202	 0000000000000,00	 0000000000000,00	 0000000000000,00	 0000000000000,00
160000203	 0111635885343,00	 0000000000000,00	 0000000000000,00	 0000000000000,00
160000204	 0051037000000,00	 0000000000000,00	 0000000000000,00	 0000000000000,00
160000205	 0000000000000,00	 0000000000000,00	 0000000000000,00	 0000000000000,00
160000206	 0000000000000,00	 0000000000000,00	 0000000000000,00	 0000000000000,00
160000207	 0001250375175,00	 0000000000000,00	 0000000000000,00	 0000000000000,00
160000208	 0000000000000,00	 0000000000000,00	 0000000000000,00	 0000000000000,00
160000209	 0000000000000,00	 0000000000000,00	 0000000000000,00	 0000000000000,00
160000219	-0130553612422,00	 0000000000000,00	 0000000000000,00	 0000000000000,00
160000300	 0106663711625,00	 0000000000000,00	 0000000000000,00	 0034833964928,00
160000301	 0043544881948,00	 0000000000000,00	 0000000000000,00	 0001843024910,00
160000302	 0139097545832,00	 0000000000000,00	 0000000000000,00	 0064417757630,00
160000303	 0000000000000,00	 0000000000000,00	 0000000000000,00	 0000000000000,00
160000309	 0001519518487,00	 0000000000000,00	 0000000000000,00	 0011219524513,00
160000319	-0077498234642,00	 0000000000000,00	 0000000000000,00	-0042646342125,00
170000000	 0027998260978,00	 0000000000000,00	 0000000000000,00	 0019409456426,00
170000100	 0004394942494,00	 0000000000000,00	 0000000000000,00	 0008240209734,00
170000101	 0006747326799,00	 0000000000000,00	 0000000000000,00	 0008167129697,00
170000102	 0000000000000,00	 0000000000000,00	 0000000000000,00	 0002911374411,00
170000119	-0002352384305,00	 0000000000000,00	 0000000000000,00	-0002838294374,00
170000200	 0023603318484,00	 0000000000000,00	 0000000000000,00	 0011169246692,00
170000201	 0045962961289,00	 0000000000000,00	 0000000000000,00	 0039190857843,00
170000209	 0027634095700,00	 0000000000000,00	 0000000000000,00	 0008452863345,00
170000219	-0049993738505,00	 0000000000000,00	 0000000000000,00	-0036474474496,00
175000000	 0090615949436,00	 0000000000000,00	 0000000000000,00	 0028819234372,00
175000100	 0072550098154,00	 0000000000000,00	 0000000000000,00	 0026591292136,00
175000101	 0118335868271,00	 0000000000000,00	 0000000000000,00	 0041972631462,00
175000102	 0000000000000,00	 0000000000000,00	 0000000000000,00	 0000000000000,00
175000119	-0045785770117,00	 0000000000000,00	 0000000000000,00	-0015381339326,00
175000200	 0018065851282,00	 0000000000000,00	 0000000000000,00	 0002198627474,00
175000201	 0046202344139,00	 0000000000000,00	 0000000000000,00	 0011012976382,00
175000219	-0028136492857,00	 0000000000000,00	 0000000000000,00	-0008814348908,00
175000300	 0000000000000,00	 0000000000000,00	 0000000000000,00	 0000029314762,00
175000301	 0000000000000,00	 0000000000000,00	 0000000000000,00	 0000000000000,00
175000309	 0000000000000,00	 0000000000000,00	 0000000000000,00	 0000147535792,00
175000319	 0000000000000,00	 0000000000000,00	 0000000000000,00	-0000118221030,00
175000400	 0000000000000,00	 0000000000000,00	 0000000000000,00	 0000000000000,00
175000401	 0000000000000,00	 0000000000000,00	 0000000000000,00	 0000000000000,00
175000409	 0000000000000,00	 0000000000000,00	 0000000000000,00	 0000000000000,00
175000419	 0000000000000,00	 0000000000000,00	 0000000000000,00	 0000000000000,00
180000000	 0032950084700,00	 0000000000000,00	 0000000000000,00	 0041231631857,00
185000000	 0218212888124,00	 0000000000000,00	 0000000000000,00	 0106338567960,00
190000000	 0285889327223,00	 0004411421925,00	 0000427908353,00	 0481928834008,00
190000100	 0006383221145,00	 0000000000000,00	 0000000000000,00	 0022529119540,00
190000101	 0006383221145,00	 0000000000000,00	 0000000000000,00	 0018331486549,00
190000102	 0000000000000,00	 0000000000000,00	 0000000000000,00	 0002731522409,00
190000103	 0000000000000,00	 0000000000000,00	 0000000000000,00	 0001466110582,00
190000200	 0103085345014,00	 0000000000000,00	 0000000000000,00	 0359450322982,00
190000201	 0103066345014,00	 0000000000000,00	 0000000000000,00	 0000000000000,00
190000202	 0000000000000,00	 0000000000000,00	 0000000000000,00	 0086864101757,00
190000203	 0000000000000,00	 0000000000000,00	 0000000000000,00	 0027227671677,00
190000204	 0000019000000,00	 0000000000000,00	 0000000000000,00	 0245358549548,00
190000300	 0109563796044,00	 0000000000000,00	 0000000000000,00	 0000000000000,00
190000301	 0106690895714,00	 0000000000000,00	 0000000000000,00	 0000000000000,00
190000302	 0002872900330,00	 0000000000000,00	 0000000000000,00	 0000000000000,00
190000303	 0000000000000,00	 0000000000000,00	 0000000000000,00	 0000000000000,00
190000400	 0000000000000,00	 0000000000000,00	 0000000000000,00	 0000000000000,00
190000401	 0000000000000,00	 0000000000000,00	 0000000000000,00	 0000000000000,00
190000402	 0000000000000,00	 0000000000000,00	 0000000000000,00	 0000000000000,00
190000500	 0019441180545,00	 0003923871275,00	 0000427908353,00	 0072024564415,00
190000501	 0000000000000,00	 0000000000000,00	 0000000000000,00	 0000000000000,00
190000502	 0000000000000,00	 0000000000000,00	 0000000000000,00	 0000000000000,00
190000503	 0000000000000,00	 0000000000000,00	 0000000000000,00	 0000000000000,00
190000504	 0000219012147,00	 0003923871275,00	 0000000000000,00	 0000000000000,00
190000505	 0000216044225,00	 0000000000000,00	 0000000000000,00	 0000000000000,00
190000509	 0019006124173,00	 0000000000000,00	 0000427908353,00	 0072024564415,00
190000600	 0000000000000,00	 0000000000000,00	 0000000000000,00	 0000000000000,00
190000700	 0000000000000,00	 0000000000000,00	 0000000000000,00	 0003411240359,00
190000701	 0000000000000,00	 0000000000000,00	 0000000000000,00	 0006492207067,00
190000702	 0000000000000,00	 0000000000000,00	 0000000000000,00	-0003080966708,00
190000800	 0003056558364,00	 0000000000000,00	 0000000000000,00	 0000000000000,00
190000900	 0012796124999,00	 0000000000000,00	 0000000000000,00	 0015679673301,00
190001000	 0001968841065,00	 0000000000000,00	 0000000000000,00	 0000000000000,00
190001100	 0000000000000,00	 0000000000000,00	 0000000000000,00	 0000000000000,00
190001200	 0000000000000,00	 0000000000000,00	 0000000000000,00	 0000000000000,00
190001300	 0000000000000,00	 0000000000000,00	 0000000000000,00	 0000000000000,00
190001400	 0002829979046,00	 0000000000000,00	 0000000000000,00	 0000000000000,00
190001500	 0011276773602,00	 0000000000000,00	 0000000000000,00	 0000137975742,00
190002900	 0015487507399,00	 0000487550650,00	 0000000000000,00	 0008695937669,00
192500100	 0000000000000,00	 0000000000000,00	 0000000000000,00	 0000000000000,00
192500101	 0000000000000,00	 0000000000000,00	 0000000000000,00	 0000000000000,00
192500102	 0000000000000,00	 0000000000000,00	 0000000000000,00	 0000000000000,00
192500103	 0000000000000,00	 0000000000000,00	 0000000000000,00	 0000000000000,00
195000000	 0004999251120,00	 0000000000000,00	 0000000000000,00	 0008266109639,00
195000100	 0002356705916,00	 0000000000000,00	 0000000000000,00	 0002570318133,00
195000101	 0000279077325,00	 0000000000000,00	 0000000000000,00	 0016432031818,00
195000102	 0002909030446,00	 0000000000000,00	 0000000000000,00	 0000000000000,00
195000103	-0000831401855,00	 0000000000000,00	 0000000000000,00	-0013861713685,00
195000200	 0002642545204,00	 0000000000000,00	 0000000000000,00	 0005695791506,00
195000201	 0001746247016,00	 0000000000000,00	 0000000000000,00	 0000000000000,00
195000202	 0000000000000,00	 0000000000000,00	 0000000000000,00	 0000000000000,00
195000203	 0000365241674,00	 0000000000000,00	 0000000000000,00	 0000107990034,00
195000204	 0000531056514,00	 0000000000000,00	 0000000000000,00	 0005587801472,00
195000219	 0000000000000,00	 0000000000000,00	 0000000000000,00	 0000000000000,00
195000300	 0000000000000,00	 0000000000000,00	 0000000000000,00	 0000000000000,00
200000000	 16987990920482,00	 6278788846883,00	 0000083258699,00	 10512765872917,00
207000000	 0088492439067,00	 0000000000000,00	 0000000000000,00	 0154453421536,00
207000100	 0000054600000,00	 0000000000000,00	 0000000000000,00	 0000000000000,00
207000101	 0000000000000,00	 0000000000000,00	 0000000000000,00	 0000000000000,00
207000102	 0000054600000,00	 0000000000000,00	 0000000000000,00	 0000000000000,00
207000200	 0018401079192,00	 0000000000000,00	 0000000000000,00	 0000000000000,00
207000300	 0070036759875,00	 0000000000000,00	 0000000000000,00	 0154453421536,00
207000301	 0047341343000,00	 0000000000000,00	 0000000000000,00	 0000000000000,00
207000309	 0004706300000,00	 0000000000000,00	 0000000000000,00	 0079495322501,00
207000311	 0017989116875,00	 0000000000000,00	 0000000000000,00	 0000000000000,00
207000319	 0000000000000,00	 0000000000000,00	 0000000000000,00	 0074958099035,00
210000000	 2143520065310,00	 0083838108883,00	 0000000000000,00	 0447626939744,00
211000100	 2143520065310,00	 0083838108883,00	 0000000000000,00	 0447626939744,00
211000101	 0247624872351,00	 0000000000000,00	 0000000000000,00	 0010464502252,00
211000102	 1895583437296,00	 0083838108883,00	 0000000000000,00	 0436583007843,00
211000103	 0000267558151,00	 0000000000000,00	 0000000000000,00	 0000194087401,00
211000104	 0000044197512,00	 0000000000000,00	 0000000000000,00	 0000385342248,00
211000105	 0000000000000,00	 0000000000000,00	 0000000000000,00	 0000000000000,00
211000190	 0000000000000,00	 0000000000000,00	 0000000000000,00	 0000000000000,00
213000100	 0000000000000,00	 0000000000000,00	 0000000000000,00	 0000000000000,00
213000101	 0000000000000,00	 0000000000000,00	 0000000000000,00	 0000000000000,00
213000102	 0000000000000,00	 0000000000000,00	 0000000000000,00	 0000000000000,00
213000103	 0000000000000,00	 0000000000000,00	 0000000000000,00	 0000000000000,00
213000109	 0000000000000,00	 0000000000000,00	 0000000000000,00	 0000000000000,00
218000000	 0000000000000,00	 0000000000000,00	 0000000000000,00	 0000000000000,00
218000001	 0000000000000,00	 0000000000000,00	 0000000000000,00	 0000000000000,00
218000002	 0000000000000,00	 0000000000000,00	 0000000000000,00	 0000000000000,00
218000003	 0000000000000,00	 0000000000000,00	 0000000000000,00	 0000000000000,00
218000009	 0000000000000,00	 0000000000000,00	 0000000000000,00	 0000000000000,00
230000000	 0134345095744,00	 0006324868024,00	 0000000000000,00	 0009456012403,00
230000100	 0134345095744,00	 0006324868024,00	 0000000000000,00	 0009456012403,00
230000101	 0090856695156,00	 0000000000000,00	 0000000000000,00	 0003990791452,00
230000102	 0043488400588,00	 0006324868024,00	 0000000000000,00	 0005465220951,00
230000103	 0000000000000,00	 0000000000000,00	 0000000000000,00	 0000000000000,00
230000104	 0000000000000,00	 0000000000000,00	 0000000000000,00	 0000000000000,00
230000105	 0000000000000,00	 0000000000000,00	 0000000000000,00	 0000000000000,00
230000190	 0000000000000,00	 0000000000000,00	 0000000000000,00	 0000000000000,00
240000000	 13998886557853,00	 4951360390383,00	 0000001190305,00	 9313001356901,00
241000000	 3543469382697,00	 0025318552658,00	 0000000000000,00	 3925792532943,00
241000100	 2924061442949,00	 0000000000000,00	 0000000000000,00	 1768213396672,00
241000101	 0000035476085,00	 0000000000000,00	 0000000000000,00	 0000002886786,00
241000102	 0000017694086,00	 0000000000000,00	 0000000000000,00	 0000000000000,00
241000103	 1804999032998,00	 0000000000000,00	 0000000000000,00	 1633593976623,00
241000104	 1119009239780,00	 0000000000000,00	 0000000000000,00	 0134616533263,00
241000200	 0209062537450,00	 0000000000000,00	 0000000000000,00	 2051504456199,00
241000201	 0000000000000,00	 0000000000000,00	 0000000000000,00	 0000000000000,00
241000202	 0209062537450,00	 0000000000000,00	 0000000000000,00	 2051504456199,00
241000300	 0178049800877,00	 0000000000000,00	 0000000000000,00	 0015505777922,00
241000301	 0178049800877,00	 0000000000000,00	 0000000000000,00	 0015505777922,00
241000400	 0000000000000,00	 0000000000000,00	 0000000000000,00	 0000000000000,00
241000401	 0000000000000,00	 0000000000000,00	 0000000000000,00	 0000000000000,00
241000402	 0000000000000,00	 0000000000000,00	 0000000000000,00	 0000000000000,00
241000500	 0232295601421,00	 0025318552658,00	 0000000000000,00	 0090568902150,00
241000501	 0006809160012,00	 0000000000000,00	 0000000000000,00	 0000000000000,00
241000502	 0002185733677,00	 0000000000000,00	 0000000000000,00	 0000000000000,00
241000503	 0000000000000,00	 0000000000000,00	 0000000000000,00	 0000000000000,00
241000504	 0005678011799,00	 0000000000000,00	 0000000000000,00	 0002322209253,00
241000505	 0018022702414,00	 0025318552658,00	 0000000000000,00	 0004443719047,00
241000506	 0053883095996,00	 0000000000000,00	 0000000000000,00	 0005315763179,00
241000507	 0002096017409,00	 0000000000000,00	 0000000000000,00	 0027924319173,00
241000508	 0000000000000,00	 0000000000000,00	 0000000000000,00	 0000000000000,00
241000509	 0024891558528,00	 0000000000000,00	 0000000000000,00	 0008838641342,00
241000510	 0014949000005,00	 0000000000000,00	 0000000000000,00	 0001690607904,00
241000511	 0006362726398,00	 0000000000000,00	 0000000000000,00	 0000839858350,00
241000512	 0000000000000,00	 0000000000000,00	 0000000000000,00	 0000000000000,00
241000513	 0000000000000,00	 0000000000000,00	 0000000000000,00	 0000000000000,00
241000590	 0097417595183,00	 0000000000000,00	 0000000000000,00	 0039193783902,00
242000000	 6359666281059,00	 0700232196605,00	 0000001190305,00	 3015494363555,00
242000100	 6359666281059,00	 0700227944982,00	 0000001190305,00	 2995319126667,00
242000200	 0000000000000,00	 0000004251623,00	 0000000000000,00	 0020175236888,00
242000201	 0000000000000,00	 0000004251623,00	 0000000000000,00	 0020175236888,00
242000202	 0000000000000,00	 0000000000000,00	 0000000000000,00	 0000000000000,00
242000300	 0000000000000,00	 0000000000000,00	 0000000000000,00	 0000000000000,00
242000301	 0000000000000,00	 0000000000000,00	 0000000000000,00	 0000000000000,00
242000302	 0000000000000,00	 0000000000000,00	 0000000000000,00	 0000000000000,00
242000390	 0000000000000,00	 0000000000000,00	 0000000000000,00	 0000000000000,00
243000000	 0155682542982,00	 0000000000000,00	 0000000000000,00	 0053356768569,00
243000100	 0000000000000,00	 0000000000000,00	 0000000000000,00	 0000000000000,00
243000101	 0000000000000,00	 0000000000000,00	 0000000000000,00	 0000000000000,00
243000102	 0000000000000,00	 0000000000000,00	 0000000000000,00	 0000000000000,00
243000103	 0000000000000,00	 0000000000000,00	 0000000000000,00	 0000000000000,00
243000200	 0000000000000,00	 0000000000000,00	 0000000000000,00	 0000000000000,00
243000201	 0000000000000,00	 0000000000000,00	 0000000000000,00	 0000000000000,00
243000202	 0000000000000,00	 0000000000000,00	 0000000000000,00	 0000000000000,00
243000203	 0000000000000,00	 0000000000000,00	 0000000000000,00	 0000000000000,00
243000300	 0155682542982,00	 0000000000000,00	 0000000000000,00	 0000000000000,00
243000301	 0155682542982,00	 0000000000000,00	 0000000000000,00	 0000000000000,00
243000302	 0000000000000,00	 0000000000000,00	 0000000000000,00	 0000000000000,00
243000400	 0000000000000,00	 0000000000000,00	 0000000000000,00	 0053356768569,00
243000401	 0000000000000,00	 0000000000000,00	 0000000000000,00	 0053356768569,00
243000402	 0000000000000,00	 0000000000000,00	 0000000000000,00	 0000000000000,00
244000000	 3007367066663,00	 0031093762543,00	 0000000000000,00	 1754203097927,00
244250000	 0000000000000,00	 0031093762543,00	 0000000000000,00	 0000000000000,00
244250100	 0000000000000,00	 0000000000000,00	 0000000000000,00	 0000000000000,00
244250101	 0000000000000,00	 0000000000000,00	 0000000000000,00	 0000000000000,00
244250102	 0000000000000,00	 0000000000000,00	 0000000000000,00	 0000000000000,00
244250103	 0000000000000,00	 0000000000000,00	 0000000000000,00	 0000000000000,00
244250200	 0000000000000,00	 0031093762543,00	 0000000000000,00	 0000000000000,00
244250201	 0000000000000,00	 0000000000000,00	 0000000000000,00	 0000000000000,00
244250202	 0000000000000,00	 0000000000000,00	 0000000000000,00	 0000000000000,00
244250203	 0000000000000,00	 0000000000000,00	 0000000000000,00	 0000000000000,00
244250204	 0000000000000,00	 0031093762543,00	 0000000000000,00	 0000000000000,00
244250209	 0000000000000,00	 0000000000000,00	 0000000000000,00	 0000000000000,00
244500000	 0000000000000,00	 0000000000000,00	 0000000000000,00	 1754203097927,00
244500100	 0000000000000,00	 0000000000000,00	 0000000000000,00	 0017851173807,00
244500101	 0000000000000,00	 0000000000000,00	 0000000000000,00	 0000000000000,00
244500102	 0000000000000,00	 0000000000000,00	 0000000000000,00	 0017851173807,00
244500103	 0000000000000,00	 0000000000000,00	 0000000000000,00	 0000000000000,00
244500200	 0000000000000,00	 0000000000000,00	 0000000000000,00	 1736351924120,00
244500201	 0000000000000,00	 0000000000000,00	 0000000000000,00	 0262195516304,00
244500202	 0000000000000,00	 0000000000000,00	 0000000000000,00	 1363810814245,00
244500203	 0000000000000,00	 0000000000000,00	 0000000000000,00	 0002172287368,00
244500204	 0000000000000,00	 0000000000000,00	 0000000000000,00	 0108173306203,00
244500209	 0000000000000,00	 0000000000000,00	 0000000000000,00	 0000000000000,00
244700000	 3007367066663,00	 0000000000000,00	 0000000000000,00	 0000000000000,00
244700100	 3007367066663,00	 0000000000000,00	 0000000000000,00	 0000000000000,00
244700200	 0000000000000,00	 0000000000000,00	 0000000000000,00	 0000000000000,00
244900000	 0000000000000,00	 0000000000000,00	 0000000000000,00	 0000000000000,00
244900100	 0000000000000,00	 0000000000000,00	 0000000000000,00	 0000000000000,00
244900200	 0000000000000,00	 0000000000000,00	 0000000000000,00	 0000000000000,00
245000000	 0890762133425,00	 4194715878577,00	 0000000000000,00	 0564154593907,00
245000100	 0000000000000,00	 0022442651914,00	 0000000000000,00	 0000000000000,00
245000101	 0000000000000,00	 0017235211361,00	 0000000000000,00	 0000000000000,00
245000102	 0000000000000,00	 0005207440553,00	 0000000000000,00	 0000000000000,00
245000200	 0890762133425,00	 4172273226663,00	 0000000000000,00	 0564154593907,00
245000201	 0890762133425,00	 4172273226663,00	 0000000000000,00	 0564154593907,00
245000203	 0000000000000,00	 0000000000000,00	 0000000000000,00	 0000000000000,00
246000000	 0041939151027,00	 0000000000000,00	 0000000000000,00	 0000000000000,00
246000100	 0000000000000,00	 0000000000000,00	 0000000000000,00	 0000000000000,00
246000101	 0000000000000,00	 0000000000000,00	 0000000000000,00	 0000000000000,00
246000102	 0000000000000,00	 0000000000000,00	 0000000000000,00	 0000000000000,00
246000200	 0041939151027,00	 0000000000000,00	 0000000000000,00	 0000000000000,00
246000201	 0000000000000,00	 0000000000000,00	 0000000000000,00	 0000000000000,00
246000202	 0000000000000,00	 0000000000000,00	 0000000000000,00	 0000000000000,00
246000203	 0000000000000,00	 0000000000000,00	 0000000000000,00	 0000000000000,00
246000204	 0041939151027,00	 0000000000000,00	 0000000000000,00	 0000000000000,00
246000205	 0000000000000,00	 0000000000000,00	 0000000000000,00	 0000000000000,00
246000206	 0000000000000,00	 0000000000000,00	 0000000000000,00	 0000000000000,00
246000207	 0000000000000,00	 0000000000000,00	 0000000000000,00	 0000000000000,00
246000208	 0000000000000,00	 0000000000000,00	 0000000000000,00	 0000000000000,00
246000290	 0000000000000,00	 0000000000000,00	 0000000000000,00	 0000000000000,00
246000300	 0000000000000,00	 0000000000000,00	 0000000000000,00	 0000000000000,00
246000301	 0000000000000,00	 0000000000000,00	 0000000000000,00	 0000000000000,00
246000302	 0000000000000,00	 0000000000000,00	 0000000000000,00	 0000000000000,00
246000303	 0000000000000,00	 0000000000000,00	 0000000000000,00	 0000000000000,00
246000304	 0000000000000,00	 0000000000000,00	 0000000000000,00	 0000000000000,00
246000305	 0000000000000,00	 0000000000000,00	 0000000000000,00	 0000000000000,00
246000390	 0000000000000,00	 0000000000000,00	 0000000000000,00	 0000000000000,00
250000000	 0000466461476,00	 0074397514983,00	 0000082068394,00	 0028736173059,00
255000000	 0000000000000,00	 0960220790345,00	 0000000000000,00	 0189246395725,00
255000100	 0000000000000,00	 0960220790345,00	 0000000000000,00	 0189246395725,00
255000101	 0000000000000,00	 0000000000000,00	 0000000000000,00	 0000000000000,00
255000102	 0000000000000,00	 0960220790345,00	 0000000000000,00	 0189246395725,00
255000200	 0000000000000,00	 0000000000000,00	 0000000000000,00	 0000000000000,00
255000300	 0000000000000,00	 0000000000000,00	 0000000000000,00	 0000000000000,00
260000000	 0075531532523,00	 0000000000000,00	 0000000000000,00	 0062505212544,00
260000100	 0050380435811,00	 0000000000000,00	 0000000000000,00	 0056602918589,00
260000101	 0043669717486,00	 0000000000000,00	 0000000000000,00	 0007654192630,00
260000102	 0000000000000,00	 0000000000000,00	 0000000000000,00	 0000000000000,00
260000103	 0003277443941,00	 0000000000000,00	 0000000000000,00	 0013394299029,00
260000104	 0000927238587,00	 0000000000000,00	 0000000000000,00	 0004577358613,00
260000105	 0000000000000,00	 0000000000000,00	 0000000000000,00	 0000000000000,00
260000106	 0000000000000,00	 0000000000000,00	 0000000000000,00	 0000000000000,00
260000107	 0000000000000,00	 0000000000000,00	 0000000000000,00	 0025964072980,00
260000109	 0002506035797,00	 0000000000000,00	 0000000000000,00	 0005012995337,00
260000200	 0000000000000,00	 0000000000000,00	 0000000000000,00	 0000000000000,00
260000300	 0009283792495,00	 0000000000000,00	 0000000000000,00	 0000000000000,00
260000400	 0000239791689,00	 0000000000000,00	 0000000000000,00	 0001839334294,00
260000500	 0015111911734,00	 0000000000000,00	 0000000000000,00	 0001742663705,00
260000600	 0000000000000,00	 0000000000000,00	 0000000000000,00	 0000000000000,00
260000900	 0000515600794,00	 0000000000000,00	 0000000000000,00	 0002320295956,00
265000000	 0104668512148,00	 0000000000000,00	 0000000000000,00	 0000000000000,00
265000100	 0104668512148,00	 0000000000000,00	 0000000000000,00	 0000000000000,00
265000101	 0104668512148,00	 0000000000000,00	 0000000000000,00	 0000000000000,00
265000102	 0000000000000,00	 0000000000000,00	 0000000000000,00	 0000000000000,00
265000200	 0000000000000,00	 0000000000000,00	 0000000000000,00	 0000000000000,00
265000300	 0000000000000,00	 0000000000000,00	 0000000000000,00	 0000000000000,00
270000000	 0127648767017,00	 0000000000000,00	 0000000000000,00	 0056322003508,00
271000000	 0013613852815,00	 0000000000000,00	 0000000000000,00	 0025847984036,00
271000100	 0000137787394,00	 0000000000000,00	 0000000000000,00	 0011167296368,00
271000200	 0000445786133,00	 0000000000000,00	 0000000000000,00	 0000486590735,00
271000400	 0010605168718,00	 0000000000000,00	 0000000000000,00	 0002721064208,00
271000500	 0000000000000,00	 0000000000000,00	 0000000000000,00	 0000000000000,00
271000501	 0000000000000,00	 0000000000000,00	 0000000000000,00	 0000000000000,00
271000502	 0000000000000,00	 0000000000000,00	 0000000000000,00	 0000000000000,00
271000503	 0000000000000,00	 0000000000000,00	 0000000000000,00	 0000000000000,00
271000504	 0000000000000,00	 0000000000000,00	 0000000000000,00	 0000000000000,00
271000505	 0000000000000,00	 0000000000000,00	 0000000000000,00	 0000000000000,00
271000600	 0000420043654,00	 0000000000000,00	 0000000000000,00	 0003846868714,00
271000601	 0000420043654,00	 0000000000000,00	 0000000000000,00	 0000000000000,00
271000602	 0000000000000,00	 0000000000000,00	 0000000000000,00	 0003846868714,00
271000700	 0002005066916,00	 0000000000000,00	 0000000000000,00	 0007159615973,00
271000701	 0000796634997,00	 0000000000000,00	 0000000000000,00	 0000246728589,00
271000702	 0000004487491,00	 0000000000000,00	 0000000000000,00	 0000673630897,00
271000703	 0001125385664,00	 0000000000000,00	 0000000000000,00	 0000188513766,00
271000704	 0000078558764,00	 0000000000000,00	 0000000000000,00	 0006050742721,00
271000705	 0000000000000,00	 0000000000000,00	 0000000000000,00	 0000000000000,00
271000800	 0000000000000,00	 0000000000000,00	 0000000000000,00	 0000063397856,00
271000900	 0000000000000,00	 0000000000000,00	 0000000000000,00	 0000403150182,00
272000000	 0001655914202,00	 0000000000000,00	 0000000000000,00	 0003688819472,00
273000000	 0000000000000,00	 0000000000000,00	 0000000000000,00	 0000000000000,00
274000000	 0112379000000,00	 0000000000000,00	 0000000000000,00	 0026785200000,00
274000100	 0072268000000,00	 0000000000000,00	 0000000000000,00	 0010914000000,00
274000200	 0012022000000,00	 0000000000000,00	 0000000000000,00	 0000000000000,00
274000300	 0028089000000,00	 0000000000000,00	 0000000000000,00	 0015871200000,00
275000000	 0000000000000,00	 0000000000000,00	 0000000000000,00	 0000000000000,00
275000100	 0000000000000,00	 0000000000000,00	 0000000000000,00	 0000000000000,00
275000200	 0000000000000,00	 0000000000000,00	 0000000000000,00	 0000000000000,00
275000300	 0000000000000,00	 0000000000000,00	 0000000000000,00	 0000000000000,00
275000400	 0000000000000,00	 0000000000000,00	 0000000000000,00	 0000000000000,00
275000500	 0000000000000,00	 0000000000000,00	 0000000000000,00	 0000000000000,00
275000600	 0000000000000,00	 0000000000000,00	 0000000000000,00	 0000000000000,00
279000000	 0000000000000,00	 0000000000000,00	 0000000000000,00	 0000000000000,00
279000100	 0000000000000,00	 0000000000000,00	 0000000000000,00	 0000000000000,00
279000200	 0000000000000,00	 0000000000000,00	 0000000000000,00	 0000000000000,00
279000300	 0000000000000,00	 0000000000000,00	 0000000000000,00	 0000000000000,00
280000000	 0000232336664,00	 0000000000000,00	 0000000000000,00	 0000800790314,00
285000000	 0000000000000,00	 0000000000000,00	 0000000000000,00	 0010731876993,00
290000000	 0314199152680,00	 0202647174265,00	 0000000000000,00	 0239885690190,00
290000100	 0002190000000,00	 0000000000000,00	 0000000000000,00	 0156817706613,00
290000101	 0000000000000,00	 0000000000000,00	 0000000000000,00	 0000000000000,00
290000102	 0002190000000,00	 0000000000000,00	 0000000000000,00	 0000000000000,00
290000103	 0000000000000,00	 0000000000000,00	 0000000000000,00	 0117651742907,00
290000104	 0000000000000,00	 0000000000000,00	 0000000000000,00	 0039165963706,00
290000200	 0109553978848,00	 0000000000000,00	 0000000000000,00	 0000000000000,00
290000201	 0106681078518,00	 0000000000000,00	 0000000000000,00	 0000000000000,00
290000202	 0002872900330,00	 0000000000000,00	 0000000000000,00	 0000000000000,00
290000203	 0000000000000,00	 0000000000000,00	 0000000000000,00	 0000000000000,00
290000300	 0103743810541,00	 0202647174265,00	 0000000000000,00	 0034370405406,00
290000301	 0000691943262,00	 0000000000000,00	 0000000000000,00	 0000000000000,00
290000302	 0003264062172,00	 0000000000000,00	 0000000000000,00	 0000000000000,00
290000303	 0000000000000,00	 0000000000000,00	 0000000000000,00	 0000000000000,00
290000304	 0000000000000,00	 0000000000000,00	 0000000000000,00	 0000000000000,00
290000305	 0000000000000,00	 0000000000000,00	 0000000000000,00	 0000000000000,00
290000306	 0010457205391,00	 0000000000000,00	 0000000000000,00	 0000000000000,00
290000307	 0012056971049,00	 0000000000000,00	 0000000000000,00	 0000041651756,00
290000308	 0054245319630,00	 0000000000000,00	 0000000000000,00	 0006559091696,00
290000309	 0000000000000,00	 0000000000000,00	 0000000000000,00	 0000000000000,00
290000390	 0023028309037,00	 0202647174265,00	 0000000000000,00	 0027769661954,00
290000400	 0000000000000,00	 0000000000000,00	 0000000000000,00	 0000000000000,00
290000500	 0000074340217,00	 0000000000000,00	 0000000000000,00	 0000164889996,00
290000501	 0000074340217,00	 0000000000000,00	 0000000000000,00	 0000164889996,00
290000502	 0000000000000,00	 0000000000000,00	 0000000000000,00	 0000000000000,00
290000700	 0000000000000,00	 0000000000000,00	 0000000000000,00	 0000000000000,00
290000800	 0044082581136,00	 0000000000000,00	 0000000000000,00	 0008066551924,00
290000801	 0000000000000,00	 0000000000000,00	 0000000000000,00	 0000000000000,00
290000802	 0000000000000,00	 0000000000000,00	 0000000000000,00	 0000000000000,00
290000803	 0000000000000,00	 0000000000000,00	 0000000000000,00	 0000000000000,00
290000809	 0044082581136,00	 0000000000000,00	 0000000000000,00	 0008066551924,00
290000900	 0008221574282,00	 0000000000000,00	 0000000000000,00	 0000142506530,00
290001000	 0000059318786,00	 0000000000000,00	 0000000000000,00	 0000000000000,00
290001100	 0020538235031,00	 0000000000000,00	 0000000000000,00	 0002309279069,00
290001200	 0025735313839,00	 0000000000000,00	 0000000000000,00	 0038014350652,00
295000000	 0000000000000,00	 0000000000000,00	 0000000000000,00	 0000000000000,00
300000000	 3008735634865,00	 0072394315309,00	 0000009951833,00	 0027855714750,00
310000000	 2688051699646,00	 0000000000000,00	 0000000000000,00	 0000000000000,00
311000000	 2688051699646,00	 0000000000000,00	 0000000000000,00	 0000000000000,00
311000100	 2688051699646,00	 0000000000000,00	 0000000000000,00	 0000000000000,00
311000200	 0000000000000,00	 0000000000000,00	 0000000000000,00	 0000000000000,00
311000300	 0000000000000,00	 0000000000000,00	 0000000000000,00	 0000000000000,00
311000400	 0000000000000,00	 0000000000000,00	 0000000000000,00	 0000000000000,00
311000500	 0000000000000,00	 0000000000000,00	 0000000000000,00	 0000000000000,00
311000600	 0000000000000,00	 0000000000000,00	 0000000000000,00	 0000000000000,00
312000000	 0000000000000,00	 0000000000000,00	 0000000000000,00	 0000000000000,00
313000000	 0000000000000,00	 0000000000000,00	 0000000000000,00	 0000000000000,00
320000000	 0251932948512,00	 0000000000000,00	 0000000000000,00	 0000000000000,00
320000100	 0251932948512,00	 0000000000000,00	 0000000000000,00	 0000000000000,00
320000200	 0000000000000,00	 0000000000000,00	 0000000000000,00	 0000000000000,00
320000300	 0000000000000,00	 0000000000000,00	 0000000000000,00	 0000000000000,00
320000400	 0000000000000,00	 0000000000000,00	 0000000000000,00	 0000000000000,00
330000000	-0084653090896,00	 0000000000000,00	 0000000000000,00	 0005974873975,00
331000000	 0000443436996,00	 0000000000000,00	 0000000000000,00	-0001792339156,00
331000100	 0000000000000,00	 0000000000000,00	 0000000000000,00	-0003497549138,00
331000200	 0000443436996,00	 0000000000000,00	 0000000000000,00	 0001705209982,00
331000201	 0000443436996,00	 0000000000000,00	 0000000000000,00	 0001705209982,00
331000202	 0000000000000,00	 0000000000000,00	 0000000000000,00	 0000000000000,00
331000203	 0000000000000,00	 0000000000000,00	 0000000000000,00	 0000000000000,00
331000209	 0000000000000,00	 0000000000000,00	 0000000000000,00	 0000000000000,00
331000300	 0000000000000,00	 0000000000000,00	 0000000000000,00	 0000000000000,00
331000400	 0000000000000,00	 0000000000000,00	 0000000000000,00	 0000000000000,00
331000500	 0000000000000,00	 0000000000000,00	 0000000000000,00	 0000000000000,00
331000900	 0000000000000,00	 0000000000000,00	 0000000000000,00	 0000000000000,00
332000000	-0085096527892,00	 0000000000000,00	 0000000000000,00	 0007767213131,00
332000100	-0021998841147,00	 0000000000000,00	 0000000000000,00	-0005868314827,00
332000200	-0031654614063,00	 0000000000000,00	 0000000000000,00	 0024549686758,00
332000300	-0018079631463,00	 0000000000000,00	 0000000000000,00	-0012871546394,00
332000400	-0013361652345,00	 0000000000000,00	 0000000000000,00	 0001940544555,00
332000500	 0000000000000,00	 0000000000000,00	 0000000000000,00	 0000000000000,00
332000600	-0000001788874,00	 0000000000000,00	 0000000000000,00	 0000000000000,00
332000700	 0000000000000,00	 0000000000000,00	 0000000000000,00	 0000000000000,00
332000900	 0000000000000,00	 0000000000000,00	 0000000000000,00	 0000016843039,00
340000000	 0277806231781,00	 0000000000000,00	 0000000000000,00	 0000000000000,00
340000100	 0000000000000,00	 0000000000000,00	 0000000000000,00	 0000000000000,00
340000200	 0277806231781,00	 0000000000000,00	 0000000000000,00	 0000000000000,00
350000000	-0021777792936,00	 0072394315309,00	 0000009951833,00	 0020462334507,00
360000000	-0104668512148,00	 0000000000000,00	 0000000000000,00	 0000000000000,00
360000100	-0104668512148,00	 0000000000000,00	 0000000000000,00	 0000000000000,00
360000101	-0104668512148,00	 0000000000000,00	 0000000000000,00	 0000000000000,00
360000102	 0000000000000,00	 0000000000000,00	 0000000000000,00	 0000000000000,00
360000200	 0000000000000,00	 0000000000000,00	 0000000000000,00	 0000000000000,00
360000300	 0000000000000,00	 0000000000000,00	 0000000000000,00	 0000000000000,00
365000000	 0000000000000,00	 0000000000000,00	 0000000000000,00	 0000000000000,00
380000000	 3006691483959,00	 0072394315309,00	 0000009951833,00	 0026437208482,00
390000000	 0002044150906,00	 0000000000000,00	 0000000000000,00	 0001418506268,00
500000000	 6773326786825,00	 10110189003776,00	 0000000000000,00	 7870635525126,00
505000000	 6773326786825,00	 10110189003776,00	 0000000000000,00	 7870635525126,00
510000000	 19996726555347,00	 6351183162192,00	 0000093210532,00	 10540621587667,00
