051	BANCO FALABELLA
100000000	005896915079852	000899028754298	000000000000000	000247056900161
105000000	000499414922336	000000000000000	000000000000000	000020101810003
105000100	000090643951095	000000000000000	000000000000000	000002515473027
105000101	000037058390095	000000000000000	000000000000000	000002496143627
105000102	000053585561000	000000000000000	000000000000000	000000019329400
105000103	000000000000000	000000000000000	000000000000000	000000000000000
105000200	000405040079009	000000000000000	000000000000000	000001253407801
105000201	000405040079009	000000000000000	000000000000000	000001253407801
105000202	000000000000000	000000000000000	000000000000000	000000000000000
105000209	000000000000000	000000000000000	000000000000000	000000000000000
105000300	000000000000000	000000000000000	000000000000000	000000000000000
105000301	000000000000000	000000000000000	000000000000000	000000000000000
105000302	000000000000000	000000000000000	000000000000000	000000000000000
105000309	000000000000000	000000000000000	000000000000000	000000000000000
105000400	000003730892232	000000000000000	000000000000000	000000738519778
105000500	000000000000000	000000000000000	000000000000000	000015594409397
107000000	000027924841386	000000000000000	000000000000000	000058050306300
107000100	000006001044651	000000000000000	000000000000000	000000000000000
107000101	000000050457417	000000000000000	000000000000000	000000000000000
107000102	000005950587234	000000000000000	000000000000000	000000000000000
107000103	000000000000000	000000000000000	000000000000000	000000000000000
107000200	000000004286595	000000000000000	000000000000000	000000000000000
107000201	000000000000000	000000000000000	000000000000000	000000000000000
107000202	000000004286595	000000000000000	000000000000000	000000000000000
107000300	000007067366700	000000000000000	000000000000000	000011655628200
107000400	000014852143440	000000000000000	000000000000000	000046394678100
107000401	000010925197690	000000000000000	000000000000000	000000000000000
107000409	000000000000000	000000000000000	000000000000000	000044646081650
107000411	000003926945750	000000000000000	000000000000000	000000000000000
107000419	000000000000000	000000000000000	000000000000000	000001748596450
110000000	000880967628125	000000000000000	000000000000000	000148463914364
111000100	000441949012132	000000000000000	000000000000000	000148463914364
111000101	000119437818549	000000000000000	000000000000000	000000000000000
111000102	000322511193583	000000000000000	000000000000000	000148463914364
111000103	000000000000000	000000000000000	000000000000000	000000000000000
111000104	000000000000000	000000000000000	000000000000000	000000000000000
111000105	000000000000000	000000000000000	000000000000000	000000000000000
111000109	000000000000000	000000000000000	000000000000000	000000000000000
112000000	000088116788899	000000000000000	000000000000000	000000000000000
112000100	000088116788899	000000000000000	000000000000000	000000000000000
112000101	000000000000000	000000000000000	000000000000000	000000000000000
112000102	000088116788899	000000000000000	000000000000000	000000000000000
112000109	000000000000000	000000000000000	000000000000000	000000000000000
112000200	000000000000000	000000000000000	000000000000000	000000000000000
112000201	000000000000000	000000000000000	000000000000000	000000000000000
112000202	000000000000000	000000000000000	000000000000000	000000000000000
112000209	000000000000000	000000000000000	000000000000000	000000000000000
112000300	000000000000000	000000000000000	000000000000000	000000000000000
112000301	000000000000000	000000000000000	000000000000000	000000000000000
112000302	000000000000000	000000000000000	000000000000000	000000000000000
112000303	000000000000000	000000000000000	000000000000000	000000000000000
112000304	000000000000000	000000000000000	000000000000000	000000000000000
112000309	000000000000000	000000000000000	000000000000000	000000000000000
113000000	000350901827094	000000000000000	000000000000000	000000000000000
113000100	000350000000032	000000000000000	000000000000000	000000000000000
113000101	000000000000000	000000000000000	000000000000000	000000000000000
113000102	000350000000032	000000000000000	000000000000000	000000000000000
113000200	000000901827062	000000000000000	000000000000000	000000000000000
113000201	000000901827062	000000000000000	000000000000000	000000000000000
113000202	000000000000000	000000000000000	000000000000000	000000000000000
113000300	000000000000000	000000000000000	000000000000000	000000000000000
113000301	000000000000000	000000000000000	000000000000000	000000000000000
113000302	000000000000000	000000000000000	000000000000000	000000000000000
113000303	000000000000000	000000000000000	000000000000000	000000000000000
113000304	000000000000000	000000000000000	000000000000000	000000000000000
113000400	000000000000000	000000000000000	000000000000000	000000000000000
115000000	000000000000000	000000000000000	000000000000000	000000000000000
115250000	000000000000000	000000000000000	000000000000000	000000000000000
115250100	000000000000000	000000000000000	000000000000000	000000000000000
115250101	000000000000000	000000000000000	000000000000000	000000000000000
115250102	000000000000000	000000000000000	000000000000000	000000000000000
115250109	000000000000000	000000000000000	000000000000000	000000000000000
115250200	000000000000000	000000000000000	000000000000000	000000000000000
115250201	000000000000000	000000000000000	000000000000000	000000000000000
115250202	000000000000000	000000000000000	000000000000000	000000000000000
115250209	000000000000000	000000000000000	000000000000000	000000000000000
115250300	000000000000000	000000000000000	000000000000000	000000000000000
115250301	000000000000000	000000000000000	000000000000000	000000000000000
115250302	000000000000000	000000000000000	000000000000000	000000000000000
115250303	000000000000000	000000000000000	000000000000000	000000000000000
115250304	000000000000000	000000000000000	000000000000000	000000000000000
115250309	000000000000000	000000000000000	000000000000000	000000000000000
115500000	000000000000000	000000000000000	000000000000000	000000000000000
115500100	000000000000000	000000000000000	000000000000000	000000000000000
115500101	000000000000000	000000000000000	000000000000000	000000000000000
115500102	000000000000000	000000000000000	000000000000000	000000000000000
115500300	000000000000000	000000000000000	000000000000000	000000000000000
115500301	000000000000000	000000000000000	000000000000000	000000000000000
115500302	000000000000000	000000000000000	000000000000000	000000000000000
115500303	000000000000000	000000000000000	000000000000000	000000000000000
115500304	000000000000000	000000000000000	000000000000000	000000000000000
115500400	000000000000000	000000000000000	000000000000000	000000000000000
118000000	000000000000000	000000000000000	000000000000000	000000000000000
118250000	000000000000000	000000000000000	000000000000000	000000000000000
118250100	000000000000000	000000000000000	000000000000000	000000000000000
118250101	000000000000000	000000000000000	000000000000000	000000000000000
118250102	000000000000000	000000000000000	000000000000000	000000000000000
118250109	000000000000000	000000000000000	000000000000000	000000000000000
118250200	000000000000000	000000000000000	000000000000000	000000000000000
118250201	000000000000000	000000000000000	000000000000000	000000000000000
118250202	000000000000000	000000000000000	000000000000000	000000000000000
118250209	000000000000000	000000000000000	000000000000000	000000000000000
118250300	000000000000000	000000000000000	000000000000000	000000000000000
118250301	000000000000000	000000000000000	000000000000000	000000000000000
118250302	000000000000000	000000000000000	000000000000000	000000000000000
118250303	000000000000000	000000000000000	000000000000000	000000000000000
118250304	000000000000000	000000000000000	000000000000000	000000000000000
118250309	000000000000000	000000000000000	000000000000000	000000000000000
118500000	000000000000000	000000000000000	000000000000000	000000000000000
118500300	000000000000000	000000000000000	000000000000000	000000000000000
118500301	000000000000000	000000000000000	000000000000000	000000000000000
118500302	000000000000000	000000000000000	000000000000000	000000000000000
118500303	000000000000000	000000000000000	000000000000000	000000000000000
118500304	000000000000000	000000000000000	000000000000000	000000000000000
118500400	000000000000000	000000000000000	000000000000000	000000000000000
120000000	000652030835597	000118607297065	000000000000000	000000000000000
122000000	000652030835597	000118607297065	000000000000000	000000000000000
122000100	000477354733759	000048011071665	000000000000000	000000000000000
122000101	000355436617344	000000000000000	000000000000000	000000000000000
122000102	000121918116415	000048011071665	000000000000000	000000000000000
122000109	000000000000000	000000000000000	000000000000000	000000000000000
122000200	000174676101838	000070596225400	000000000000000	000000000000000
122000201	000174676101838	000070596225400	000000000000000	000000000000000
122000202	000000000000000	000000000000000	000000000000000	000000000000000
122000209	000000000000000	000000000000000	000000000000000	000000000000000
122000300	000000000000000	000000000000000	000000000000000	000000000000000
122000301	000000000000000	000000000000000	000000000000000	000000000000000
122000302	000000000000000	000000000000000	000000000000000	000000000000000
122000303	000000000000000	000000000000000	000000000000000	000000000000000
122000304	000000000000000	000000000000000	000000000000000	000000000000000
122000309	000000000000000	000000000000000	000000000000000	000000000000000
123000000	000000000000000	000000000000000	000000000000000	000000000000000
123000300	000000000000000	000000000000000	000000000000000	000000000000000
123000301	000000000000000	000000000000000	000000000000000	000000000000000
123000302	000000000000000	000000000000000	000000000000000	000000000000000
123000303	000000000000000	000000000000000	000000000000000	000000000000000
123000304	000000000000000	000000000000000	000000000000000	000000000000000
123000400	000000000000000	000000000000000	000000000000000	000000000000000
130000000	000000002540968	000000000000000	000000000000000	000000000000000
130000100	000000002540968	000000000000000	000000000000000	000000000000000
130000101	000000002540968	000000000000000	000000000000000	000000000000000
130000102	000000000000000	000000000000000	000000000000000	000000000000000
130000103	000000000000000	000000000000000	000000000000000	000000000000000
130000104	000000000000000	000000000000000	000000000000000	000000000000000
130000105	000000000000000	000000000000000	000000000000000	000000000000000
130000190	000000000000000	000000000000000	000000000000000	000000000000000
140000000	003462537152391	000780418158832	000000000000000	000000000000000
141000000	000036526303661	000000000000000	000000000000000	000000000000000
141000100	000000000000000	000000000000000	000000000000000	000000000000000
141000101	000000000000000	000000000000000	000000000000000	000000000000000
141000102	000000000000000	000000000000000	000000000000000	000000000000000
141000103	000000000000000	000000000000000	000000000000000	000000000000000
141000200	000000000000000	000000000000000	000000000000000	000000000000000
141000201	000000000000000	000000000000000	000000000000000	000000000000000
141000202	000000000000000	000000000000000	000000000000000	000000000000000
141000203	000000000000000	000000000000000	000000000000000	000000000000000
141000300	000036526303661	000000000000000	000000000000000	000000000000000
141000301	000036526303661	000000000000000	000000000000000	000000000000000
141000302	000000000000000	000000000000000	000000000000000	000000000000000
141000400	000000000000000	000000000000000	000000000000000	000000000000000
141000401	000000000000000	000000000000000	000000000000000	000000000000000
141000402	000000000000000	000000000000000	000000000000000	000000000000000
141000900	000000000000000	000000000000000	000000000000000	000000000000000
141000901	000000000000000	000000000000000	000000000000000	000000000000000
141000902	000000000000000	000000000000000	000000000000000	000000000000000
141000903	000000000000000	000000000000000	000000000000000	000000000000000
141500000	000000963573035	000036478012079	000000000000000	000000000000000
141500100	000000963573035	000030218625357	000000000000000	000000000000000
141500101	000000000000000	000000000000000	000000000000000	000000000000000
141500102	000000963573035	000030218625357	000000000000000	000000000000000
141500109	000000000000000	000000000000000	000000000000000	000000000000000
141500200	000000000000000	000006260598573	000000000000000	000000000000000
141500201	000000000000000	000006260598573	000000000000000	000000000000000
141500202	000000000000000	000000000000000	000000000000000	000000000000000
141500209	000000000000000	000000000000000	000000000000000	000000000000000
141500300	000000000000000	000000000000000	000000000000000	000000000000000
141500301	000000000000000	000000000000000	000000000000000	000000000000000
141500302	000000000000000	000000000000000	000000000000000	000000000000000
141500303	000000000000000	000000000000000	000000000000000	000000000000000
141500304	000000000000000	000000000000000	000000000000000	000000000000000
141500309	000000000000000	000000000000000	000000000000000	000000000000000
141500900	000000000000000	-00000001211851	000000000000000	000000000000000
141500901	000000000000000	-00000001211851	000000000000000	000000000000000
141500902	000000000000000	000000000000000	000000000000000	000000000000000
141500903	000000000000000	000000000000000	000000000000000	000000000000000
143000000	000002006098603	000000000000000	000000000000000	000000000000000
143100100	000000000000000	000000000000000	000000000000000	000000000000000
143100101	000000000000000	000000000000000	000000000000000	000000000000000
143100102	000000000000000	000000000000000	000000000000000	000000000000000
143100103	000000000000000	000000000000000	000000000000000	000000000000000
143100104	000000000000000	000000000000000	000000000000000	000000000000000
143100105	000000000000000	000000000000000	000000000000000	000000000000000
143100106	000000000000000	000000000000000	000000000000000	000000000000000
143100107	000000000000000	000000000000000	000000000000000	000000000000000
143100190	000000000000000	000000000000000	000000000000000	000000000000000
143150100	000000000000000	000000000000000	000000000000000	000000000000000
143150101	000000000000000	000000000000000	000000000000000	000000000000000
143150102	000000000000000	000000000000000	000000000000000	000000000000000
143150103	000000000000000	000000000000000	000000000000000	000000000000000
143200100	000000000000000	000000000000000	000000000000000	000000000000000
143200101	000000000000000	000000000000000	000000000000000	000000000000000
143200102	000000000000000	000000000000000	000000000000000	000000000000000
143200103	000000000000000	000000000000000	000000000000000	000000000000000
143200104	000000000000000	000000000000000	000000000000000	000000000000000
143200105	000000000000000	000000000000000	000000000000000	000000000000000
143200106	000000000000000	000000000000000	000000000000000	000000000000000
143200107	000000000000000	000000000000000	000000000000000	000000000000000
143200108	000000000000000	000000000000000	000000000000000	000000000000000
143200190	000000000000000	000000000000000	000000000000000	000000000000000
143250100	000000000000000	000000000000000	000000000000000	000000000000000
143250101	000000000000000	000000000000000	000000000000000	000000000000000
143250102	000000000000000	000000000000000	000000000000000	000000000000000
143250103	000000000000000	000000000000000	000000000000000	000000000000000
143300100	000002006098603	000000000000000	000000000000000	000000000000000
143300101	000002006098603	000000000000000	000000000000000	000000000000000
143300102	000000000000000	000000000000000	000000000000000	000000000000000
143300103	000000000000000	000000000000000	000000000000000	000000000000000
143400100	000000000000000	000000000000000	000000000000000	000000000000000
143400101	000000000000000	000000000000000	000000000000000	000000000000000
143400102	000000000000000	000000000000000	000000000000000	000000000000000
143400103	000000000000000	000000000000000	000000000000000	000000000000000
144000000	003423041177092	000743940146753	000000000000000	000000000000000
145000000	000016657103689	000057145962023	000000000000000	000000000000000
145400100	000016087843511	000017152706158	000000000000000	000000000000000
145400101	000016074330997	000000096020599	000000000000000	000000000000000
145400102	000000000000000	000000000000000	000000000000000	000000000000000
145400103	000000000000000	000000000000000	000000000000000	000000000000000
145400104	000000000017430	000000132731377	000000000000000	000000000000000
145400105	000000011753722	000001392784872	000000000000000	000000000000000
145400106	000000001741362	000015531169310	000000000000000	000000000000000
145400200	000000000000000	000000000000000	000000000000000	000000000000000
145400201	000000000000000	000000000000000	000000000000000	000000000000000
145400202	000000000000000	000000000000000	000000000000000	000000000000000
145400203	000000000000000	000000000000000	000000000000000	000000000000000
145400204	000000000000000	000000000000000	000000000000000	000000000000000
145400205	000000000000000	000000000000000	000000000000000	000000000000000
145400290	000000000000000	000000000000000	000000000000000	000000000000000
145400300	000000569260178	000000000000000	000000000000000	000000000000000
145400400	000000000000000	000000000000000	000000000000000	000000000000000
145400401	000000000000000	000000000000000	000000000000000	000000000000000
145400402	000000000000000	000000000000000	000000000000000	000000000000000
145400500	000000000000000	000000000000000	000000000000000	000000000000000
145400501	000000000000000	000000000000000	000000000000000	000000000000000
145400502	000000000000000	000000000000000	000000000000000	000000000000000
145400600	000000000000000	000000000000000	000000000000000	000000000000000
145400601	000000000000000	000000000000000	000000000000000	000000000000000
145400602	000000000000000	000000000000000	000000000000000	000000000000000
145400700	000000000000000	000039993255865	000000000000000	000000000000000
145400701	000000000000000	000039991152224	000000000000000	000000000000000
145400702	000000000000000	000000000375435	000000000000000	000000000000000
145400703	000000000000000	000000001728206	000000000000000	000000000000000
145400900	000000000000000	000000000000000	000000000000000	000000000000000
145400901	000000000000000	000000000000000	000000000000000	000000000000000
145400902	000000000000000	000000000000000	000000000000000	000000000000000
145400990	000000000000000	000000000000000	000000000000000	000000000000000
146000000	000000171192588	000686794184730	000000000000000	000000000000000
146000100	000000013477122	000038122473952	000000000000000	000000000000000
146000200	000000023500205	000058313776372	000000000000000	000000000000000
146000300	000000000000000	000000000000000	000000000000000	000000000000000
146000400	000000123914892	000576715546217	000000000000000	000000000000000
146000401	000000123914892	000576715546217	000000000000000	000000000000000
146000402	000000000000000	000000000000000	000000000000000	000000000000000
146000500	000000000000000	000000000000000	000000000000000	000000000000000
146000900	000000010300369	000013642388189	000000000000000	000000000000000
146000901	000000010300369	000013642388189	000000000000000	000000000000000
146000902	000000000000000	000000000000000	000000000000000	000000000000000
146000903	000000000000000	000000000000000	000000000000000	000000000000000
146000909	000000000000000	000000000000000	000000000000000	000000000000000
148000000	003687643785218	000000000000000	000000000000000	000000000000000
148000100	000771233566690	000000000000000	000000000000000	000000000000000
148000200	000067365935772	000000000000000	000000000000000	000000000000000
148000300	002849044282756	000000000000000	000000000000000	000000000000000
148000301	001511624562125	000000000000000	000000000000000	000000000000000
148000302	001337419720631	000000000000000	000000000000000	000000000000000
148000400	000000000000000	000000000000000	000000000000000	000000000000000
148000900	000000000000000	000000000000000	000000000000000	000000000000000
148000901	000000000000000	000000000000000	000000000000000	000000000000000
148000902	000000000000000	000000000000000	000000000000000	000000000000000
149000000	-00281430904403	000000000000000	000000000000000	000000000000000
149500100	-00003266626410	000000000000000	000000000000000	000000000000000
149500101	000000000000000	000000000000000	000000000000000	000000000000000
149500102	000000000000000	000000000000000	000000000000000	000000000000000
149500103	000000000000000	000000000000000	000000000000000	000000000000000
149500104	-00000994709025	000000000000000	000000000000000	000000000000000
149500105	-00002271917385	000000000000000	000000000000000	000000000000000
149500109	000000000000000	000000000000000	000000000000000	000000000000000
149600100	-00003479714294	000000000000000	000000000000000	000000000000000
149600101	-00001382174466	000000000000000	000000000000000	000000000000000
149600102	-00002097539828	000000000000000	000000000000000	000000000000000
149700100	-00274684563699	000000000000000	000000000000000	000000000000000
149700101	-00176090553968	000000000000000	000000000000000	000000000000000
149700102	-00098594009731	000000000000000	000000000000000	000000000000000
150000000	000000366141113	000000000000000	000000000000000	000000000000000
150000100	000000000000000	000000000000000	000000000000000	000000000000000
150000200	000000000000000	000000000000000	000000000000000	000000000000000
150000201	000000000000000	000000000000000	000000000000000	000000000000000
150000202	000000000000000	000000000000000	000000000000000	000000000000000
150000300	000000000000000	000000000000000	000000000000000	000000000000000
150000400	000000000000000	000000000000000	000000000000000	000000000000000
150000500	000000000000000	000000000000000	000000000000000	000000000000000
150000600	000000000000000	000000000000000	000000000000000	000000000000000
150000700	000000330586437	000000000000000	000000000000000	000000000000000
150000800	000000035554676	000000000000000	000000000000000	000000000000000
160000000	000029766712190	000000000000000	000000000000000	000000000000000
160000100	000000000000000	000000000000000	000000000000000	000000000000000
160000200	000000000000000	000000000000000	000000000000000	000000000000000
160000201	000000000000000	000000000000000	000000000000000	000000000000000
160000202	000000000000000	000000000000000	000000000000000	000000000000000
160000203	000000000000000	000000000000000	000000000000000	000000000000000
160000204	000000000000000	000000000000000	000000000000000	000000000000000
160000205	000000000000000	000000000000000	000000000000000	000000000000000
160000206	000000000000000	000000000000000	000000000000000	000000000000000
160000207	000000000000000	000000000000000	000000000000000	000000000000000
160000208	000000000000000	000000000000000	000000000000000	000000000000000
160000209	000000000000000	000000000000000	000000000000000	000000000000000
160000219	000000000000000	000000000000000	000000000000000	000000000000000
160000300	000029766712190	000000000000000	000000000000000	000000000000000
160000301	000047279515232	000000000000000	000000000000000	000000000000000
160000302	000060130126205	000000000000000	000000000000000	000000000000000
160000303	000000000000000	000000000000000	000000000000000	000000000000000
160000309	000000000000000	000000000000000	000000000000000	000000000000000
160000319	-00077642929247	000000000000000	000000000000000	000000000000000
170000000	000006227248273	000000000000000	000000000000000	000000000000000
170000100	000000173910485	000000000000000	000000000000000	000000000000000
170000101	000000322977658	000000000000000	000000000000000	000000000000000
170000102	000000173910484	000000000000000	000000000000000	000000000000000
170000119	-00000322977657	000000000000000	000000000000000	000000000000000
170000200	000006053337788	000000000000000	000000000000000	000000000000000
170000201	000036445892431	000000000000000	000000000000000	000000000000000
170000209	000005072307214	000000000000000	000000000000000	000000000000000
170000219	-00035464861857	000000000000000	000000000000000	000000000000000
175000000	000024464714609	000000000000000	000000000000000	000000000000000
175000100	000014577895355	000000000000000	000000000000000	000000000000000
175000101	000054396206000	000000000000000	000000000000000	000000000000000
175000102	000000000000000	000000000000000	000000000000000	000000000000000
175000119	-00039818310645	000000000000000	000000000000000	000000000000000
175000200	000009886819254	000000000000000	000000000000000	000000000000000
175000201	000028428961103	000000000000000	000000000000000	000000000000000
175000219	-00018542141849	000000000000000	000000000000000	000000000000000
175000300	000000000000000	000000000000000	000000000000000	000000000000000
175000301	000000000000000	000000000000000	000000000000000	000000000000000
175000309	000000000000000	000000000000000	000000000000000	000000000000000
175000319	000000000000000	000000000000000	000000000000000	000000000000000
175000400	000000000000000	000000000000000	000000000000000	000000000000000
175000401	000000000000000	000000000000000	000000000000000	000000000000000
175000409	000000000000000	000000000000000	000000000000000	000000000000000
175000419	000000000000000	000000000000000	000000000000000	000000000000000
180000000	000000783391809	000000000000000	000000000000000	000000000000000
185000000	000085854273793	000000000000000	000000000000000	000000000000000
190000000	000226574677262	000000003298401	000000000000000	000020440869494
190000100	000000000000000	000000000000000	000000000000000	000000000000000
190000101	000000000000000	000000000000000	000000000000000	000000000000000
190000102	000000000000000	000000000000000	000000000000000	000000000000000
190000103	000000000000000	000000000000000	000000000000000	000000000000000
190000200	000065626503404	000000000000000	000000000000000	000020440840500
190000201	000000428299763	000000000000000	000000000000000	000000000000000
190000202	000000000000000	000000000000000	000000000000000	000000000000000
190000203	000065198203641	000000000000000	000000000000000	000000000000000
190000204	000000000000000	000000000000000	000000000000000	000020440840500
190000300	000000000000000	000000000000000	000000000000000	000000000000000
190000301	000000000000000	000000000000000	000000000000000	000000000000000
190000302	000000000000000	000000000000000	000000000000000	000000000000000
190000303	000000000000000	000000000000000	000000000000000	000000000000000
190000400	000000000000000	000000000000000	000000000000000	000000000000000
190000401	000000000000000	000000000000000	000000000000000	000000000000000
190000402	000000000000000	000000000000000	000000000000000	000000000000000
190000500	000039786164157	000000000000000	000000000000000	000000000000000
190000501	000000000000000	000000000000000	000000000000000	000000000000000
190000502	000000000000000	000000000000000	000000000000000	000000000000000
190000503	000000456574349	000000000000000	000000000000000	000000000000000
190000504	000000384339406	000000000000000	000000000000000	000000000000000
190000505	000000000000000	000000000000000	000000000000000	000000000000000
190000509	000038945250402	000000000000000	000000000000000	000000000000000
190000600	000000000000000	000000000000000	000000000000000	000000000000000
190000700	000000000000000	000000000000000	000000000000000	000000000000000
190000701	000000000000000	000000000000000	000000000000000	000000000000000
190000702	000000000000000	000000000000000	000000000000000	000000000000000
190000800	000002637536112	000000000000000	000000000000000	000000000000000
190000900	000001827450972	000000000000000	000000000000000	000000000000000
190001000	000000000000000	000000000000000	000000000000000	000000000000000
190001100	000000000000000	000000000000000	000000000000000	000000000000000
190001200	000000000000000	000000000000000	000000000000000	000000000000000
190001300	000000000000000	000000000000000	000000000000000	000000000000000
190001400	000000973707111	000000003298401	000000000000000	000000000000000
190001500	000115572697520	000000000000000	000000000000000	000000000028994
190002900	000000196701661	000000000000000	000000000000000	000000000000000
192500100	-00000046083675	000000000000000	000000000000000	000000000000000
192500101	000000000000000	000000000000000	000000000000000	000000000000000
192500102	000000000000000	000000000000000	000000000000000	000000000000000
192500103	-00000046083675	000000000000000	000000000000000	000000000000000
195000000	000000000000000	000000000000000	000000000000000	000000000000000
195000100	000000000000000	000000000000000	000000000000000	000000000000000
195000101	000000000000000	000000000000000	000000000000000	000000000000000
195000102	000000000000000	000000000000000	000000000000000	000000000000000
195000103	000000000000000	000000000000000	000000000000000	000000000000000
195000200	000000000000000	000000000000000	000000000000000	000000000000000
195000201	000000000000000	000000000000000	000000000000000	000000000000000
195000202	000000000000000	000000000000000	000000000000000	000000000000000
195000203	000000000000000	000000000000000	000000000000000	000000000000000
195000204	000000000000000	000000000000000	000000000000000	000000000000000
195000219	000000000000000	000000000000000	000000000000000	000000000000000
195000300	000000000000000	000000000000000	000000000000000	000000000000000
200000000	004780944998050	000720155983669	000000000000000	000487934312517
207000000	000072077762882	000000000000000	000000000000000	000020038926914
207000100	000000395526975	000000000000000	000000000000000	000000000000000
207000101	000000000000000	000000000000000	000000000000000	000000000000000
207000102	000000395526975	000000000000000	000000000000000	000000000000000
207000200	000011642412000	000000000000000	000000000000000	000007084225100
207000300	000060039823907	000000000000000	000000000000000	000012954701814
207000301	000058351140907	000000000000000	000000000000000	000000000000000
207000309	000000000000000	000000000000000	000000000000000	000009906317500
207000311	000001688683000	000000000000000	000000000000000	000000007010261
207000319	000000000000000	000000000000000	000000000000000	000003041374053
210000000	000451209909569	000000000000000	000000000000000	000174279076188
211000100	000451209909569	000000000000000	000000000000000	000174279076188
211000101	000103049798462	000000000000000	000000000000000	000015808149693
211000102	000348160111107	000000000000000	000000000000000	000158470926495
211000103	000000000000000	000000000000000	000000000000000	000000000000000
211000104	000000000000000	000000000000000	000000000000000	000000000000000
211000105	000000000000000	000000000000000	000000000000000	000000000000000
211000190	000000000000000	000000000000000	000000000000000	000000000000000
213000100	000000000000000	000000000000000	000000000000000	000000000000000
213000101	000000000000000	000000000000000	000000000000000	000000000000000
213000102	000000000000000	000000000000000	000000000000000	000000000000000
213000103	000000000000000	000000000000000	000000000000000	000000000000000
213000109	000000000000000	000000000000000	000000000000000	000000000000000
218000000	000000000000000	000000000000000	000000000000000	000000000000000
218000001	000000000000000	000000000000000	000000000000000	000000000000000
218000002	000000000000000	000000000000000	000000000000000	000000000000000
218000003	000000000000000	000000000000000	000000000000000	000000000000000
218000009	000000000000000	000000000000000	000000000000000	000000000000000
230000000	000000000055321	000000000000000	000000000000000	000000000000000
230000100	000000000055321	000000000000000	000000000000000	000000000000000
230000101	000000000055321	000000000000000	000000000000000	000000000000000
230000102	000000000000000	000000000000000	000000000000000	000000000000000
230000103	000000000000000	000000000000000	000000000000000	000000000000000
230000104	000000000000000	000000000000000	000000000000000	000000000000000
230000105	000000000000000	000000000000000	000000000000000	000000000000000
230000190	000000000000000	000000000000000	000000000000000	000000000000000
240000000	003954019402531	000702339012189	000000000000000	000278375241206
241000000	001790054715833	000019774704368	000000000000000	000000025065815
241000100	001563693049731	000000000000000	000000000000000	000000000000000
241000101	000000000000000	000000000000000	000000000000000	000000000000000
241000102	000000000000000	000000000000000	000000000000000	000000000000000
241000103	000015547334840	000000000000000	000000000000000	000000000000000
241000104	001548145714891	000000000000000	000000000000000	000000000000000
241000200	000171479775387	000000000000000	000000000000000	000000000000000
241000201	000000000000000	000000000000000	000000000000000	000000000000000
241000202	000171479775387	000000000000000	000000000000000	000000000000000
241000300	000034642458201	000000000000000	000000000000000	000000000000000
241000301	000034642458201	000000000000000	000000000000000	000000000000000
241000400	000000000000000	000000000000000	000000000000000	000000000000000
241000401	000000000000000	000000000000000	000000000000000	000000000000000
241000402	000000000000000	000000000000000	000000000000000	000000000000000
241000500	000020239432514	000019774704368	000000000000000	000000025065815
241000501	000000000000000	000000000000000	000000000000000	000000000000000
241000502	000000000000000	000000000000000	000000000000000	000000000000000
241000503	000000000000000	000000000000000	000000000000000	000000000000000
241000504	000000000000000	000000000000000	000000000000000	000000000000000
241000505	000000000000000	000000000000000	000000000000000	000000000000000
241000506	000007699217668	000000000000000	000000000000000	000000000000000
241000507	000000000000000	000000000000000	000000000000000	000000000000000
241000508	000000000000000	000000000000000	000000000000000	000000000000000
241000509	000004164582127	000019640451106	000000000000000	000000000000000
241000510	000002089108808	000000000000000	000000000000000	000000000000000
241000511	000000640309221	000000134253262	000000000000000	000000025065815
241000512	000000000000000	000000000000000	000000000000000	000000000000000
241000513	000000000000000	000000000000000	000000000000000	000000000000000
241000590	000005646214690	000000000000000	000000000000000	000000000000000
242000000	001720314854287	000242719049241	000000000000000	000278350175391
242000100	001658994266348	000027628365161	000000000000000	000278337391409
242000200	000000000000000	000210697728868	000000000000000	000000000000000
242000201	000000000000000	000167698799108	000000000000000	000000000000000
242000202	000000000000000	000042998929760	000000000000000	000000000000000
242000300	000061320587939	000004392955212	000000000000000	000000012783982
242000301	000000000000000	000000000000000	000000000000000	000000000000000
242000302	000000000000000	000000000000000	000000000000000	000000000000000
242000390	000061320587939	000004392955212	000000000000000	000000012783982
243000000	000000000000000	000000000000000	000000000000000	000000000000000
243000100	000000000000000	000000000000000	000000000000000	000000000000000
243000101	000000000000000	000000000000000	000000000000000	000000000000000
243000102	000000000000000	000000000000000	000000000000000	000000000000000
243000103	000000000000000	000000000000000	000000000000000	000000000000000
243000200	000000000000000	000000000000000	000000000000000	000000000000000
243000201	000000000000000	000000000000000	000000000000000	000000000000000
243000202	000000000000000	000000000000000	000000000000000	000000000000000
243000203	000000000000000	000000000000000	000000000000000	000000000000000
243000300	000000000000000	000000000000000	000000000000000	000000000000000
243000301	000000000000000	000000000000000	000000000000000	000000000000000
243000302	000000000000000	000000000000000	000000000000000	000000000000000
243000400	000000000000000	000000000000000	000000000000000	000000000000000
243000401	000000000000000	000000000000000	000000000000000	000000000000000
243000402	000000000000000	000000000000000	000000000000000	000000000000000
244000000	000077063125000	000000000000000	000000000000000	000000000000000
244250000	000077063125000	000000000000000	000000000000000	000000000000000
244250100	000000000000000	000000000000000	000000000000000	000000000000000
244250101	000000000000000	000000000000000	000000000000000	000000000000000
244250102	000000000000000	000000000000000	000000000000000	000000000000000
244250103	000000000000000	000000000000000	000000000000000	000000000000000
244250200	000077063125000	000000000000000	000000000000000	000000000000000
244250201	000000000000000	000000000000000	000000000000000	000000000000000
244250202	000000000000000	000000000000000	000000000000000	000000000000000
244250203	000000000000000	000000000000000	000000000000000	000000000000000
244250204	000000000000000	000000000000000	000000000000000	000000000000000
244250209	000077063125000	000000000000000	000000000000000	000000000000000
244500000	000000000000000	000000000000000	000000000000000	000000000000000
244500100	000000000000000	000000000000000	000000000000000	000000000000000
244500101	000000000000000	000000000000000	000000000000000	000000000000000
244500102	000000000000000	000000000000000	000000000000000	000000000000000
244500103	000000000000000	000000000000000	000000000000000	000000000000000
244500200	000000000000000	000000000000000	000000000000000	000000000000000
244500201	000000000000000	000000000000000	000000000000000	000000000000000
244500202	000000000000000	000000000000000	000000000000000	000000000000000
244500203	000000000000000	000000000000000	000000000000000	000000000000000
244500204	000000000000000	000000000000000	000000000000000	000000000000000
244500209	000000000000000	000000000000000	000000000000000	000000000000000
244700000	000000000000000	000000000000000	000000000000000	000000000000000
244700100	000000000000000	000000000000000	000000000000000	000000000000000
244700200	000000000000000	000000000000000	000000000000000	000000000000000
244900000	000000000000000	000000000000000	000000000000000	000000000000000
244900100	000000000000000	000000000000000	000000000000000	000000000000000
244900200	000000000000000	000000000000000	000000000000000	000000000000000
245000000	000070945739220	000265607730633	000000000000000	000000000000000
245000100	000000000000000	000039735598438	000000000000000	000000000000000
245000101	000000000000000	000039657164527	000000000000000	000000000000000
245000102	000000000000000	000000078433911	000000000000000	000000000000000
245000200	000070945739220	000225872132195	000000000000000	000000000000000
245000201	000070945739220	000225872132195	000000000000000	000000000000000
245000203	000000000000000	000000000000000	000000000000000	000000000000000
246000000	000295640968191	000174237527947	000000000000000	000000000000000
246000100	000000000000000	000000000000000	000000000000000	000000000000000
246000101	000000000000000	000000000000000	000000000000000	000000000000000
246000102	000000000000000	000000000000000	000000000000000	000000000000000
246000200	000295640968191	000174237527947	000000000000000	000000000000000
246000201	000030469345921	000000000000000	000000000000000	000000000000000
246000202	000000000000000	000000000000000	000000000000000	000000000000000
246000203	000000000000000	000000000000000	000000000000000	000000000000000
246000204	000265171622270	000000000000000	000000000000000	000000000000000
246000205	000000000000000	000000000000000	000000000000000	000000000000000
246000206	000000000000000	000000000000000	000000000000000	000000000000000
246000207	000000000000000	000000000000000	000000000000000	000000000000000
246000208	000000000000000	000000000000000	000000000000000	000000000000000
246000290	000000000000000	000174237527947	000000000000000	000000000000000
246000300	000000000000000	000000000000000	000000000000000	000000000000000
246000301	000000000000000	000000000000000	000000000000000	000000000000000
246000302	000000000000000	000000000000000	000000000000000	000000000000000
246000303	000000000000000	000000000000000	000000000000000	000000000000000
246000304	000000000000000	000000000000000	000000000000000	000000000000000
246000305	000000000000000	000000000000000	000000000000000	000000000000000
246000390	000000000000000	000000000000000	000000000000000	000000000000000
250000000	000015348141049	000000081771068	000000000000000	000000000000000
255000000	000000077006240	000017735200412	000000000000000	000000000000000
255000100	000000077006240	000017735200412	000000000000000	000000000000000
255000101	000000000000000	000000000000000	000000000000000	000000000000000
255000102	000000077006240	000017735200412	000000000000000	000000000000000
255000200	000000000000000	000000000000000	000000000000000	000000000000000
255000300	000000000000000	000000000000000	000000000000000	000000000000000
260000000	000025264154030	000000000000000	000000000000000	000000000000000
260000100	000010980759606	000000000000000	000000000000000	000000000000000
260000101	000010326558040	000000000000000	000000000000000	000000000000000
260000102	000000000000000	000000000000000	000000000000000	000000000000000
260000103	000000654201566	000000000000000	000000000000000	000000000000000
260000104	000000000000000	000000000000000	000000000000000	000000000000000
260000105	000000000000000	000000000000000	000000000000000	000000000000000
260000106	000000000000000	000000000000000	000000000000000	000000000000000
260000107	000000000000000	000000000000000	000000000000000	000000000000000
260000109	000000000000000	000000000000000	000000000000000	000000000000000
260000200	000000000000000	000000000000000	000000000000000	000000000000000
260000300	000000000000000	000000000000000	000000000000000	000000000000000
260000400	000000000000000	000000000000000	000000000000000	000000000000000
260000500	000000000000000	000000000000000	000000000000000	000000000000000
260000600	000014283394424	000000000000000	000000000000000	000000000000000
260000900	000000000000000	000000000000000	000000000000000	000000000000000
265000000	000039908321438	000000000000000	000000000000000	000000000000000
265000100	000039908321438	000000000000000	000000000000000	000000000000000
265000101	000039908321438	000000000000000	000000000000000	000000000000000
265000102	000000000000000	000000000000000	000000000000000	000000000000000
265000200	000000000000000	000000000000000	000000000000000	000000000000000
265000300	000000000000000	000000000000000	000000000000000	000000000000000
270000000	000014237292535	000000000000000	000000000000000	000000000000000
271000000	000008312457535	000000000000000	000000000000000	000000000000000
271000100	000000000000000	000000000000000	000000000000000	000000000000000
271000200	000000000000000	000000000000000	000000000000000	000000000000000
271000400	000000000000000	000000000000000	000000000000000	000000000000000
271000500	000000000000000	000000000000000	000000000000000	000000000000000
271000501	000000000000000	000000000000000	000000000000000	000000000000000
271000502	000000000000000	000000000000000	000000000000000	000000000000000
271000503	000000000000000	000000000000000	000000000000000	000000000000000
271000504	000000000000000	000000000000000	000000000000000	000000000000000
271000505	000000000000000	000000000000000	000000000000000	000000000000000
271000600	000000000003191	000000000000000	000000000000000	000000000000000
271000601	000000000003191	000000000000000	000000000000000	000000000000000
271000602	000000000000000	000000000000000	000000000000000	000000000000000
271000700	000008312454344	000000000000000	000000000000000	000000000000000
271000701	000000006751025	000000000000000	000000000000000	000000000000000
271000702	000000000000000	000000000000000	000000000000000	000000000000000
271000703	000000672747146	000000000000000	000000000000000	000000000000000
271000704	000007632956173	000000000000000	000000000000000	000000000000000
271000705	000000000000000	000000000000000	000000000000000	000000000000000
271000800	000000000000000	000000000000000	000000000000000	000000000000000
271000900	000000000000000	000000000000000	000000000000000	000000000000000
272000000	000000000000000	000000000000000	000000000000000	000000000000000
273000000	000000000000000	000000000000000	000000000000000	000000000000000
274000000	000005924000000	000000000000000	000000000000000	000000000000000
274000100	000000000000000	000000000000000	000000000000000	000000000000000
274000200	000000000000000	000000000000000	000000000000000	000000000000000
274000300	000005924000000	000000000000000	000000000000000	000000000000000
275000000	000000000835000	000000000000000	000000000000000	000000000000000
275000100	000000000000000	000000000000000	000000000000000	000000000000000
275000200	000000000000000	000000000000000	000000000000000	000000000000000
275000300	000000000835000	000000000000000	000000000000000	000000000000000
275000400	000000000000000	000000000000000	000000000000000	000000000000000
275000500	000000000000000	000000000000000	000000000000000	000000000000000
275000600	000000000000000	000000000000000	000000000000000	000000000000000
279000000	000000000000000	000000000000000	000000000000000	000000000000000
279000100	000000000000000	000000000000000	000000000000000	000000000000000
279000200	000000000000000	000000000000000	000000000000000	000000000000000
279000300	000000000000000	000000000000000	000000000000000	000000000000000
280000000	000021441127784	000000000000000	000000000000000	000000000000000
285000000	000000000000000	000000000000000	000000000000000	000000000000000
290000000	000187361824671	000000000000000	000000000000000	000015241068209
290000100	000031703777631	000000000000000	000000000000000	000011182039015
290000101	000012596665731	000000000000000	000000000000000	000000000000000
290000102	000000000000000	000000000000000	000000000000000	000000000000000
290000103	000019107111900	000000000000000	000000000000000	000000000000000
290000104	000000000000000	000000000000000	000000000000000	000011182039015
290000200	000000000000000	000000000000000	000000000000000	000000000000000
290000201	000000000000000	000000000000000	000000000000000	000000000000000
290000202	000000000000000	000000000000000	000000000000000	000000000000000
290000203	000000000000000	000000000000000	000000000000000	000000000000000
290000300	000075170603218	000000000000000	000000000000000	000000000000000
290000301	000000000000000	000000000000000	000000000000000	000000000000000
290000302	000001768698282	000000000000000	000000000000000	000000000000000
290000303	000000000000000	000000000000000	000000000000000	000000000000000
290000304	000000000000000	000000000000000	000000000000000	000000000000000
290000305	000002486549298	000000000000000	000000000000000	000000000000000
290000306	000000000000000	000000000000000	000000000000000	000000000000000
290000307	000000000000000	000000000000000	000000000000000	000000000000000
290000308	000009645165571	000000000000000	000000000000000	000000000000000
290000309	000000000000000	000000000000000	000000000000000	000000000000000
290000390	000061270190067	000000000000000	000000000000000	000000000000000
290000400	000000000000000	000000000000000	000000000000000	000000000000000
290000500	000018347316272	000000000000000	000000000000000	000000000000000
290000501	000018347316272	000000000000000	000000000000000	000000000000000
290000502	000000000000000	000000000000000	000000000000000	000000000000000
290000700	000000000000000	000000000000000	000000000000000	000000000000000
290000800	000043123495816	000000000000000	000000000000000	000000000000000
290000801	000042885386874	000000000000000	000000000000000	000000000000000
290000802	000000238108942	000000000000000	000000000000000	000000000000000
290000803	000000000000000	000000000000000	000000000000000	000000000000000
290000809	000000000000000	000000000000000	000000000000000	000000000000000
290000900	000003771075986	000000000000000	000000000000000	000000000000000
290001000	000000009354832	000000000000000	000000000000000	000000000000000
290001100	000004905126071	000000000000000	000000000000000	000004059029194
290001200	000010331074845	000000000000000	000000000000000	000000000000000
295000000	000000000000000	000000000000000	000000000000000	000000000000000
300000000	001053965440075	000000000000000	000000000000000	000000000000000
310000000	000275285502005	000000000000000	000000000000000	000000000000000
311000000	000275285502005	000000000000000	000000000000000	000000000000000
311000100	000275285502005	000000000000000	000000000000000	000000000000000
311000200	000000000000000	000000000000000	000000000000000	000000000000000
311000300	000000000000000	000000000000000	000000000000000	000000000000000
311000400	000000000000000	000000000000000	000000000000000	000000000000000
311000500	000000000000000	000000000000000	000000000000000	000000000000000
311000600	000000000000000	000000000000000	000000000000000	000000000000000
312000000	000000000000000	000000000000000	000000000000000	000000000000000
313000000	000000000000000	000000000000000	000000000000000	000000000000000
320000000	000562265079910	000000000000000	000000000000000	000000000000000
320000100	000008501909371	000000000000000	000000000000000	000000000000000
320000200	000553763170539	000000000000000	000000000000000	000000000000000
320000300	000000000000000	000000000000000	000000000000000	000000000000000
320000400	000000000000000	000000000000000	000000000000000	000000000000000
330000000	000001947247015	000000000000000	000000000000000	000000000000000
331000000	000000000000000	000000000000000	000000000000000	000000000000000
331000100	000000000000000	000000000000000	000000000000000	000000000000000
331000200	000000000000000	000000000000000	000000000000000	000000000000000
331000201	000000000000000	000000000000000	000000000000000	000000000000000
331000202	000000000000000	000000000000000	000000000000000	000000000000000
331000203	000000000000000	000000000000000	000000000000000	000000000000000
331000209	000000000000000	000000000000000	000000000000000	000000000000000
331000300	000000000000000	000000000000000	000000000000000	000000000000000
331000400	000000000000000	000000000000000	000000000000000	000000000000000
331000500	000000000000000	000000000000000	000000000000000	000000000000000
331000900	000000000000000	000000000000000	000000000000000	000000000000000
332000000	000001947247015	000000000000000	000000000000000	000000000000000
332000100	000001947283314	000000000000000	000000000000000	000000000000000
332000200	000000000000000	000000000000000	000000000000000	000000000000000
332000300	000000000000000	000000000000000	000000000000000	000000000000000
332000400	-00000000036299	000000000000000	000000000000000	000000000000000
332000500	000000000000000	000000000000000	000000000000000	000000000000000
332000600	000000000000000	000000000000000	000000000000000	000000000000000
332000700	000000000000000	000000000000000	000000000000000	000000000000000
332000900	000000000000000	000000000000000	000000000000000	000000000000000
340000000	000000000000000	000000000000000	000000000000000	000000000000000
340000100	000000000000000	000000000000000	000000000000000	000000000000000
340000200	000000000000000	000000000000000	000000000000000	000000000000000
350000000	000133027738127	000000000000000	000000000000000	000000000000000
360000000	-00039908321438	000000000000000	000000000000000	000000000000000
360000100	-00039908321438	000000000000000	000000000000000	000000000000000
360000101	-00039908321438	000000000000000	000000000000000	000000000000000
360000102	000000000000000	000000000000000	000000000000000	000000000000000
360000200	000000000000000	000000000000000	000000000000000	000000000000000
360000300	000000000000000	000000000000000	000000000000000	000000000000000
365000000	000000000000000	000000000000000	000000000000000	000000000000000
380000000	000932617245619	000000000000000	000000000000000	000000000000000
390000000	000121348194456	000000000000000	000000000000000	000000000000000
500000000	003704472081495	000743940146753	000000000000000	000000000000000
505000000	003704472081495	000743940146753	000000000000000	000000000000000
510000000	005834910438125	000720155983669	000000000000000	000487934312517
