053	BANCO RIPLEY
100000000	001233740256894	000194457230909	000000000000000	000004740774793
105000000	000044860447817	000000000000000	000000000000000	000002185309177
105000100	000001955589105	000000000000000	000000000000000	000000008411530
105000101	000001955589105	000000000000000	000000000000000	000000008411530
105000102	000000000000000	000000000000000	000000000000000	000000000000000
105000103	000000000000000	000000000000000	000000000000000	000000000000000
105000200	000022488871427	000000000000000	000000000000000	000000019344029
105000201	000002488871427	000000000000000	000000000000000	000000019344029
105000202	000020000000000	000000000000000	000000000000000	000000000000000
105000209	000000000000000	000000000000000	000000000000000	000000000000000
105000300	000000000000000	000000000000000	000000000000000	000000000000000
105000301	000000000000000	000000000000000	000000000000000	000000000000000
105000302	000000000000000	000000000000000	000000000000000	000000000000000
105000309	000000000000000	000000000000000	000000000000000	000000000000000
105000400	000020415987285	000000000000000	000000000000000	000000343229749
105000500	000000000000000	000000000000000	000000000000000	000001814323869
107000000	000000623633753	000000000000000	000000000000000	000000000000000
107000100	000000623633753	000000000000000	000000000000000	000000000000000
107000101	000000000000000	000000000000000	000000000000000	000000000000000
107000102	000000623633753	000000000000000	000000000000000	000000000000000
107000103	000000000000000	000000000000000	000000000000000	000000000000000
107000200	000000000000000	000000000000000	000000000000000	000000000000000
107000201	000000000000000	000000000000000	000000000000000	000000000000000
107000202	000000000000000	000000000000000	000000000000000	000000000000000
107000300	000000000000000	000000000000000	000000000000000	000000000000000
107000400	000000000000000	000000000000000	000000000000000	000000000000000
107000401	000000000000000	000000000000000	000000000000000	000000000000000
107000409	000000000000000	000000000000000	000000000000000	000000000000000
107000411	000000000000000	000000000000000	000000000000000	000000000000000
107000419	000000000000000	000000000000000	000000000000000	000000000000000
110000000	000081745096906	000122319898680	000000000000000	000000000000000
111000100	000004994620171	000000000000000	000000000000000	000000000000000
111000101	000001066384759	000000000000000	000000000000000	000000000000000
111000102	000003928235412	000000000000000	000000000000000	000000000000000
111000103	000000000000000	000000000000000	000000000000000	000000000000000
111000104	000000000000000	000000000000000	000000000000000	000000000000000
111000105	000000000000000	000000000000000	000000000000000	000000000000000
111000109	000000000000000	000000000000000	000000000000000	000000000000000
112000000	000076750476735	000122319898680	000000000000000	000000000000000
112000100	000076750476735	000122319898680	000000000000000	000000000000000
112000101	000000000000000	000000000000000	000000000000000	000000000000000
112000102	000076750476735	000122319898680	000000000000000	000000000000000
112000109	000000000000000	000000000000000	000000000000000	000000000000000
112000200	000000000000000	000000000000000	000000000000000	000000000000000
112000201	000000000000000	000000000000000	000000000000000	000000000000000
112000202	000000000000000	000000000000000	000000000000000	000000000000000
112000209	000000000000000	000000000000000	000000000000000	000000000000000
112000300	000000000000000	000000000000000	000000000000000	000000000000000
112000301	000000000000000	000000000000000	000000000000000	000000000000000
112000302	000000000000000	000000000000000	000000000000000	000000000000000
112000303	000000000000000	000000000000000	000000000000000	000000000000000
112000304	000000000000000	000000000000000	000000000000000	000000000000000
112000309	000000000000000	000000000000000	000000000000000	000000000000000
113000000	000000000000000	000000000000000	000000000000000	000000000000000
113000100	000000000000000	000000000000000	000000000000000	000000000000000
113000101	000000000000000	000000000000000	000000000000000	000000000000000
113000102	000000000000000	000000000000000	000000000000000	000000000000000
113000200	000000000000000	000000000000000	000000000000000	000000000000000
113000201	000000000000000	000000000000000	000000000000000	000000000000000
113000202	000000000000000	000000000000000	000000000000000	000000000000000
113000300	000000000000000	000000000000000	000000000000000	000000000000000
113000301	000000000000000	000000000000000	000000000000000	000000000000000
113000302	000000000000000	000000000000000	000000000000000	000000000000000
113000303	000000000000000	000000000000000	000000000000000	000000000000000
113000304	000000000000000	000000000000000	000000000000000	000000000000000
113000400	000000000000000	000000000000000	000000000000000	000000000000000
115000000	000000000000000	000000000000000	000000000000000	000000000000000
115250000	000000000000000	000000000000000	000000000000000	000000000000000
115250100	000000000000000	000000000000000	000000000000000	000000000000000
115250101	000000000000000	000000000000000	000000000000000	000000000000000
115250102	000000000000000	000000000000000	000000000000000	000000000000000
115250109	000000000000000	000000000000000	000000000000000	000000000000000
115250200	000000000000000	000000000000000	000000000000000	000000000000000
115250201	000000000000000	000000000000000	000000000000000	000000000000000
115250202	000000000000000	000000000000000	000000000000000	000000000000000
115250209	000000000000000	000000000000000	000000000000000	000000000000000
115250300	000000000000000	000000000000000	000000000000000	000000000000000
115250301	000000000000000	000000000000000	000000000000000	000000000000000
115250302	000000000000000	000000000000000	000000000000000	000000000000000
115250303	000000000000000	000000000000000	000000000000000	000000000000000
115250304	000000000000000	000000000000000	000000000000000	000000000000000
115250309	000000000000000	000000000000000	000000000000000	000000000000000
115500000	000000000000000	000000000000000	000000000000000	000000000000000
115500100	000000000000000	000000000000000	000000000000000	000000000000000
115500101	000000000000000	000000000000000	000000000000000	000000000000000
115500102	000000000000000	000000000000000	000000000000000	000000000000000
115500300	000000000000000	000000000000000	000000000000000	000000000000000
115500301	000000000000000	000000000000000	000000000000000	000000000000000
115500302	000000000000000	000000000000000	000000000000000	000000000000000
115500303	000000000000000	000000000000000	000000000000000	000000000000000
115500304	000000000000000	000000000000000	000000000000000	000000000000000
115500400	000000000000000	000000000000000	000000000000000	000000000000000
118000000	000000000000000	000000000000000	000000000000000	000000000000000
118250000	000000000000000	000000000000000	000000000000000	000000000000000
118250100	000000000000000	000000000000000	000000000000000	000000000000000
118250101	000000000000000	000000000000000	000000000000000	000000000000000
118250102	000000000000000	000000000000000	000000000000000	000000000000000
118250109	000000000000000	000000000000000	000000000000000	000000000000000
118250200	000000000000000	000000000000000	000000000000000	000000000000000
118250201	000000000000000	000000000000000	000000000000000	000000000000000
118250202	000000000000000	000000000000000	000000000000000	000000000000000
118250209	000000000000000	000000000000000	000000000000000	000000000000000
118250300	000000000000000	000000000000000	000000000000000	000000000000000
118250301	000000000000000	000000000000000	000000000000000	000000000000000
118250302	000000000000000	000000000000000	000000000000000	000000000000000
118250303	000000000000000	000000000000000	000000000000000	000000000000000
118250304	000000000000000	000000000000000	000000000000000	000000000000000
118250309	000000000000000	000000000000000	000000000000000	000000000000000
118500000	000000000000000	000000000000000	000000000000000	000000000000000
118500300	000000000000000	000000000000000	000000000000000	000000000000000
118500301	000000000000000	000000000000000	000000000000000	000000000000000
118500302	000000000000000	000000000000000	000000000000000	000000000000000
118500303	000000000000000	000000000000000	000000000000000	000000000000000
118500304	000000000000000	000000000000000	000000000000000	000000000000000
118500400	000000000000000	000000000000000	000000000000000	000000000000000
120000000	000025242829837	000061139492290	000000000000000	000000000000000
122000000	000025242829837	000061139492290	000000000000000	000000000000000
122000100	000025242829837	000061139492290	000000000000000	000000000000000
122000101	000019994601458	000000000000000	000000000000000	000000000000000
122000102	000005248228379	000061139492290	000000000000000	000000000000000
122000109	000000000000000	000000000000000	000000000000000	000000000000000
122000200	000000000000000	000000000000000	000000000000000	000000000000000
122000201	000000000000000	000000000000000	000000000000000	000000000000000
122000202	000000000000000	000000000000000	000000000000000	000000000000000
122000209	000000000000000	000000000000000	000000000000000	000000000000000
122000300	000000000000000	000000000000000	000000000000000	000000000000000
122000301	000000000000000	000000000000000	000000000000000	000000000000000
122000302	000000000000000	000000000000000	000000000000000	000000000000000
122000303	000000000000000	000000000000000	000000000000000	000000000000000
122000304	000000000000000	000000000000000	000000000000000	000000000000000
122000309	000000000000000	000000000000000	000000000000000	000000000000000
123000000	000000000000000	000000000000000	000000000000000	000000000000000
123000300	000000000000000	000000000000000	000000000000000	000000000000000
123000301	000000000000000	000000000000000	000000000000000	000000000000000
123000302	000000000000000	000000000000000	000000000000000	000000000000000
123000303	000000000000000	000000000000000	000000000000000	000000000000000
123000304	000000000000000	000000000000000	000000000000000	000000000000000
123000400	000000000000000	000000000000000	000000000000000	000000000000000
130000000	000006337803380	000000000000000	000000000000000	000000000000000
130000100	000006337803380	000000000000000	000000000000000	000000000000000
130000101	000000115478931	000000000000000	000000000000000	000000000000000
130000102	000006222324449	000000000000000	000000000000000	000000000000000
130000103	000000000000000	000000000000000	000000000000000	000000000000000
130000104	000000000000000	000000000000000	000000000000000	000000000000000
130000105	000000000000000	000000000000000	000000000000000	000000000000000
130000190	000000000000000	000000000000000	000000000000000	000000000000000
140000000	000941270257813	000010997839939	000000000000000	000000000000000
141000000	000000000000000	000000000000000	000000000000000	000000000000000
141000100	000000000000000	000000000000000	000000000000000	000000000000000
141000101	000000000000000	000000000000000	000000000000000	000000000000000
141000102	000000000000000	000000000000000	000000000000000	000000000000000
141000103	000000000000000	000000000000000	000000000000000	000000000000000
141000200	000000000000000	000000000000000	000000000000000	000000000000000
141000201	000000000000000	000000000000000	000000000000000	000000000000000
141000202	000000000000000	000000000000000	000000000000000	000000000000000
141000203	000000000000000	000000000000000	000000000000000	000000000000000
141000300	000000000000000	000000000000000	000000000000000	000000000000000
141000301	000000000000000	000000000000000	000000000000000	000000000000000
141000302	000000000000000	000000000000000	000000000000000	000000000000000
141000400	000000000000000	000000000000000	000000000000000	000000000000000
141000401	000000000000000	000000000000000	000000000000000	000000000000000
141000402	000000000000000	000000000000000	000000000000000	000000000000000
141000900	000000000000000	000000000000000	000000000000000	000000000000000
141000901	000000000000000	000000000000000	000000000000000	000000000000000
141000902	000000000000000	000000000000000	000000000000000	000000000000000
141000903	000000000000000	000000000000000	000000000000000	000000000000000
141500000	000000000000000	000000000000000	000000000000000	000000000000000
141500100	000000000000000	000000000000000	000000000000000	000000000000000
141500101	000000000000000	000000000000000	000000000000000	000000000000000
141500102	000000000000000	000000000000000	000000000000000	000000000000000
141500109	000000000000000	000000000000000	000000000000000	000000000000000
141500200	000000000000000	000000000000000	000000000000000	000000000000000
141500201	000000000000000	000000000000000	000000000000000	000000000000000
141500202	000000000000000	000000000000000	000000000000000	000000000000000
141500209	000000000000000	000000000000000	000000000000000	000000000000000
141500300	000000000000000	000000000000000	000000000000000	000000000000000
141500301	000000000000000	000000000000000	000000000000000	000000000000000
141500302	000000000000000	000000000000000	000000000000000	000000000000000
141500303	000000000000000	000000000000000	000000000000000	000000000000000
141500304	000000000000000	000000000000000	000000000000000	000000000000000
141500309	000000000000000	000000000000000	000000000000000	000000000000000
141500900	000000000000000	000000000000000	000000000000000	000000000000000
141500901	000000000000000	000000000000000	000000000000000	000000000000000
141500902	000000000000000	000000000000000	000000000000000	000000000000000
141500903	000000000000000	000000000000000	000000000000000	000000000000000
143000000	000000000000000	000000000000000	000000000000000	000000000000000
143100100	000000000000000	000000000000000	000000000000000	000000000000000
143100101	000000000000000	000000000000000	000000000000000	000000000000000
143100102	000000000000000	000000000000000	000000000000000	000000000000000
143100103	000000000000000	000000000000000	000000000000000	000000000000000
143100104	000000000000000	000000000000000	000000000000000	000000000000000
143100105	000000000000000	000000000000000	000000000000000	000000000000000
143100106	000000000000000	000000000000000	000000000000000	000000000000000
143100107	000000000000000	000000000000000	000000000000000	000000000000000
143100190	000000000000000	000000000000000	000000000000000	000000000000000
143150100	000000000000000	000000000000000	000000000000000	000000000000000
143150101	000000000000000	000000000000000	000000000000000	000000000000000
143150102	000000000000000	000000000000000	000000000000000	000000000000000
143150103	000000000000000	000000000000000	000000000000000	000000000000000
143200100	000000000000000	000000000000000	000000000000000	000000000000000
143200101	000000000000000	000000000000000	000000000000000	000000000000000
143200102	000000000000000	000000000000000	000000000000000	000000000000000
143200103	000000000000000	000000000000000	000000000000000	000000000000000
143200104	000000000000000	000000000000000	000000000000000	000000000000000
143200105	000000000000000	000000000000000	000000000000000	000000000000000
143200106	000000000000000	000000000000000	000000000000000	000000000000000
143200107	000000000000000	000000000000000	000000000000000	000000000000000
143200108	000000000000000	000000000000000	000000000000000	000000000000000
143200190	000000000000000	000000000000000	000000000000000	000000000000000
143250100	000000000000000	000000000000000	000000000000000	000000000000000
143250101	000000000000000	000000000000000	000000000000000	000000000000000
143250102	000000000000000	000000000000000	000000000000000	000000000000000
143250103	000000000000000	000000000000000	000000000000000	000000000000000
143300100	000000000000000	000000000000000	000000000000000	000000000000000
143300101	000000000000000	000000000000000	000000000000000	000000000000000
143300102	000000000000000	000000000000000	000000000000000	000000000000000
143300103	000000000000000	000000000000000	000000000000000	000000000000000
143400100	000000000000000	000000000000000	000000000000000	000000000000000
143400101	000000000000000	000000000000000	000000000000000	000000000000000
143400102	000000000000000	000000000000000	000000000000000	000000000000000
143400103	000000000000000	000000000000000	000000000000000	000000000000000
144000000	000941270257813	000010997839939	000000000000000	000000000000000
145000000	000000000000000	000000061810393	000000000000000	000000000000000
145400100	000000000000000	000000060931322	000000000000000	000000000000000
145400101	000000000000000	000000000000000	000000000000000	000000000000000
145400102	000000000000000	000000000000000	000000000000000	000000000000000
145400103	000000000000000	000000000000000	000000000000000	000000000000000
145400104	000000000000000	000000060931322	000000000000000	000000000000000
145400105	000000000000000	000000000000000	000000000000000	000000000000000
145400106	000000000000000	000000000000000	000000000000000	000000000000000
145400200	000000000000000	000000000000000	000000000000000	000000000000000
145400201	000000000000000	000000000000000	000000000000000	000000000000000
145400202	000000000000000	000000000000000	000000000000000	000000000000000
145400203	000000000000000	000000000000000	000000000000000	000000000000000
145400204	000000000000000	000000000000000	000000000000000	000000000000000
145400205	000000000000000	000000000000000	000000000000000	000000000000000
145400290	000000000000000	000000000000000	000000000000000	000000000000000
145400300	000000000000000	000000000000000	000000000000000	000000000000000
145400400	000000000000000	000000000000000	000000000000000	000000000000000
145400401	000000000000000	000000000000000	000000000000000	000000000000000
145400402	000000000000000	000000000000000	000000000000000	000000000000000
145400500	000000000000000	000000000000000	000000000000000	000000000000000
145400501	000000000000000	000000000000000	000000000000000	000000000000000
145400502	000000000000000	000000000000000	000000000000000	000000000000000
145400600	000000000000000	000000000000000	000000000000000	000000000000000
145400601	000000000000000	000000000000000	000000000000000	000000000000000
145400602	000000000000000	000000000000000	000000000000000	000000000000000
145400700	000000000000000	000000000879071	000000000000000	000000000000000
145400701	000000000000000	000000000000000	000000000000000	000000000000000
145400702	000000000000000	000000000785636	000000000000000	000000000000000
145400703	000000000000000	000000000093435	000000000000000	000000000000000
145400900	000000000000000	000000000000000	000000000000000	000000000000000
145400901	000000000000000	000000000000000	000000000000000	000000000000000
145400902	000000000000000	000000000000000	000000000000000	000000000000000
145400990	000000000000000	000000000000000	000000000000000	000000000000000
146000000	000000000000000	000010989601141	000000000000000	000000000000000
146000100	000000000000000	000008711798054	000000000000000	000000000000000
146000200	000000000000000	000000050637101	000000000000000	000000000000000
146000300	000000000000000	000000000000000	000000000000000	000000000000000
146000400	000000000000000	000000000000000	000000000000000	000000000000000
146000401	000000000000000	000000000000000	000000000000000	000000000000000
146000402	000000000000000	000000000000000	000000000000000	000000000000000
146000500	000000000000000	000000000000000	000000000000000	000000000000000
146000900	000000000000000	000002227165986	000000000000000	000000000000000
146000901	000000000000000	000002227165986	000000000000000	000000000000000
146000902	000000000000000	000000000000000	000000000000000	000000000000000
146000903	000000000000000	000000000000000	000000000000000	000000000000000
146000909	000000000000000	000000000000000	000000000000000	000000000000000
148000000	001038016651892	000000000000000	000000000000000	000000000000000
148000100	000080513814143	000000000000000	000000000000000	000000000000000
148000200	000000722622364	000000000000000	000000000000000	000000000000000
148000300	000956780215385	000000000000000	000000000000000	000000000000000
148000301	000876806513818	000000000000000	000000000000000	000000000000000
148000302	000079973701567	000000000000000	000000000000000	000000000000000
148000400	000000000000000	000000000000000	000000000000000	000000000000000
148000900	000000000000000	000000000000000	000000000000000	000000000000000
148000901	000000000000000	000000000000000	000000000000000	000000000000000
148000902	000000000000000	000000000000000	000000000000000	000000000000000
149000000	-00096746394079	-00000053571595	000000000000000	000000000000000
149500100	000000000000000	-00000001631270	000000000000000	000000000000000
149500101	000000000000000	000000000000000	000000000000000	000000000000000
149500102	000000000000000	000000000000000	000000000000000	000000000000000
149500103	000000000000000	000000000000000	000000000000000	000000000000000
149500104	000000000000000	-00000000152515	000000000000000	000000000000000
149500105	000000000000000	-00000001478755	000000000000000	000000000000000
149500109	000000000000000	000000000000000	000000000000000	000000000000000
149600100	000000000000000	-00000051940325	000000000000000	000000000000000
149600101	000000000000000	-00000007718781	000000000000000	000000000000000
149600102	000000000000000	-00000044221544	000000000000000	000000000000000
149700100	-00096746394079	000000000000000	000000000000000	000000000000000
149700101	-00066471189694	000000000000000	000000000000000	000000000000000
149700102	-00030275204385	000000000000000	000000000000000	000000000000000
150000000	000000018896068	000000000000000	000000000000000	000000000000000
150000100	000000000000000	000000000000000	000000000000000	000000000000000
150000200	000000000000000	000000000000000	000000000000000	000000000000000
150000201	000000000000000	000000000000000	000000000000000	000000000000000
150000202	000000000000000	000000000000000	000000000000000	000000000000000
150000300	000000000000000	000000000000000	000000000000000	000000000000000
150000400	000000000000000	000000000000000	000000000000000	000000000000000
150000500	000000000000000	000000000000000	000000000000000	000000000000000
150000600	000000000000000	000000000000000	000000000000000	000000000000000
150000700	000000018896068	000000000000000	000000000000000	000000000000000
150000800	000000000000000	000000000000000	000000000000000	000000000000000
160000000	000052264740235	000000000000000	000000000000000	000000000000000
160000100	000000000000000	000000000000000	000000000000000	000000000000000
160000200	000000000000000	000000000000000	000000000000000	000000000000000
160000201	000000000000000	000000000000000	000000000000000	000000000000000
160000202	000000000000000	000000000000000	000000000000000	000000000000000
160000203	000000000000000	000000000000000	000000000000000	000000000000000
160000204	000000000000000	000000000000000	000000000000000	000000000000000
160000205	000000000000000	000000000000000	000000000000000	000000000000000
160000206	000000000000000	000000000000000	000000000000000	000000000000000
160000207	000000000000000	000000000000000	000000000000000	000000000000000
160000208	000000000000000	000000000000000	000000000000000	000000000000000
160000209	000000000000000	000000000000000	000000000000000	000000000000000
160000219	000000000000000	000000000000000	000000000000000	000000000000000
160000300	000052264740235	000000000000000	000000000000000	000000000000000
160000301	000114956430909	000000000000000	000000000000000	000000000000000
160000302	000004352283728	000000000000000	000000000000000	000000000000000
160000303	000000000000000	000000000000000	000000000000000	000000000000000
160000309	000007488411727	000000000000000	000000000000000	000000000000000
160000319	-00074532386129	000000000000000	000000000000000	000000000000000
170000000	000001886380050	000000000000000	000000000000000	000000000000000
170000100	000000000000000	000000000000000	000000000000000	000000000000000
170000101	000000000000000	000000000000000	000000000000000	000000000000000
170000102	000000000000000	000000000000000	000000000000000	000000000000000
170000119	000000000000000	000000000000000	000000000000000	000000000000000
170000200	000001886380050	000000000000000	000000000000000	000000000000000
170000201	000017832610009	000000000000000	000000000000000	000000000000000
170000209	000001378021381	000000000000000	000000000000000	000000000000000
170000219	-00017324251340	000000000000000	000000000000000	000000000000000
175000000	000005284421429	000000000000000	000000000000000	000000000000000
175000100	000002545171826	000000000000000	000000000000000	000000000000000
175000101	000007551376439	000000000000000	000000000000000	000000000000000
175000102	000000000000000	000000000000000	000000000000000	000000000000000
175000119	-00005006204613	000000000000000	000000000000000	000000000000000
175000200	000002621849046	000000000000000	000000000000000	000000000000000
175000201	000014357482414	000000000000000	000000000000000	000000000000000
175000219	-00011735633368	000000000000000	000000000000000	000000000000000
175000300	000000000000000	000000000000000	000000000000000	000000000000000
175000301	000000000000000	000000000000000	000000000000000	000000000000000
175000309	000000000000000	000000000000000	000000000000000	000000000000000
175000319	000000000000000	000000000000000	000000000000000	000000000000000
175000400	000000117400557	000000000000000	000000000000000	000000000000000
175000401	000000000000000	000000000000000	000000000000000	000000000000000
175000409	000001311108933	000000000000000	000000000000000	000000000000000
175000419	-00001193708376	000000000000000	000000000000000	000000000000000
180000000	000003720031775	000000000000000	000000000000000	000000000000000
185000000	000034004408453	000000000000000	000000000000000	000000000000000
190000000	000036481309378	000000000000000	000000000000000	000002555465616
190000100	000000000000000	000000000000000	000000000000000	000000000000000
190000101	000000000000000	000000000000000	000000000000000	000000000000000
190000102	000000000000000	000000000000000	000000000000000	000000000000000
190000103	000000000000000	000000000000000	000000000000000	000000000000000
190000200	000001900000000	000000000000000	000000000000000	000002461984800
190000201	000000000000000	000000000000000	000000000000000	000000000000000
190000202	000000000000000	000000000000000	000000000000000	000000000000000
190000203	000001900000000	000000000000000	000000000000000	000002461984800
190000204	000000000000000	000000000000000	000000000000000	000000000000000
190000300	000000000000000	000000000000000	000000000000000	000000000000000
190000301	000000000000000	000000000000000	000000000000000	000000000000000
190000302	000000000000000	000000000000000	000000000000000	000000000000000
190000303	000000000000000	000000000000000	000000000000000	000000000000000
190000400	000000000000000	000000000000000	000000000000000	000000000000000
190000401	000000000000000	000000000000000	000000000000000	000000000000000
190000402	000000000000000	000000000000000	000000000000000	000000000000000
190000500	000015100941173	000000000000000	000000000000000	000000000000000
190000501	000000000000000	000000000000000	000000000000000	000000000000000
190000502	000000000000000	000000000000000	000000000000000	000000000000000
190000503	000000179518255	000000000000000	000000000000000	000000000000000
190000504	000000000000000	000000000000000	000000000000000	000000000000000
190000505	000000000000000	000000000000000	000000000000000	000000000000000
190000509	000014921422918	000000000000000	000000000000000	000000000000000
190000600	000000000000000	000000000000000	000000000000000	000000000000000
190000700	000000000000000	000000000000000	000000000000000	000000000000000
190000701	000000000000000	000000000000000	000000000000000	000000000000000
190000702	000000000000000	000000000000000	000000000000000	000000000000000
190000800	000000480282781	000000000000000	000000000000000	000000000000000
190000900	000003962436977	000000000000000	000000000000000	000000000000000
190001000	000000000000000	000000000000000	000000000000000	000000000000000
190001100	000000000000000	000000000000000	000000000000000	000000000000000
190001200	000000000000000	000000000000000	000000000000000	000000000000000
190001300	000000000000000	000000000000000	000000000000000	000000000000000
190001400	000000364897806	000000000000000	000000000000000	000000093257000
190001500	000001652081951	000000000000000	000000000000000	000000000223816
190002900	000013020668690	000000000000000	000000000000000	000000000000000
192500100	000000000000000	000000000000000	000000000000000	000000000000000
192500101	000000000000000	000000000000000	000000000000000	000000000000000
192500102	000000000000000	000000000000000	000000000000000	000000000000000
192500103	000000000000000	000000000000000	000000000000000	000000000000000
195000000	000000000000000	000000000000000	000000000000000	000000000000000
195000100	000000000000000	000000000000000	000000000000000	000000000000000
195000101	000000000000000	000000000000000	000000000000000	000000000000000
195000102	000000000000000	000000000000000	000000000000000	000000000000000
195000103	000000000000000	000000000000000	000000000000000	000000000000000
195000200	000000000000000	000000000000000	000000000000000	000000000000000
195000201	000000000000000	000000000000000	000000000000000	000000000000000
195000202	000000000000000	000000000000000	000000000000000	000000000000000
195000203	000000000000000	000000000000000	000000000000000	000000000000000
195000204	000000000000000	000000000000000	000000000000000	000000000000000
195000219	000000000000000	000000000000000	000000000000000	000000000000000
195000300	000000000000000	000000000000000	000000000000000	000000000000000
200000000	001023212784464	000155894698776	000000000000000	000007749656700
207000000	000000000000000	000000000000000	000000000000000	000000000000000
207000100	000000000000000	000000000000000	000000000000000	000000000000000
207000101	000000000000000	000000000000000	000000000000000	000000000000000
207000102	000000000000000	000000000000000	000000000000000	000000000000000
207000200	000000000000000	000000000000000	000000000000000	000000000000000
207000300	000000000000000	000000000000000	000000000000000	000000000000000
207000301	000000000000000	000000000000000	000000000000000	000000000000000
207000309	000000000000000	000000000000000	000000000000000	000000000000000
207000311	000000000000000	000000000000000	000000000000000	000000000000000
207000319	000000000000000	000000000000000	000000000000000	000000000000000
210000000	000007912127381	000000000000000	000000000000000	000000000000000
211000100	000007912127381	000000000000000	000000000000000	000000000000000
211000101	000000238900180	000000000000000	000000000000000	000000000000000
211000102	000007673227201	000000000000000	000000000000000	000000000000000
211000103	000000000000000	000000000000000	000000000000000	000000000000000
211000104	000000000000000	000000000000000	000000000000000	000000000000000
211000105	000000000000000	000000000000000	000000000000000	000000000000000
211000190	000000000000000	000000000000000	000000000000000	000000000000000
213000100	000000000000000	000000000000000	000000000000000	000000000000000
213000101	000000000000000	000000000000000	000000000000000	000000000000000
213000102	000000000000000	000000000000000	000000000000000	000000000000000
213000103	000000000000000	000000000000000	000000000000000	000000000000000
213000109	000000000000000	000000000000000	000000000000000	000000000000000
218000000	000000000000000	000000000000000	000000000000000	000000000000000
218000001	000000000000000	000000000000000	000000000000000	000000000000000
218000002	000000000000000	000000000000000	000000000000000	000000000000000
218000003	000000000000000	000000000000000	000000000000000	000000000000000
218000009	000000000000000	000000000000000	000000000000000	000000000000000
230000000	000000216741428	000000000000000	000000000000000	000000000000000
230000100	000000216741428	000000000000000	000000000000000	000000000000000
230000101	000000000000000	000000000000000	000000000000000	000000000000000
230000102	000000216741428	000000000000000	000000000000000	000000000000000
230000103	000000000000000	000000000000000	000000000000000	000000000000000
230000104	000000000000000	000000000000000	000000000000000	000000000000000
230000105	000000000000000	000000000000000	000000000000000	000000000000000
230000190	000000000000000	000000000000000	000000000000000	000000000000000
240000000	000931840301788	000155762191285	000000000000000	000000000000000
241000000	000108882746984	000000064878666	000000000000000	000000000000000
241000100	000055340923705	000000000000000	000000000000000	000000000000000
241000101	000000000000000	000000000000000	000000000000000	000000000000000
241000102	000000000000000	000000000000000	000000000000000	000000000000000
241000103	000000000000000	000000000000000	000000000000000	000000000000000
241000104	000055340923705	000000000000000	000000000000000	000000000000000
241000200	000045243287903	000000000000000	000000000000000	000000000000000
241000201	000000000000000	000000000000000	000000000000000	000000000000000
241000202	000045243287903	000000000000000	000000000000000	000000000000000
241000300	000003168907404	000000000000000	000000000000000	000000000000000
241000301	000003168907404	000000000000000	000000000000000	000000000000000
241000400	000000596762001	000000000000000	000000000000000	000000000000000
241000401	000000534398917	000000000000000	000000000000000	000000000000000
241000402	000000062363084	000000000000000	000000000000000	000000000000000
241000500	000004532865971	000000064878666	000000000000000	000000000000000
241000501	000000000000000	000000000000000	000000000000000	000000000000000
241000502	000000000000000	000000000000000	000000000000000	000000000000000
241000503	000000000000000	000000000000000	000000000000000	000000000000000
241000504	000000000000000	000000000000000	000000000000000	000000000000000
241000505	000000000000000	000000000000000	000000000000000	000000000000000
241000506	000000000000000	000000000000000	000000000000000	000000000000000
241000507	000000000000000	000000056863854	000000000000000	000000000000000
241000508	000000000000000	000000000000000	000000000000000	000000000000000
241000509	000000000000000	000000000000000	000000000000000	000000000000000
241000510	000000439240451	000000000000000	000000000000000	000000000000000
241000511	000000291264995	000000008014812	000000000000000	000000000000000
241000512	000000000000000	000000000000000	000000000000000	000000000000000
241000513	000000000000000	000000000000000	000000000000000	000000000000000
241000590	000003802360525	000000000000000	000000000000000	000000000000000
242000000	000720037164052	000027115014019	000000000000000	000000000000000
242000100	000720037164052	000027115014019	000000000000000	000000000000000
242000200	000000000000000	000000000000000	000000000000000	000000000000000
242000201	000000000000000	000000000000000	000000000000000	000000000000000
242000202	000000000000000	000000000000000	000000000000000	000000000000000
242000300	000000000000000	000000000000000	000000000000000	000000000000000
242000301	000000000000000	000000000000000	000000000000000	000000000000000
242000302	000000000000000	000000000000000	000000000000000	000000000000000
242000390	000000000000000	000000000000000	000000000000000	000000000000000
243000000	000000000000000	000000000000000	000000000000000	000000000000000
243000100	000000000000000	000000000000000	000000000000000	000000000000000
243000101	000000000000000	000000000000000	000000000000000	000000000000000
243000102	000000000000000	000000000000000	000000000000000	000000000000000
243000103	000000000000000	000000000000000	000000000000000	000000000000000
243000200	000000000000000	000000000000000	000000000000000	000000000000000
243000201	000000000000000	000000000000000	000000000000000	000000000000000
243000202	000000000000000	000000000000000	000000000000000	000000000000000
243000203	000000000000000	000000000000000	000000000000000	000000000000000
243000300	000000000000000	000000000000000	000000000000000	000000000000000
243000301	000000000000000	000000000000000	000000000000000	000000000000000
243000302	000000000000000	000000000000000	000000000000000	000000000000000
243000400	000000000000000	000000000000000	000000000000000	000000000000000
243000401	000000000000000	000000000000000	000000000000000	000000000000000
243000402	000000000000000	000000000000000	000000000000000	000000000000000
244000000	000000000000000	000000000000000	000000000000000	000000000000000
244250000	000000000000000	000000000000000	000000000000000	000000000000000
244250100	000000000000000	000000000000000	000000000000000	000000000000000
244250101	000000000000000	000000000000000	000000000000000	000000000000000
244250102	000000000000000	000000000000000	000000000000000	000000000000000
244250103	000000000000000	000000000000000	000000000000000	000000000000000
244250200	000000000000000	000000000000000	000000000000000	000000000000000
244250201	000000000000000	000000000000000	000000000000000	000000000000000
244250202	000000000000000	000000000000000	000000000000000	000000000000000
244250203	000000000000000	000000000000000	000000000000000	000000000000000
244250204	000000000000000	000000000000000	000000000000000	000000000000000
244250209	000000000000000	000000000000000	000000000000000	000000000000000
244500000	000000000000000	000000000000000	000000000000000	000000000000000
244500100	000000000000000	000000000000000	000000000000000	000000000000000
244500101	000000000000000	000000000000000	000000000000000	000000000000000
244500102	000000000000000	000000000000000	000000000000000	000000000000000
244500103	000000000000000	000000000000000	000000000000000	000000000000000
244500200	000000000000000	000000000000000	000000000000000	000000000000000
244500201	000000000000000	000000000000000	000000000000000	000000000000000
244500202	000000000000000	000000000000000	000000000000000	000000000000000
244500203	000000000000000	000000000000000	000000000000000	000000000000000
244500204	000000000000000	000000000000000	000000000000000	000000000000000
244500209	000000000000000	000000000000000	000000000000000	000000000000000
244700000	000000000000000	000000000000000	000000000000000	000000000000000
244700100	000000000000000	000000000000000	000000000000000	000000000000000
244700200	000000000000000	000000000000000	000000000000000	000000000000000
244900000	000000000000000	000000000000000	000000000000000	000000000000000
244900100	000000000000000	000000000000000	000000000000000	000000000000000
244900200	000000000000000	000000000000000	000000000000000	000000000000000
245000000	000072338557854	000128582298600	000000000000000	000000000000000
245000100	000000000000000	000009404601097	000000000000000	000000000000000
245000101	000000000000000	000009341064718	000000000000000	000000000000000
245000102	000000000000000	000000063536379	000000000000000	000000000000000
245000200	000072338557854	000119177697503	000000000000000	000000000000000
245000201	000072338557854	000119177697503	000000000000000	000000000000000
245000203	000000000000000	000000000000000	000000000000000	000000000000000
246000000	000030581832898	000000000000000	000000000000000	000000000000000
246000100	000000000000000	000000000000000	000000000000000	000000000000000
246000101	000000000000000	000000000000000	000000000000000	000000000000000
246000102	000000000000000	000000000000000	000000000000000	000000000000000
246000200	000030581832898	000000000000000	000000000000000	000000000000000
246000201	000000000000000	000000000000000	000000000000000	000000000000000
246000202	000000000000000	000000000000000	000000000000000	000000000000000
246000203	000000000000000	000000000000000	000000000000000	000000000000000
246000204	000030581832898	000000000000000	000000000000000	000000000000000
246000205	000000000000000	000000000000000	000000000000000	000000000000000
246000206	000000000000000	000000000000000	000000000000000	000000000000000
246000207	000000000000000	000000000000000	000000000000000	000000000000000
246000208	000000000000000	000000000000000	000000000000000	000000000000000
246000290	000000000000000	000000000000000	000000000000000	000000000000000
246000300	000000000000000	000000000000000	000000000000000	000000000000000
246000301	000000000000000	000000000000000	000000000000000	000000000000000
246000302	000000000000000	000000000000000	000000000000000	000000000000000
246000303	000000000000000	000000000000000	000000000000000	000000000000000
246000304	000000000000000	000000000000000	000000000000000	000000000000000
246000305	000000000000000	000000000000000	000000000000000	000000000000000
246000390	000000000000000	000000000000000	000000000000000	000000000000000
250000000	000003870174393	000000000000000	000000000000000	000000000000000
255000000	000000000000000	000000000000000	000000000000000	000000000000000
255000100	000000000000000	000000000000000	000000000000000	000000000000000
255000101	000000000000000	000000000000000	000000000000000	000000000000000
255000102	000000000000000	000000000000000	000000000000000	000000000000000
255000200	000000000000000	000000000000000	000000000000000	000000000000000
255000300	000000000000000	000000000000000	000000000000000	000000000000000
260000000	000011778718401	000000000000000	000000000000000	000000000000000
260000100	000008857251404	000000000000000	000000000000000	000000000000000
260000101	000003857470417	000000000000000	000000000000000	000000000000000
260000102	000000000000000	000000000000000	000000000000000	000000000000000
260000103	000002721389689	000000000000000	000000000000000	000000000000000
260000104	000002278391298	000000000000000	000000000000000	000000000000000
260000105	000000000000000	000000000000000	000000000000000	000000000000000
260000106	000000000000000	000000000000000	000000000000000	000000000000000
260000107	000000000000000	000000000000000	000000000000000	000000000000000
260000109	000000000000000	000000000000000	000000000000000	000000000000000
260000200	000000000000000	000000000000000	000000000000000	000000000000000
260000300	000000000000000	000000000000000	000000000000000	000000000000000
260000400	000000548457688	000000000000000	000000000000000	000000000000000
260000500	000001579947621	000000000000000	000000000000000	000000000000000
260000600	000000793061688	000000000000000	000000000000000	000000000000000
260000900	000000000000000	000000000000000	000000000000000	000000000000000
265000000	000006600631872	000000000000000	000000000000000	000000000000000
265000100	000006600631872	000000000000000	000000000000000	000000000000000
265000101	000006600631872	000000000000000	000000000000000	000000000000000
265000102	000000000000000	000000000000000	000000000000000	000000000000000
265000200	000000000000000	000000000000000	000000000000000	000000000000000
265000300	000000000000000	000000000000000	000000000000000	000000000000000
270000000	000018011306954	000000000000000	000000000000000	000000000000000
271000000	000004602306954	000000000000000	000000000000000	000000000000000
271000100	000000000000000	000000000000000	000000000000000	000000000000000
271000200	000000000000000	000000000000000	000000000000000	000000000000000
271000400	000000000000000	000000000000000	000000000000000	000000000000000
271000500	000000000000000	000000000000000	000000000000000	000000000000000
271000501	000000000000000	000000000000000	000000000000000	000000000000000
271000502	000000000000000	000000000000000	000000000000000	000000000000000
271000503	000000000000000	000000000000000	000000000000000	000000000000000
271000504	000000000000000	000000000000000	000000000000000	000000000000000
271000505	000000000000000	000000000000000	000000000000000	000000000000000
271000600	000000000000000	000000000000000	000000000000000	000000000000000
271000601	000000000000000	000000000000000	000000000000000	000000000000000
271000602	000000000000000	000000000000000	000000000000000	000000000000000
271000700	000004602306954	000000000000000	000000000000000	000000000000000
271000701	000000000000000	000000000000000	000000000000000	000000000000000
271000702	000000000000000	000000000000000	000000000000000	000000000000000
271000703	000000011216546	000000000000000	000000000000000	000000000000000
271000704	000004591090408	000000000000000	000000000000000	000000000000000
271000705	000000000000000	000000000000000	000000000000000	000000000000000
271000800	000000000000000	000000000000000	000000000000000	000000000000000
271000900	000000000000000	000000000000000	000000000000000	000000000000000
272000000	000000000000000	000000000000000	000000000000000	000000000000000
273000000	000000000000000	000000000000000	000000000000000	000000000000000
274000000	000010112000000	000000000000000	000000000000000	000000000000000
274000100	000000000000000	000000000000000	000000000000000	000000000000000
274000200	000000000000000	000000000000000	000000000000000	000000000000000
274000300	000010112000000	000000000000000	000000000000000	000000000000000
275000000	000000000000000	000000000000000	000000000000000	000000000000000
275000100	000000000000000	000000000000000	000000000000000	000000000000000
275000200	000000000000000	000000000000000	000000000000000	000000000000000
275000300	000000000000000	000000000000000	000000000000000	000000000000000
275000400	000000000000000	000000000000000	000000000000000	000000000000000
275000500	000000000000000	000000000000000	000000000000000	000000000000000
275000600	000000000000000	000000000000000	000000000000000	000000000000000
279000000	000003297000000	000000000000000	000000000000000	000000000000000
279000100	000000000000000	000000000000000	000000000000000	000000000000000
279000200	000000000000000	000000000000000	000000000000000	000000000000000
279000300	000003297000000	000000000000000	000000000000000	000000000000000
280000000	000000134156354	000000000000000	000000000000000	000000000000000
285000000	000000387478818	000000000000000	000000000000000	000000000000000
290000000	000042461147075	000000132507491	000000000000000	000007749656700
290000100	000000000000000	000000000000000	000000000000000	000007749656700
290000101	000000000000000	000000000000000	000000000000000	000000000000000
290000102	000000000000000	000000000000000	000000000000000	000000000000000
290000103	000000000000000	000000000000000	000000000000000	000007749656700
290000104	000000000000000	000000000000000	000000000000000	000000000000000
290000200	000000000000000	000000000000000	000000000000000	000000000000000
290000201	000000000000000	000000000000000	000000000000000	000000000000000
290000202	000000000000000	000000000000000	000000000000000	000000000000000
290000203	000000000000000	000000000000000	000000000000000	000000000000000
290000300	000037485374963	000000132507491	000000000000000	000000000000000
290000301	000000214640518	000000000000000	000000000000000	000000000000000
290000302	000000580579743	000000000000000	000000000000000	000000000000000
290000303	000000000000000	000000000000000	000000000000000	000000000000000
290000304	000000000000000	000000000000000	000000000000000	000000000000000
290000305	000001730233140	000000000000000	000000000000000	000000000000000
290000306	000000000000000	000000000000000	000000000000000	000000000000000
290000307	000000000000000	000000000000000	000000000000000	000000000000000
290000308	000004027307407	000000000000000	000000000000000	000000000000000
290000309	000000000000000	000000000000000	000000000000000	000000000000000
290000390	000030932614155	000000132507491	000000000000000	000000000000000
290000400	000000000000000	000000000000000	000000000000000	000000000000000
290000500	000000000000000	000000000000000	000000000000000	000000000000000
290000501	000000000000000	000000000000000	000000000000000	000000000000000
290000502	000000000000000	000000000000000	000000000000000	000000000000000
290000700	000000000000000	000000000000000	000000000000000	000000000000000
290000800	000001402518308	000000000000000	000000000000000	000000000000000
290000801	000000000000000	000000000000000	000000000000000	000000000000000
290000802	000000332224539	000000000000000	000000000000000	000000000000000
290000803	000000000000000	000000000000000	000000000000000	000000000000000
290000809	000001070293769	000000000000000	000000000000000	000000000000000
290000900	000001867241755	000000000000000	000000000000000	000000000000000
290001000	000000000000000	000000000000000	000000000000000	000000000000000
290001100	000001174897895	000000000000000	000000000000000	000000000000000
290001200	000000531114154	000000000000000	000000000000000	000000000000000
295000000	000000000000000	000000000000000	000000000000000	000000000000000
300000000	000246360442713	-00000279320057	000000000000000	000000000000000
310000000	000181185334496	000000000000000	000000000000000	000000000000000
311000000	000181185334496	000000000000000	000000000000000	000000000000000
311000100	000181185334496	000000000000000	000000000000000	000000000000000
311000200	000000000000000	000000000000000	000000000000000	000000000000000
311000300	000000000000000	000000000000000	000000000000000	000000000000000
311000400	000000000000000	000000000000000	000000000000000	000000000000000
311000500	000000000000000	000000000000000	000000000000000	000000000000000
311000600	000000000000000	000000000000000	000000000000000	000000000000000
312000000	000000000000000	000000000000000	000000000000000	000000000000000
313000000	000000000000000	000000000000000	000000000000000	000000000000000
320000000	000001199825238	000000000000000	000000000000000	000000000000000
320000100	000001199825238	000000000000000	000000000000000	000000000000000
320000200	000000000000000	000000000000000	000000000000000	000000000000000
320000300	000000000000000	000000000000000	000000000000000	000000000000000
320000400	000000000000000	000000000000000	000000000000000	000000000000000
330000000	-00000135911351	000000000000000	000000000000000	000000000000000
331000000	-00000125038862	000000000000000	000000000000000	000000000000000
331000100	-00000125038862	000000000000000	000000000000000	000000000000000
331000200	000000000000000	000000000000000	000000000000000	000000000000000
331000201	000000000000000	000000000000000	000000000000000	000000000000000
331000202	000000000000000	000000000000000	000000000000000	000000000000000
331000203	000000000000000	000000000000000	000000000000000	000000000000000
331000209	000000000000000	000000000000000	000000000000000	000000000000000
331000300	000000000000000	000000000000000	000000000000000	000000000000000
331000400	000000000000000	000000000000000	000000000000000	000000000000000
331000500	000000000000000	000000000000000	000000000000000	000000000000000
331000900	000000000000000	000000000000000	000000000000000	000000000000000
332000000	-00000010872489	000000000000000	000000000000000	000000000000000
332000100	-00000044533417	000000000000000	000000000000000	000000000000000
332000200	000000000000000	000000000000000	000000000000000	000000000000000
332000300	000000000000000	000000000000000	000000000000000	000000000000000
332000400	000000033660928	000000000000000	000000000000000	000000000000000
332000500	000000000000000	000000000000000	000000000000000	000000000000000
332000600	000000000000000	000000000000000	000000000000000	000000000000000
332000700	000000000000000	000000000000000	000000000000000	000000000000000
332000900	000000000000000	000000000000000	000000000000000	000000000000000
340000000	000056192269051	000000000000000	000000000000000	000000000000000
340000100	000056192269051	000000000000000	000000000000000	000000000000000
340000200	000000000000000	000000000000000	000000000000000	000000000000000
350000000	000022281426298	-00000279320057	000000000000000	000000000000000
360000000	-00006600631872	000000000000000	000000000000000	000000000000000
360000100	-00006600631872	000000000000000	000000000000000	000000000000000
360000101	-00006600631872	000000000000000	000000000000000	000000000000000
360000102	000000000000000	000000000000000	000000000000000	000000000000000
360000200	000000000000000	000000000000000	000000000000000	000000000000000
360000300	000000000000000	000000000000000	000000000000000	000000000000000
365000000	000000000000000	000000000000000	000000000000000	000000000000000
380000000	000254122311860	-00000279320057	000000000000000	000000000000000
390000000	-00007761869147	000000000000000	000000000000000	000000000000000
500000000	001038016651892	000011051411534	000000000000000	000000000000000
505000000	001038016651892	000011051411534	000000000000000	000000000000000
510000000	001269573227177	000155615378719	000000000000000	000007749656700
