001	BANCO DE CHILE
100000000	024651651113426	022856329495532	000180018464771	006081904053042
105000000	000927541763123	000000000000000	000000000000000	001403664947427
105000100	000756377531663	000000000000000	000000000000000	000133526653787
105000101	000209326992419	000000000000000	000000000000000	000107413642592
105000102	000547050539244	000000000000000	000000000000000	000026113011195
105000103	000000000000000	000000000000000	000000000000000	000000000000000
105000200	000166550611507	000000000000000	000000000000000	000148815228446
105000201	000166550611507	000000000000000	000000000000000	000148815228446
105000202	000000000000000	000000000000000	000000000000000	000000000000000
105000209	000000000000000	000000000000000	000000000000000	000000000000000
105000300	000000000000000	000000000000000	000000000000000	000000000000000
105000301	000000000000000	000000000000000	000000000000000	000000000000000
105000302	000000000000000	000000000000000	000000000000000	000000000000000
105000309	000000000000000	000000000000000	000000000000000	000000000000000
105000400	000004613619953	000000000000000	000000000000000	000010580316557
105000500	000000000000000	000000000000000	000000000000000	001110742748637
107000000	000156372684396	000000000000000	000000000000000	000200364329193
107000100	000071752634945	000000000000000	000000000000000	000013650497396
107000101	000000033232912	000000000000000	000000000000000	000000000000000
107000102	000071118027169	000000000000000	000000000000000	000012517533322
107000103	000000601374864	000000000000000	000000000000000	000001132964074
107000200	000000000000000	000000000000000	000000000000000	000000000000000
107000201	000000000000000	000000000000000	000000000000000	000000000000000
107000202	000000000000000	000000000000000	000000000000000	000000000000000
107000300	000000000000000	000000000000000	000000000000000	000024716435200
107000400	000084620049451	000000000000000	000000000000000	000161997396597
107000401	000043845247335	000000000000000	000000000000000	000000000000000
107000409	000014950304866	000000000000000	000000000000000	000158413324829
107000411	000025824497250	000000000000000	000000000000000	000003578846518
107000419	000000000000000	000000000000000	000000000000000	000000005225250
110000000	004706280887521	000108405095942	000000000000000	000312721436634
111000100	001736752823108	000000000000000	000000000000000	000307796566763
111000101	000238188877139	000000000000000	000000000000000	000002344085788
111000102	001494770729572	000000000000000	000000000000000	000305452480975
111000103	000002655339439	000000000000000	000000000000000	000000000000000
111000104	000001137876958	000000000000000	000000000000000	000000000000000
111000105	000000000000000	000000000000000	000000000000000	000000000000000
111000109	000000000000000	000000000000000	000000000000000	000000000000000
112000000	002642053124407	000108405095942	000000000000000	000000063217679
112000100	002578090597833	000016838926559	000000000000000	000000000000000
112000101	002364944306513	000000222535879	000000000000000	000000000000000
112000102	000213146291320	000016616390680	000000000000000	000000000000000
112000109	000000000000000	000000000000000	000000000000000	000000000000000
112000200	000063962526574	000091566169383	000000000000000	000000063217679
112000201	000063962247690	000091566169383	000000000000000	000000063217679
112000202	000000000278884	000000000000000	000000000000000	000000000000000
112000209	000000000000000	000000000000000	000000000000000	000000000000000
112000300	000000000000000	000000000000000	000000000000000	000000000000000
112000301	000000000000000	000000000000000	000000000000000	000000000000000
112000302	000000000000000	000000000000000	000000000000000	000000000000000
112000303	000000000000000	000000000000000	000000000000000	000000000000000
112000304	000000000000000	000000000000000	000000000000000	000000000000000
112000309	000000000000000	000000000000000	000000000000000	000000000000000
113000000	000327474940006	000000000000000	000000000000000	000004861652192
113000100	000322110911715	000000000000000	000000000000000	000000000000000
113000101	000322110911715	000000000000000	000000000000000	000000000000000
113000102	000000000000000	000000000000000	000000000000000	000000000000000
113000200	000002569341948	000000000000000	000000000000000	000004821460381
113000201	000002569341948	000000000000000	000000000000000	000000000000000
113000202	000000000000000	000000000000000	000000000000000	000004821460381
113000300	000000000000000	000000000000000	000000000000000	000000000000000
113000301	000000000000000	000000000000000	000000000000000	000000000000000
113000302	000000000000000	000000000000000	000000000000000	000000000000000
113000303	000000000000000	000000000000000	000000000000000	000000000000000
113000304	000000000000000	000000000000000	000000000000000	000000000000000
113000400	000002794686343	000000000000000	000000000000000	000000040191811
115000000	000000000000000	000000000000000	000000000000000	000000000000000
115250000	000000000000000	000000000000000	000000000000000	000000000000000
115250100	000000000000000	000000000000000	000000000000000	000000000000000
115250101	000000000000000	000000000000000	000000000000000	000000000000000
115250102	000000000000000	000000000000000	000000000000000	000000000000000
115250109	000000000000000	000000000000000	000000000000000	000000000000000
115250200	000000000000000	000000000000000	000000000000000	000000000000000
115250201	000000000000000	000000000000000	000000000000000	000000000000000
115250202	000000000000000	000000000000000	000000000000000	000000000000000
115250209	000000000000000	000000000000000	000000000000000	000000000000000
115250300	000000000000000	000000000000000	000000000000000	000000000000000
115250301	000000000000000	000000000000000	000000000000000	000000000000000
115250302	000000000000000	000000000000000	000000000000000	000000000000000
115250303	000000000000000	000000000000000	000000000000000	000000000000000
115250304	000000000000000	000000000000000	000000000000000	000000000000000
115250309	000000000000000	000000000000000	000000000000000	000000000000000
115500000	000000000000000	000000000000000	000000000000000	000000000000000
115500100	000000000000000	000000000000000	000000000000000	000000000000000
115500101	000000000000000	000000000000000	000000000000000	000000000000000
115500102	000000000000000	000000000000000	000000000000000	000000000000000
115500300	000000000000000	000000000000000	000000000000000	000000000000000
115500301	000000000000000	000000000000000	000000000000000	000000000000000
115500302	000000000000000	000000000000000	000000000000000	000000000000000
115500303	000000000000000	000000000000000	000000000000000	000000000000000
115500304	000000000000000	000000000000000	000000000000000	000000000000000
115500400	000000000000000	000000000000000	000000000000000	000000000000000
118000000	000000000000000	000000000000000	000000000000000	000000000000000
118250000	000000000000000	000000000000000	000000000000000	000000000000000
118250100	000000000000000	000000000000000	000000000000000	000000000000000
118250101	000000000000000	000000000000000	000000000000000	000000000000000
118250102	000000000000000	000000000000000	000000000000000	000000000000000
118250109	000000000000000	000000000000000	000000000000000	000000000000000
118250200	000000000000000	000000000000000	000000000000000	000000000000000
118250201	000000000000000	000000000000000	000000000000000	000000000000000
118250202	000000000000000	000000000000000	000000000000000	000000000000000
118250209	000000000000000	000000000000000	000000000000000	000000000000000
118250300	000000000000000	000000000000000	000000000000000	000000000000000
118250301	000000000000000	000000000000000	000000000000000	000000000000000
118250302	000000000000000	000000000000000	000000000000000	000000000000000
118250303	000000000000000	000000000000000	000000000000000	000000000000000
118250304	000000000000000	000000000000000	000000000000000	000000000000000
118250309	000000000000000	000000000000000	000000000000000	000000000000000
118500000	000000000000000	000000000000000	000000000000000	000000000000000
118500300	000000000000000	000000000000000	000000000000000	000000000000000
118500301	000000000000000	000000000000000	000000000000000	000000000000000
118500302	000000000000000	000000000000000	000000000000000	000000000000000
118500303	000000000000000	000000000000000	000000000000000	000000000000000
118500304	000000000000000	000000000000000	000000000000000	000000000000000
118500400	000000000000000	000000000000000	000000000000000	000000000000000
120000000	001090224383254	000769074544177	000000000000000	000088433621058
122000000	001090224383254	000769074544177	000000000000000	000088433621058
122000100	000228143393651	000405562163346	000000000000000	000000000000000
122000101	000000000000000	000000000000000	000000000000000	000000000000000
122000102	000228143393651	000405237200016	000000000000000	000000000000000
122000109	000000000000000	000000324963330	000000000000000	000000000000000
122000200	000862080989603	000363512380831	000000000000000	000001754051170
122000201	000854940076454	000305689143256	000000000000000	000001754051170
122000202	000007140913149	000057823237575	000000000000000	000000000000000
122000209	000000000000000	000000000000000	000000000000000	000000000000000
122000300	000000000000000	000000000000000	000000000000000	000086679569888
122000301	000000000000000	000000000000000	000000000000000	000000000000000
122000302	000000000000000	000000000000000	000000000000000	000075939762368
122000303	000000000000000	000000000000000	000000000000000	000009792121749
122000304	000000000000000	000000000000000	000000000000000	000000947685771
122000309	000000000000000	000000000000000	000000000000000	000000000000000
123000000	000000000000000	000000000000000	000000000000000	000000000000000
123000300	000000000000000	000000000000000	000000000000000	000000000000000
123000301	000000000000000	000000000000000	000000000000000	000000000000000
123000302	000000000000000	000000000000000	000000000000000	000000000000000
123000303	000000000000000	000000000000000	000000000000000	000000000000000
123000304	000000000000000	000000000000000	000000000000000	000000000000000
123000400	000000000000000	000000000000000	000000000000000	000000000000000
130000000	000047107669347	000000000000000	000000000000000	000000000000000
130000100	000047107669347	000000000000000	000000000000000	000000000000000
130000101	000000000000000	000000000000000	000000000000000	000000000000000
130000102	000047107669347	000000000000000	000000000000000	000000000000000
130000103	000000000000000	000000000000000	000000000000000	000000000000000
130000104	000000000000000	000000000000000	000000000000000	000000000000000
130000105	000000000000000	000000000000000	000000000000000	000000000000000
130000190	000000000000000	000000000000000	000000000000000	000000000000000
140000000	015528509183510	021947571391163	000168082380138	003582252935897
141000000	000099282894808	000000000000000	000000000000000	000000000000000
141000100	000000000000000	000000000000000	000000000000000	000000000000000
141000101	000000000000000	000000000000000	000000000000000	000000000000000
141000102	000000000000000	000000000000000	000000000000000	000000000000000
141000103	000000000000000	000000000000000	000000000000000	000000000000000
141000200	000000000000000	000000000000000	000000000000000	000000000000000
141000201	000000000000000	000000000000000	000000000000000	000000000000000
141000202	000000000000000	000000000000000	000000000000000	000000000000000
141000203	000000000000000	000000000000000	000000000000000	000000000000000
141000300	000099282894808	000000000000000	000000000000000	000000000000000
141000301	000099282894808	000000000000000	000000000000000	000000000000000
141000302	000000000000000	000000000000000	000000000000000	000000000000000
141000400	000000000000000	000000000000000	000000000000000	000000000000000
141000401	000000000000000	000000000000000	000000000000000	000000000000000
141000402	000000000000000	000000000000000	000000000000000	000000000000000
141000900	000000000000000	000000000000000	000000000000000	000000000000000
141000901	000000000000000	000000000000000	000000000000000	000000000000000
141000902	000000000000000	000000000000000	000000000000000	000000000000000
141000903	000000000000000	000000000000000	000000000000000	000000000000000
141500000	000308820319856	000620445572402	000000000000000	000000000000000
141500100	000308854708332	000620445977593	000000000000000	000000000000000
141500101	000000000000000	000000000000000	000000000000000	000000000000000
141500102	000308854708332	000620445977593	000000000000000	000000000000000
141500109	000000000000000	000000000000000	000000000000000	000000000000000
141500200	000000000000000	000000000000000	000000000000000	000000000000000
141500201	000000000000000	000000000000000	000000000000000	000000000000000
141500202	000000000000000	000000000000000	000000000000000	000000000000000
141500209	000000000000000	000000000000000	000000000000000	000000000000000
141500300	000000000000000	000000000000000	000000000000000	000000000000000
141500301	000000000000000	000000000000000	000000000000000	000000000000000
141500302	000000000000000	000000000000000	000000000000000	000000000000000
141500303	000000000000000	000000000000000	000000000000000	000000000000000
141500304	000000000000000	000000000000000	000000000000000	000000000000000
141500309	000000000000000	000000000000000	000000000000000	000000000000000
141500900	-00000034388476	-00000000405191	000000000000000	000000000000000
141500901	-00000034388476	-00000000405191	000000000000000	000000000000000
141500902	000000000000000	000000000000000	000000000000000	000000000000000
141500903	000000000000000	000000000000000	000000000000000	000000000000000
143000000	001299928000230	000000000000000	000000000000000	000399937273079
143100100	000200000000231	000000000000000	000000000000000	000000000000000
143100101	000200000000000	000000000000000	000000000000000	000000000000000
143100102	000000000000000	000000000000000	000000000000000	000000000000000
143100103	000000000000231	000000000000000	000000000000000	000000000000000
143100104	000000000000000	000000000000000	000000000000000	000000000000000
143100105	000000000000000	000000000000000	000000000000000	000000000000000
143100106	000000000000000	000000000000000	000000000000000	000000000000000
143100107	000000000000000	000000000000000	000000000000000	000000000000000
143100190	000000000000000	000000000000000	000000000000000	000000000000000
143150100	-00000072000001	000000000000000	000000000000000	000000000000000
143150101	-00000072000001	000000000000000	000000000000000	000000000000000
143150102	000000000000000	000000000000000	000000000000000	000000000000000
143150103	000000000000000	000000000000000	000000000000000	000000000000000
143200100	000000000000000	000000000000000	000000000000000	000400765183228
143200101	000000000000000	000000000000000	000000000000000	000000000000000
143200102	000000000000000	000000000000000	000000000000000	000262216983266
143200103	000000000000000	000000000000000	000000000000000	000000000000000
143200104	000000000000000	000000000000000	000000000000000	000138548199960
143200105	000000000000000	000000000000000	000000000000000	000000000000000
143200106	000000000000000	000000000000000	000000000000000	000000000000002
143200107	000000000000000	000000000000000	000000000000000	000000000000000
143200108	000000000000000	000000000000000	000000000000000	000000000000000
143200190	000000000000000	000000000000000	000000000000000	000000000000000
143250100	000000000000000	000000000000000	000000000000000	-00000827910149
143250101	000000000000000	000000000000000	000000000000000	-00000827910149
143250102	000000000000000	000000000000000	000000000000000	000000000000000
143250103	000000000000000	000000000000000	000000000000000	000000000000000
143300100	001100000000000	000000000000000	000000000000000	000000000000000
143300101	000000000000000	000000000000000	000000000000000	000000000000000
143300102	001100000000000	000000000000000	000000000000000	000000000000000
143300103	000000000000000	000000000000000	000000000000000	000000000000000
143400100	000000000000000	000000000000000	000000000000000	000000000000000
143400101	000000000000000	000000000000000	000000000000000	000000000000000
143400102	000000000000000	000000000000000	000000000000000	000000000000000
143400103	000000000000000	000000000000000	000000000000000	000000000000000
144000000	013820477968616	021327125818761	000168082380138	003182315662818
145000000	009058960575372	007843411942498	000168454945426	003201778638076
145400100	007339942832209	006845817590893	000000000000000	001290720454267
145400101	007237844134615	003700745992621	000000000000000	001172129440194
145400102	000000000000000	000000000000000	000000000000000	000118591014073
145400103	000000000000000	000000000000000	000000000000000	000000000000000
145400104	000000000105127	000000092962161	000000000000000	000000000000000
145400105	000000001812834	000000401897286	000000000000000	000000000000000
145400106	000102096779633	003144576738825	000000000000000	000000000000000
145400200	000056727814549	000008061436138	000000072115783	001673568259340
145400201	000000000000000	000000000000000	000000000000000	000000000000000
145400202	000056467296626	000008061436138	000000000000000	001143580199868
145400203	000000260517923	000000000000000	000000000000000	000000000000000
145400204	000000000000000	000000000000000	000000072115783	000529988059472
145400205	000000000000000	000000000000000	000000000000000	000000000000000
145400290	000000000000000	000000000000000	000000000000000	000000000000000
145400300	000178046945659	000000000000000	000000000000000	000004879375213
145400400	000116272176189	000000000000000	000000000000000	000010870971476
145400401	000057086030724	000000000000000	000000000000000	000010870971476
145400402	000059186145465	000000000000000	000000000000000	000000000000000
145400500	000440217891197	000010425897563	000000000000000	000220045024778
145400501	000234146797055	000000000000000	000000000000000	000015592329078
145400502	000206071094142	000010425897563	000000000000000	000204452695700
145400600	000922826580237	000916690737573	000168382829643	000000000000000
145400601	000167924809033	000800755156701	000063619311613	000000000000000
145400602	000754901771204	000115935580872	000104763518030	000000000000000
145400700	000000008187261	000051318215462	000000000000000	000000000000000
145400701	000000000000000	000000000000000	000000000000000	000000000000000
145400702	000000000000000	000000000000000	000000000000000	000000000000000
145400703	000000008187261	000051318215462	000000000000000	000000000000000
145400900	000004918148071	000011098064869	000000000000000	000001694553002
145400901	000000000000000	000000000000000	000000000000000	000000000000000
145400902	000001836136712	000006182497334	000000000000000	000000000000000
145400990	000003082011359	000004915567535	000000000000000	000001694553002
146000000	000045477603553	013453938576037	000000000000000	000000000000000
146000100	000000000000000	000001255113043	000000000000000	000000000000000
146000200	000000000304724	000010591960932	000000000000000	000000000000000
146000300	000000000000000	000000000000000	000000000000000	000000000000000
146000400	000042736107631	013280547882553	000000000000000	000000000000000
146000401	000000000000000	000000000000000	000000000000000	000000000000000
146000402	000042736107631	013280547882553	000000000000000	000000000000000
146000500	000000000000000	000000000000000	000000000000000	000000000000000
146000900	000002741191198	000161543619509	000000000000000	000000000000000
146000901	000001126700336	000156429447210	000000000000000	000000000000000
146000902	000000001203583	000005113851189	000000000000000	000000000000000
146000903	000000000000000	000000000000000	000000000000000	000000000000000
146000909	000001613287279	000000000321110	000000000000000	000000000000000
148000000	005452295573695	000029775300226	000000000000000	000066241796385
148000100	003233843984726	000029775300226	000000000000000	000000000000000
148000200	000282614796673	000000000000000	000000000000000	000000006460882
148000300	001934382993831	000000000000000	000000000000000	000066235335503
148000301	001091566505801	000000000000000	000000000000000	000066235335503
148000302	000842816488030	000000000000000	000000000000000	000000000000000
148000400	000000424614897	000000000000000	000000000000000	000000000000000
148000900	000001029183568	000000000000000	000000000000000	000000000000000
148000901	000000000000000	000000000000000	000000000000000	000000000000000
148000902	000001029183568	000000000000000	000000000000000	000000000000000
149000000	-00736255784004	000000000000000	-00000372565288	-00085704771643
149500100	-00299476403688	000000000000000	-00000372565288	-00083314396600
149500101	-00099474110303	000000000000000	-00000302599596	-00065056499192
149500102	-00003126443660	000000000000000	-00000005048843	-00002362210587
149500103	-00069315398208	000000000000000	-00000055215270	-00012646690976
149500104	-00036059181656	000000000000000	-00000009701579	-00001455652774
149500105	-00088536305572	000000000000000	000000000000000	-00001793343071
149500109	-00002964964289	000000000000000	000000000000000	000000000000000
149600100	-00039804000302	000000000000000	000000000000000	000000000000000
149600101	-00016284729613	000000000000000	000000000000000	000000000000000
149600102	-00023519270689	000000000000000	000000000000000	000000000000000
149700100	-00396975380014	000000000000000	000000000000000	-00002390375043
149700101	-00245123094303	000000000000000	000000000000000	-00002368443902
149700102	-00151852285711	000000000000000	000000000000000	-00000021931141
150000000	000078802814089	000000000000000	000000000000000	000000107825736
150000100	000000000000000	000000000000000	000000000000000	000000000000000
150000200	000000000000000	000000000000000	000000000000000	000000000000000
150000201	000000000000000	000000000000000	000000000000000	000000000000000
150000202	000000000000000	000000000000000	000000000000000	000000000000000
150000300	000060598085369	000000000000000	000000000000000	000000000000000
150000400	000000000000000	000000000000000	000000000000000	000000000000000
150000500	000008417924990	000000000000000	000000000000000	000000000000000
150000600	000000000000000	000000000000000	000000000000000	000000000000000
150000700	000007709455390	000000000000000	000000000000000	000000000000000
150000800	000002077348340	000000000000000	000000000000000	000000107825736
160000000	000162411858434	000000000000000	000000000000000	000000000000000
160000100	000000000000000	000000000000000	000000000000000	000000000000000
160000200	000000000000000	000000000000000	000000000000000	000000000000000
160000201	000000000000000	000000000000000	000000000000000	000000000000000
160000202	000000000000000	000000000000000	000000000000000	000000000000000
160000203	000000000000000	000000000000000	000000000000000	000000000000000
160000204	000000000000000	000000000000000	000000000000000	000000000000000
160000205	000000000000000	000000000000000	000000000000000	000000000000000
160000206	000000000000000	000000000000000	000000000000000	000000000000000
160000207	000000000000000	000000000000000	000000000000000	000000000000000
160000208	000000000000000	000000000000000	000000000000000	000000000000000
160000209	000000000000000	000000000000000	000000000000000	000000000000000
160000219	000000000000000	000000000000000	000000000000000	000000000000000
160000300	000162411858434	000000000000000	000000000000000	000000000000000
160000301	000357815686909	000000000000000	000000000000000	000000000000000
160000302	000033328662269	000000000000000	000000000000000	000000000000000
160000303	000000000000000	000000000000000	000000000000000	000000000000000
160000309	000001744049759	000000000000000	000000000000000	000000000000000
160000319	-00230476540503	000000000000000	000000000000000	000000000000000
170000000	000186609547874	000000000000000	000000000000000	000000000000000
170000100	000152625957122	000000000000000	000000000000000	000000000000000
170000101	000280336494146	000000000000000	000000000000000	000000000000000
170000102	000047213760506	000000000000000	000000000000000	000000000000000
170000119	-00174924297530	000000000000000	000000000000000	000000000000000
170000200	000033983590752	000000000000000	000000000000000	000000000000000
170000201	000262749071182	000000000000000	000000000000000	000000000000000
170000209	000063805183235	000000000000000	000000000000000	000000000000000
170000219	-00292570663665	000000000000000	000000000000000	000000000000000
175000000	000092196829570	000000164201987	000000000000000	000000000000000
175000100	000085391881827	000000164201987	000000000000000	000000000000000
175000101	000162729466976	000000164201987	000000000000000	000000000000000
175000102	000000000000000	000000000000000	000000000000000	000000000000000
175000119	-00077337585149	000000000000000	000000000000000	000000000000000
175000200	000006804947743	000000000000000	000000000000000	000000000000000
175000201	000028724299279	000000000000000	000000000000000	000000000000000
175000219	-00021919351536	000000000000000	000000000000000	000000000000000
175000300	000000000000000	000000000000000	000000000000000	000000000000000
175000301	000000000000000	000000000000000	000000000000000	000000000000000
175000309	000000000000000	000000000000000	000000000000000	000000000000000
175000319	000000000000000	000000000000000	000000000000000	000000000000000
175000400	000000000000000	000000000000000	000000000000000	000000000000000
175000401	000000000000000	000000000000000	000000000000000	000000000000000
175000409	000000000000000	000000000000000	000000000000000	000000000000000
175000419	000000000000000	000000000000000	000000000000000	000000000000000
180000000	000148726376142	000000000000000	000000000000000	000000000000000
185000000	000553227235628	000000000000000	000000000000000	000000000000000
190000000	000940551249477	000031114262263	000011936084633	000494358957097
190000100	000094679134447	000031035688628	000010417119771	000000000000000
190000101	000094679134447	000031035688628	000010417119771	000000000000000
190000102	000000000000000	000000000000000	000000000000000	000000000000000
190000103	000000000000000	000000000000000	000000000000000	000000000000000
190000200	000003088486583	000000000000000	000000000000000	000358393297855
190000201	000003088486583	000000000000000	000000000000000	000001172520648
190000202	000000000000000	000000000000000	000000000000000	000000000000000
190000203	000000000000000	000000000000000	000000000000000	000040880931197
190000204	000000000000000	000000000000000	000000000000000	000316339846010
190000300	000247893134552	000000000000000	000000000000000	000006638198765
190000301	000080531738110	000000000000000	000000000000000	000006638198765
190000302	000167361396442	000000000000000	000000000000000	000000000000000
190000303	000000000000000	000000000000000	000000000000000	000000000000000
190000400	000000000000000	000000000000000	000000000000000	000000000000000
190000401	000000000000000	000000000000000	000000000000000	000000000000000
190000402	000000000000000	000000000000000	000000000000000	000000000000000
190000500	000462999627529	000000006469214	000000000000000	000117409635015
190000501	000010659542296	000000000000000	000000000000000	000000000000000
190000502	000000000000000	000000000000000	000000000000000	000000000000000
190000503	000300341838794	000000000000000	000000000000000	000000000000000
190000504	000000000000000	000000000000000	000000000000000	000000000000000
190000505	000002867666233	000000000000000	000000000000000	000000000000000
190000509	000149130580206	000000006469214	000000000000000	000117409635015
190000600	000000000000000	000000000000000	000000000000000	000000000000000
190000700	000011316742781	000000000000000	000000000000000	000000000000000
190000701	000017628656634	000000000000000	000000000000000	000000000000000
190000702	-00006311913853	000000000000000	000000000000000	000000000000000
190000800	000000082406304	000000000000000	000000000000000	000000000000000
190000900	000057693474211	000000000000000	000000000000000	000000000000000
190001000	000000000000000	000000000000000	000000000000000	000000000000000
190001100	000000000000000	000000000000000	000000000000000	000000000000000
190001200	000017231516990	000000000000000	000001509662996	000000000000000
190001300	000000000000000	000000000000000	000000000000000	000000000000000
190001400	000029404081628	000000037993322	000000000000000	000010296546430
190001500	000002550803388	000000034015854	000000009301866	000000088960864
190002900	000015687973418	000000000095245	000000000000000	000001532318168
192500100	-00002076132354	000000000000000	000000000000000	000000000000000
192500101	-00000674688984	000000000000000	000000000000000	000000000000000
192500102	-00000049520685	000000000000000	000000000000000	000000000000000
192500103	-00001351922685	000000000000000	000000000000000	000000000000000
195000000	000033088631061	000000000000000	000000000000000	000000000000000
195000100	000032444454440	000000000000000	000000000000000	000000000000000
195000101	000003612378089	000000000000000	000000000000000	000000000000000
195000102	000028957202969	000000000000000	000000000000000	000000000000000
195000103	-00000125126618	000000000000000	000000000000000	000000000000000
195000200	000000644176621	000000000000000	000000000000000	000000000000000
195000201	000000000000000	000000000000000	000000000000000	000000000000000
195000202	000000000000000	000000000000000	000000000000000	000000000000000
195000203	000000000000000	000000000000000	000000000000000	000000000000000
195000204	000000644176621	000000000000000	000000000000000	000000000000000
195000219	000000000000000	000000000000000	000000000000000	000000000000000
195000300	000000000000000	000000000000000	000000000000000	000000000000000
200000000	028740142865098	010958664437308	000001755057816	008673979723584
207000000	000357702894090	000000000000000	000000000000000	000176891275525
207000100	000000000000000	000000000000000	000000000000000	000000000000000
207000101	000000000000000	000000000000000	000000000000000	000000000000000
207000102	000000000000000	000000000000000	000000000000000	000000000000000
207000200	000024426812000	000000000000000	000000000000000	000000000000000
207000300	000333276082090	000000000000000	000000000000000	000176891275525
207000301	000251804128383	000000000000000	000000000000000	000000000000000
207000309	000039455310274	000000000000000	000000000000000	000172960331536
207000311	000042016643433	000000000000000	000000000000000	000003925184794
207000319	000000000000000	000000000000000	000000000000000	000000005759195
210000000	001942772440489	000000000000000	000000000000000	000256703396541
211000100	001936984900670	000000000000000	000000000000000	000255966841738
211000101	000223902121050	000000000000000	000000000000000	000005421323426
211000102	001709483511921	000000000000000	000000000000000	000250545518312
211000103	000001586827211	000000000000000	000000000000000	000000000000000
211000104	000002012440488	000000000000000	000000000000000	000000000000000
211000105	000000000000000	000000000000000	000000000000000	000000000000000
211000190	000000000000000	000000000000000	000000000000000	000000000000000
213000100	000005787539819	000000000000000	000000000000000	000000736554803
213000101	000000000000000	000000000000000	000000000000000	000000000000000
213000102	000000000000000	000000000000000	000000000000000	000000000000000
213000103	000000000000000	000000000000000	000000000000000	000000000000000
213000109	000005787539819	000000000000000	000000000000000	000000736554803
218000000	000000000000000	000000000000000	000000000000000	000000000000000
218000001	000000000000000	000000000000000	000000000000000	000000000000000
218000002	000000000000000	000000000000000	000000000000000	000000000000000
218000003	000000000000000	000000000000000	000000000000000	000000000000000
218000009	000000000000000	000000000000000	000000000000000	000000000000000
230000000	000200843609375	000000000000000	000000000000000	000000000000000
230000100	000200843609375	000000000000000	000000000000000	000000000000000
230000101	000000000000000	000000000000000	000000000000000	000000000000000
230000102	000200843609375	000000000000000	000000000000000	000000000000000
230000103	000000000000000	000000000000000	000000000000000	000000000000000
230000104	000000000000000	000000000000000	000000000000000	000000000000000
230000105	000000000000000	000000000000000	000000000000000	000000000000000
230000190	000000000000000	000000000000000	000000000000000	000000000000000
240000000	024447648685401	009476698562906	000000394232314	007907270791508
241000000	012459217949163	000070704719591	000000000000000	002030452937801
241000100	009768129736931	000000000000000	000000000000000	001837418153620
241000101	000009548515089	000000000000000	000000000000000	000000979627104
241000102	000105254166798	000000000000000	000000000000000	000000000000000
241000103	006030475045099	000000000000000	000000000000000	001476784771329
241000104	003622852009945	000000000000000	000000000000000	000359653755187
241000200	000653227892789	000000000000000	000000000000000	000000000000000
241000201	000000000000000	000000000000000	000000000000000	000000000000000
241000202	000653227892789	000000000000000	000000000000000	000000000000000
241000300	000460902704380	000000000000000	000000000000000	000000000000000
241000301	000460902704380	000000000000000	000000000000000	000000000000000
241000400	000000000000000	000000000000000	000000000000000	000000000000000
241000401	000000000000000	000000000000000	000000000000000	000000000000000
241000402	000000000000000	000000000000000	000000000000000	000000000000000
241000500	001576957615063	000070704719591	000000000000000	000193034784181
241000501	000000000000000	000000000000000	000000000000000	000000000000000
241000502	000000000000000	000000000000000	000000000000000	000000000000000
241000503	000000000000000	000000000000000	000000000000000	000000000000000
241000504	000000000000000	000000000000000	000000000000000	000000000000000
241000505	000074052982703	000069352007592	000000000000000	000000000000000
241000506	000119108546396	000000000000000	000000000000000	000000000000000
241000507	000000000000000	000000000000000	000000000000000	000000006693448
241000508	000016452480677	000000000000000	000000000000000	000000830203604
241000509	000352787020242	000000000000000	000000000000000	000016377325168
241000510	000048397651733	000000000000000	000000000000000	000011648523877
241000511	000089687334630	000000000000000	000000000000000	000018588893148
241000512	000000000000000	000000000000000	000000000000000	000000000000000
241000513	000000000000000	000000000000000	000000000000000	000000000000000
241000590	000876471598682	000001352711999	000000000000000	000145583144936
242000000	011560348901565	001730945589646	000000000000000	002216149141685
242000100	011505794008712	001391480783409	000000000000000	002199540161981
242000200	000052025741983	000336205893518	000000000000000	000000000000000
242000201	000008024885849	000157431788366	000000000000000	000000000000000
242000202	000044000856134	000178774105152	000000000000000	000000000000000
242000300	000002529150870	000003258912719	000000000000000	000016608979704
242000301	000002529150870	000003258912719	000000000000000	000016608979704
242000302	000000000000000	000000000000000	000000000000000	000000000000000
242000390	000000000000000	000000000000000	000000000000000	000000000000000
243000000	000138604635242	000000000000000	000000000000000	000003185370551
243000100	000000000000000	000000000000000	000000000000000	000000000000000
243000101	000000000000000	000000000000000	000000000000000	000000000000000
243000102	000000000000000	000000000000000	000000000000000	000000000000000
243000103	000000000000000	000000000000000	000000000000000	000000000000000
243000200	000000000000000	000000000000000	000000000000000	000000000000000
243000201	000000000000000	000000000000000	000000000000000	000000000000000
243000202	000000000000000	000000000000000	000000000000000	000000000000000
243000203	000000000000000	000000000000000	000000000000000	000000000000000
243000300	000138604635242	000000000000000	000000000000000	000003185370551
243000301	000138604635242	000000000000000	000000000000000	000003185370551
243000302	000000000000000	000000000000000	000000000000000	000000000000000
243000400	000000000000000	000000000000000	000000000000000	000000000000000
243000401	000000000000000	000000000000000	000000000000000	000000000000000
243000402	000000000000000	000000000000000	000000000000000	000000000000000
244000000	000000000004000	000000000000000	000000394232314	001311633624314
244250000	000000000004000	000000000000000	000000000000000	000000000000000
244250100	000000000000000	000000000000000	000000000000000	000000000000000
244250101	000000000000000	000000000000000	000000000000000	000000000000000
244250102	000000000000000	000000000000000	000000000000000	000000000000000
244250103	000000000000000	000000000000000	000000000000000	000000000000000
244250200	000000000004000	000000000000000	000000000000000	000000000000000
244250201	000000000000000	000000000000000	000000000000000	000000000000000
244250202	000000000000000	000000000000000	000000000000000	000000000000000
244250203	000000000004000	000000000000000	000000000000000	000000000000000
244250204	000000000000000	000000000000000	000000000000000	000000000000000
244250209	000000000000000	000000000000000	000000000000000	000000000000000
244500000	000000000000000	000000000000000	000000394232314	001311633624314
244500100	000000000000000	000000000000000	000000394232314	001156014575593
244500101	000000000000000	000000000000000	000000394232314	001115975726061
244500102	000000000000000	000000000000000	000000000000000	000040038849532
244500103	000000000000000	000000000000000	000000000000000	000000000000000
244500200	000000000000000	000000000000000	000000000000000	000155619048721
244500201	000000000000000	000000000000000	000000000000000	000000000000000
244500202	000000000000000	000000000000000	000000000000000	000146902906537
244500203	000000000000000	000000000000000	000000000000000	000008716142184
244500204	000000000000000	000000000000000	000000000000000	000000000000000
244500209	000000000000000	000000000000000	000000000000000	000000000000000
244700000	000000000000000	000000000000000	000000000000000	000000000000000
244700100	000000000000000	000000000000000	000000000000000	000000000000000
244700200	000000000000000	000000000000000	000000000000000	000000000000000
244900000	000000000000000	000000000000000	000000000000000	000000000000000
244900100	000000000000000	000000000000000	000000000000000	000000000000000
244900200	000000000000000	000000000000000	000000000000000	000000000000000
245000000	000107316622230	007675048253669	000000000000000	002207301517195
245000100	000000000000000	000000717332661	000000000000000	000000000000000
245000101	000000000000000	000000717332661	000000000000000	000000000000000
245000102	000000000000000	000000000000000	000000000000000	000000000000000
245000200	000107316622230	007674330921008	000000000000000	002207301517195
245000201	000107316622230	007674330921008	000000000000000	002207301517195
245000203	000000000000000	000000000000000	000000000000000	000000000000000
246000000	000182160573201	000000000000000	000000000000000	000138548199962
246000100	000000000000000	000000000000000	000000000000000	000000000000000
246000101	000000000000000	000000000000000	000000000000000	000000000000000
246000102	000000000000000	000000000000000	000000000000000	000000000000000
246000200	000182160573201	000000000000000	000000000000000	000138548199962
246000201	000000000000000	000000000000000	000000000000000	000000000000000
246000202	000000000000000	000000000000000	000000000000000	000000000000000
246000203	000000000000000	000000000000000	000000000000000	000000000000000
246000204	000182160573201	000000000000000	000000000000000	000000000000000
246000205	000000000000000	000000000000000	000000000000000	000000000000000
246000206	000000000000000	000000000000000	000000000000000	000000000000000
246000207	000000000000000	000000000000000	000000000000000	000000000000000
246000208	000000000000000	000000000000000	000000000000000	000138548199962
246000290	000000000000000	000000000000000	000000000000000	000000000000000
246000300	000000000000000	000000000000000	000000000000000	000000000000000
246000301	000000000000000	000000000000000	000000000000000	000000000000000
246000302	000000000000000	000000000000000	000000000000000	000000000000000
246000303	000000000000000	000000000000000	000000000000000	000000000000000
246000304	000000000000000	000000000000000	000000000000000	000000000000000
246000305	000000000000000	000000000000000	000000000000000	000000000000000
246000390	000000000000000	000000000000000	000000000000000	000000000000000
250000000	000087207709554	000000000000000	000000000000000	000000000000000
255000000	000000000000000	001087573231962	000000000000000	000000000000000
255000100	000000000000000	001087573231962	000000000000000	000000000000000
255000101	000000000000000	000000000000000	000000000000000	000000000000000
255000102	000000000000000	001087573231962	000000000000000	000000000000000
255000200	000000000000000	000000000000000	000000000000000	000000000000000
255000300	000000000000000	000000000000000	000000000000000	000000000000000
260000000	000149669462703	000000000000000	000000000000000	000000000000000
260000100	000108449719710	000000000000000	000000000000000	000000000000000
260000101	000099777991231	000000000000000	000000000000000	000000000000000
260000102	000000000000000	000000000000000	000000000000000	000000000000000
260000103	000000000000000	000000000000000	000000000000000	000000000000000
260000104	000008671728479	000000000000000	000000000000000	000000000000000
260000105	000000000000000	000000000000000	000000000000000	000000000000000
260000106	000000000000000	000000000000000	000000000000000	000000000000000
260000107	000000000000000	000000000000000	000000000000000	000000000000000
260000109	000000000000000	000000000000000	000000000000000	000000000000000
260000200	000000000000000	000000000000000	000000000000000	000000000000000
260000300	000000000000000	000000000000000	000000000000000	000000000000000
260000400	000001849776832	000000000000000	000000000000000	000000000000000
260000500	000038815849854	000000000000000	000000000000000	000000000000000
260000600	000000554116307	000000000000000	000000000000000	000000000000000
260000900	000000000000000	000000000000000	000000000000000	000000000000000
265000000	000153536663689	000000000000000	000000000000000	000000000000000
265000100	000153536663689	000000000000000	000000000000000	000000000000000
265000101	000153536663689	000000000000000	000000000000000	000000000000000
265000102	000000000000000	000000000000000	000000000000000	000000000000000
265000200	000000000000000	000000000000000	000000000000000	000000000000000
265000300	000000000000000	000000000000000	000000000000000	000000000000000
270000000	000708257973793	000000000000000	000000005253446	000022579304256
271000000	000071465059866	000000000000000	000000005253446	000022579304256
271000100	000000000000000	000000000000000	000000000000000	000004856495366
271000200	000000186381805	000000000000000	000000000000000	000001045501579
271000400	000044500059895	000000000000000	000000000000000	000003022432146
271000500	000000000000000	000000000000000	000000000000000	000000000000000
271000501	000000000000000	000000000000000	000000000000000	000000000000000
271000502	000000000000000	000000000000000	000000000000000	000000000000000
271000503	000000000000000	000000000000000	000000000000000	000000000000000
271000504	000000000000000	000000000000000	000000000000000	000000000000000
271000505	000000000000000	000000000000000	000000000000000	000000000000000
271000600	000000638310648	000000000000000	000000000000000	000000000000000
271000601	000000000000000	000000000000000	000000000000000	000000000000000
271000602	000000638310648	000000000000000	000000000000000	000000000000000
271000700	000026140307518	000000000000000	000000005253446	000013654875165
271000701	000003731409243	000000000000000	000000005253446	000000027288042
271000702	000000878994703	000000000000000	000000000000000	000001071711976
271000703	000005560976660	000000000000000	000000000000000	000000000000000
271000704	000015968926912	000000000000000	000000000000000	000012555875147
271000705	000000000000000	000000000000000	000000000000000	000000000000000
271000800	000000000000000	000000000000000	000000000000000	000000000000000
271000900	000000000000000	000000000000000	000000000000000	000000000000000
272000000	000005576036789	000000000000000	000000000000000	000000000000000
273000000	000000000000000	000000000000000	000000000000000	000000000000000
274000000	000631216877138	000000000000000	000000000000000	000000000000000
274000100	000631216877138	000000000000000	000000000000000	000000000000000
274000200	000000000000000	000000000000000	000000000000000	000000000000000
274000300	000000000000000	000000000000000	000000000000000	000000000000000
275000000	000000000000000	000000000000000	000000000000000	000000000000000
275000100	000000000000000	000000000000000	000000000000000	000000000000000
275000200	000000000000000	000000000000000	000000000000000	000000000000000
275000300	000000000000000	000000000000000	000000000000000	000000000000000
275000400	000000000000000	000000000000000	000000000000000	000000000000000
275000500	000000000000000	000000000000000	000000000000000	000000000000000
275000600	000000000000000	000000000000000	000000000000000	000000000000000
279000000	000000000000000	000000000000000	000000000000000	000000000000000
279000100	000000000000000	000000000000000	000000000000000	000000000000000
279000200	000000000000000	000000000000000	000000000000000	000000000000000
279000300	000000000000000	000000000000000	000000000000000	000000000000000
280000000	000001400276691	000000000000000	000000000000000	000000000000000
285000000	000001759816711	000000000000000	000000000000000	000000000000000
290000000	000689343332602	000394392642440	000001355572056	000310534955754
290000100	000000000036000	000000000000000	000000000000000	000162237334763
290000101	000000000000000	000000000000000	000000000000000	000000000000000
290000102	000000000000000	000000000000000	000000000000000	000000000000000
290000103	000000000036000	000000000000000	000000000000000	000033319185625
290000104	000000000000000	000000000000000	000000000000000	000128918149138
290000200	000244578334946	000000000000000	000000000000000	000006817157230
290000201	000077320668462	000000000000000	000000000000000	000006817157230
290000202	000167257666484	000000000000000	000000000000000	000000000000000
290000203	000000000000000	000000000000000	000000000000000	000000000000000
290000300	000352219408971	000012602762708	000001351457516	000134190956072
290000301	000000000000000	000000000000000	000000000000000	000000000000000
290000302	000008738039765	000000000000000	000000000000000	000000000000000
290000303	000003705062749	000000000000000	000000000000000	000000000000000
290000304	000000054324494	000000000000000	000000000000000	000000000000000
290000305	000031209784610	000000000000000	000000000000000	000000000000000
290000306	000000000000000	000000000000000	000000000000000	000000000000000
290000307	000005298177371	000000000000000	000000000000000	000000000000000
290000308	000105929775102	000000033867977	000000000000000	000000981604438
290000309	000022104415229	000000000000000	000000000000000	000000000000000
290000390	000175179829651	000012568894731	000001351457516	000133209351634
290000400	000000000000000	000000000000000	000000000000000	000000000000000
290000500	000017998407318	000000000000000	000000000000000	000000000000000
290000501	000017998407318	000000000000000	000000000000000	000000000000000
290000502	000000000000000	000000000000000	000000000000000	000000000000000
290000700	000000000000000	000000000000000	000000000000000	000000000000000
290000800	000035658303176	000000000000000	000000000000000	000002513922547
290000801	000000000000000	000000000000000	000000000000000	000000000000000
290000802	000001245712626	000000000000000	000000000000000	000000000000000
290000803	000000646740439	000000000000000	000000000000000	000000000000000
290000809	000033765850111	000000000000000	000000000000000	000002513922547
290000900	000010440567879	000000000000000	000000000000000	000000052076630
290001000	000000195199640	000000293314700	000000000000000	000000000000000
290001100	000001255066691	000000087471586	000000004060801	000000334059364
290001200	000026998007981	000381409093446	000000000053739	000004389449148
295000000	000000000000000	000000000000000	000000000000000	000000000000000
300000000	005181103573602	000248335136612	-00004857301934	-00029220365315
310000000	002420538367471	000000000000000	000000000000000	000000000000000
311000000	002418833181067	000000000000000	000000000000000	000000000000000
311000100	001493173801395	000000000000000	000000000000000	000000000000000
311000200	000913889577566	000000000000000	000000000000000	000000000000000
311000300	000000000000000	000000000000000	000000000000000	000000000000000
311000400	000000000000000	000000000000000	000000000000000	000000000000000
311000500	000000000000000	000000000000000	000000000000000	000000000000000
311000600	000011769802106	000000000000000	000000000000000	000000000000000
312000000	000001705186404	000000000000000	000000000000000	000000000000000
313000000	000000000000000	000000000000000	000000000000000	000000000000000
320000000	000711658268558	000000000000000	000000000000000	000000000000000
320000100	000040166117229	000000000000000	000000000000000	000000000000000
320000200	000671492151329	000000000000000	000000000000000	000000000000000
320000300	000000000000000	000000000000000	000000000000000	000000000000000
320000400	000000000000000	000000000000000	000000000000000	000000000000000
330000000	-00003035377718	000000000000000	000000000000000	000000000000000
331000000	000005897329728	000000000000000	000000000000000	000000000000000
331000100	-00000261883120	000000000000000	000000000000000	000000000000000
331000200	000006159212848	000000000000000	000000000000000	000000000000000
331000201	000006159212848	000000000000000	000000000000000	000000000000000
331000202	000000000000000	000000000000000	000000000000000	000000000000000
331000203	000000000000000	000000000000000	000000000000000	000000000000000
331000209	000000000000000	000000000000000	000000000000000	000000000000000
331000300	000000000000000	000000000000000	000000000000000	000000000000000
331000400	000000000000000	000000000000000	000000000000000	000000000000000
331000500	000000000000000	000000000000000	000000000000000	000000000000000
331000900	000000000000000	000000000000000	000000000000000	000000000000000
332000000	-00008932707446	000000000000000	000000000000000	000000000000000
332000100	000007604397143	000000000000000	000000000000000	000000000000000
332000200	000000000000000	000000000000000	000000000000000	000000000000000
332000300	000000000000000	000000000000000	000000000000000	000000000000000
332000400	-00016494514491	000000000000000	000000000000000	000000000000000
332000500	000000000000000	000000000000000	000000000000000	000000000000000
332000600	-00000042590098	000000000000000	000000000000000	000000000000000
332000700	000000000000000	000000000000000	000000000000000	000000000000000
332000900	000000000000000	000000000000000	000000000000000	000000000000000
340000000	002090790423110	000000000000000	000000000000000	000000000000000
340000100	002090790423110	000000000000000	000000000000000	000000000000000
340000200	000000000000000	000000000000000	000000000000000	000000000000000
350000000	000114686858759	000248335136612	-00004857301934	-00029220365315
360000000	-00153536663689	000000000000000	000000000000000	000000000000000
360000100	-00153536663689	000000000000000	000000000000000	000000000000000
360000101	-00153536663689	000000000000000	000000000000000	000000000000000
360000102	000000000000000	000000000000000	000000000000000	000000000000000
360000200	000000000000000	000000000000000	000000000000000	000000000000000
360000300	000000000000000	000000000000000	000000000000000	000000000000000
365000000	000000000000000	000000000000000	000000000000000	000000000000000
380000000	005181101876491	000248335136612	-00004857301934	-00029220365315
390000000	000000001697111	000000000000000	000000000000000	000000000000000
500000000	014756733752851	021327125818761	000168454945426	003668785617689
505000000	014756733752851	021327125818761	000168454945426	003668785617689
510000000	033921246438700	011206999573920	-00003102244118	008644759358269
