049	BANCO SECURITY
100000000	 3906387500289,00	 4241142448663,00	 0008363749966,00	 1604691399023,00
105000000	 0177287213972,00	 0000000000000,00	 0000000000000,00	 0374936271301,00
105000100	 0008815857801,00	 0000000000000,00	 0000000000000,00	 0008256676677,00
105000101	 0008071056282,00	 0000000000000,00	 0000000000000,00	 0008256676677,00
105000102	 0000000000000,00	 0000000000000,00	 0000000000000,00	 0000000000000,00
105000103	 0000744801519,00	 0000000000000,00	 0000000000000,00	 0000000000000,00
105000200	 0139176356064,00	 0000000000000,00	 0000000000000,00	 0060544051312,00
105000201	 0139176356064,00	 0000000000000,00	 0000000000000,00	 0060544051312,00
105000202	 0000000000000,00	 0000000000000,00	 0000000000000,00	 0000000000000,00
105000209	 0000000000000,00	 0000000000000,00	 0000000000000,00	 0000000000000,00
105000300	 0000000000000,00	 0000000000000,00	 0000000000000,00	 0000000000000,00
105000301	 0000000000000,00	 0000000000000,00	 0000000000000,00	 0000000000000,00
105000302	 0000000000000,00	 0000000000000,00	 0000000000000,00	 0000000000000,00
105000309	 0000000000000,00	 0000000000000,00	 0000000000000,00	 0000000000000,00
105000400	 0029245005457,00	 0000000000000,00	 0000000000000,00	 0000000129252,00
105000500	 0000049994650,00	 0000000000000,00	 0000000000000,00	 0306135414060,00
107000000	 0095601426926,00	 0000000000000,00	 0000000000000,00	 0091133071962,00
107000100	 0006044204608,00	 0000000000000,00	 0000000000000,00	 0000926302259,00
107000101	 0000000000000,00	 0000000000000,00	 0000000000000,00	 0000000000000,00
107000102	 0000000000000,00	 0000000000000,00	 0000000000000,00	 0000000000000,00
107000103	 0006044204608,00	 0000000000000,00	 0000000000000,00	 0000926302259,00
107000200	 0000000000000,00	 0000000000000,00	 0000000000000,00	 0000000000000,00
107000201	 0000000000000,00	 0000000000000,00	 0000000000000,00	 0000000000000,00
107000202	 0000000000000,00	 0000000000000,00	 0000000000000,00	 0000000000000,00
107000300	 0000000000000,00	 0000000000000,00	 0000000000000,00	 0000000000000,00
107000400	 0089557222318,00	 0000000000000,00	 0000000000000,00	 0090206769703,00
107000401	 0053481555200,00	 0000000000000,00	 0000000000000,00	 0000000000000,00
107000409	 0000000000000,00	 0000000000000,00	 0000000000000,00	 0055868790189,00
107000411	 0021827903041,00	 0000000000000,00	 0000000000000,00	 0000869272323,00
107000419	 0014247764077,00	 0000000000000,00	 0000000000000,00	 0033468707191,00
110000000	 0327106713185,00	 0000000000013,00	 0000000000000,00	 0000136651095,00
111000100	 0269880701628,00	 0000000000000,00	 0000000000000,00	 0000026143530,00
111000101	 0138234181918,00	 0000000000000,00	 0000000000000,00	 0000026143530,00
111000102	 0131646519710,00	 0000000000000,00	 0000000000000,00	 0000000000000,00
111000103	 0000000000000,00	 0000000000000,00	 0000000000000,00	 0000000000000,00
111000104	 0000000000000,00	 0000000000000,00	 0000000000000,00	 0000000000000,00
111000105	 0000000000000,00	 0000000000000,00	 0000000000000,00	 0000000000000,00
111000109	 0000000000000,00	 0000000000000,00	 0000000000000,00	 0000000000000,00
112000000	 0054665316589,00	 0000000000013,00	 0000000000000,00	 0000000000000,00
112000100	 0004514201035,00	 0000000000002,00	 0000000000000,00	 0000000000000,00
112000101	 0002015200635,00	 0000000000002,00	 0000000000000,00	 0000000000000,00
112000102	 0002499000400,00	 0000000000000,00	 0000000000000,00	 0000000000000,00
112000109	 0000000000000,00	 0000000000000,00	 0000000000000,00	 0000000000000,00
112000200	 0050151115554,00	 0000000000011,00	 0000000000000,00	 0000000000000,00
112000201	 0032556139266,00	 0000000000011,00	 0000000000000,00	 0000000000000,00
112000202	 0014184423549,00	 0000000000000,00	 0000000000000,00	 0000000000000,00
112000209	 0003410552739,00	 0000000000000,00	 0000000000000,00	 0000000000000,00
112000300	 0000000000000,00	 0000000000000,00	 0000000000000,00	 0000000000000,00
112000301	 0000000000000,00	 0000000000000,00	 0000000000000,00	 0000000000000,00
112000302	 0000000000000,00	 0000000000000,00	 0000000000000,00	 0000000000000,00
112000303	 0000000000000,00	 0000000000000,00	 0000000000000,00	 0000000000000,00
112000304	 0000000000000,00	 0000000000000,00	 0000000000000,00	 0000000000000,00
112000309	 0000000000000,00	 0000000000000,00	 0000000000000,00	 0000000000000,00
113000000	 0002560694968,00	 0000000000000,00	 0000000000000,00	 0000110507565,00
113000100	 0002560694968,00	 0000000000000,00	 0000000000000,00	 0000110507565,00
113000101	 0002560694968,00	 0000000000000,00	 0000000000000,00	 0000110507565,00
113000102	 0000000000000,00	 0000000000000,00	 0000000000000,00	 0000000000000,00
113000200	 0000000000000,00	 0000000000000,00	 0000000000000,00	 0000000000000,00
113000201	 0000000000000,00	 0000000000000,00	 0000000000000,00	 0000000000000,00
113000202	 0000000000000,00	 0000000000000,00	 0000000000000,00	 0000000000000,00
113000300	 0000000000000,00	 0000000000000,00	 0000000000000,00	 0000000000000,00
113000301	 0000000000000,00	 0000000000000,00	 0000000000000,00	 0000000000000,00
113000302	 0000000000000,00	 0000000000000,00	 0000000000000,00	 0000000000000,00
113000303	 0000000000000,00	 0000000000000,00	 0000000000000,00	 0000000000000,00
113000304	 0000000000000,00	 0000000000000,00	 0000000000000,00	 0000000000000,00
113000400	 0000000000000,00	 0000000000000,00	 0000000000000,00	 0000000000000,00
115000000	 0000000000000,00	 0000000000000,00	 0000000000000,00	 0000000000000,00
115250000	 0000000000000,00	 0000000000000,00	 0000000000000,00	 0000000000000,00
115250100	 0000000000000,00	 0000000000000,00	 0000000000000,00	 0000000000000,00
115250101	 0000000000000,00	 0000000000000,00	 0000000000000,00	 0000000000000,00
115250102	 0000000000000,00	 0000000000000,00	 0000000000000,00	 0000000000000,00
115250109	 0000000000000,00	 0000000000000,00	 0000000000000,00	 0000000000000,00
115250200	 0000000000000,00	 0000000000000,00	 0000000000000,00	 0000000000000,00
115250201	 0000000000000,00	 0000000000000,00	 0000000000000,00	 0000000000000,00
115250202	 0000000000000,00	 0000000000000,00	 0000000000000,00	 0000000000000,00
115250209	 0000000000000,00	 0000000000000,00	 0000000000000,00	 0000000000000,00
115250300	 0000000000000,00	 0000000000000,00	 0000000000000,00	 0000000000000,00
115250301	 0000000000000,00	 0000000000000,00	 0000000000000,00	 0000000000000,00
115250302	 0000000000000,00	 0000000000000,00	 0000000000000,00	 0000000000000,00
115250303	 0000000000000,00	 0000000000000,00	 0000000000000,00	 0000000000000,00
115250304	 0000000000000,00	 0000000000000,00	 0000000000000,00	 0000000000000,00
115250309	 0000000000000,00	 0000000000000,00	 0000000000000,00	 0000000000000,00
115500000	 0000000000000,00	 0000000000000,00	 0000000000000,00	 0000000000000,00
115500100	 0000000000000,00	 0000000000000,00	 0000000000000,00	 0000000000000,00
115500101	 0000000000000,00	 0000000000000,00	 0000000000000,00	 0000000000000,00
115500102	 0000000000000,00	 0000000000000,00	 0000000000000,00	 0000000000000,00
115500300	 0000000000000,00	 0000000000000,00	 0000000000000,00	 0000000000000,00
115500301	 0000000000000,00	 0000000000000,00	 0000000000000,00	 0000000000000,00
115500302	 0000000000000,00	 0000000000000,00	 0000000000000,00	 0000000000000,00
115500303	 0000000000000,00	 0000000000000,00	 0000000000000,00	 0000000000000,00
115500304	 0000000000000,00	 0000000000000,00	 0000000000000,00	 0000000000000,00
115500400	 0000000000000,00	 0000000000000,00	 0000000000000,00	 0000000000000,00
118000000	 0000000000000,00	 0000000000000,00	 0000000000000,00	 0000000000000,00
118250000	 0000000000000,00	 0000000000000,00	 0000000000000,00	 0000000000000,00
118250100	 0000000000000,00	 0000000000000,00	 0000000000000,00	 0000000000000,00
118250101	 0000000000000,00	 0000000000000,00	 0000000000000,00	 0000000000000,00
118250102	 0000000000000,00	 0000000000000,00	 0000000000000,00	 0000000000000,00
118250109	 0000000000000,00	 0000000000000,00	 0000000000000,00	 0000000000000,00
118250200	 0000000000000,00	 0000000000000,00	 0000000000000,00	 0000000000000,00
118250201	 0000000000000,00	 0000000000000,00	 0000000000000,00	 0000000000000,00
118250202	 0000000000000,00	 0000000000000,00	 0000000000000,00	 0000000000000,00
118250209	 0000000000000,00	 0000000000000,00	 0000000000000,00	 0000000000000,00
118250300	 0000000000000,00	 0000000000000,00	 0000000000000,00	 0000000000000,00
118250301	 0000000000000,00	 0000000000000,00	 0000000000000,00	 0000000000000,00
118250302	 0000000000000,00	 0000000000000,00	 0000000000000,00	 0000000000000,00
118250303	 0000000000000,00	 0000000000000,00	 0000000000000,00	 0000000000000,00
118250304	 0000000000000,00	 0000000000000,00	 0000000000000,00	 0000000000000,00
118250309	 0000000000000,00	 0000000000000,00	 0000000000000,00	 0000000000000,00
118500000	 0000000000000,00	 0000000000000,00	 0000000000000,00	 0000000000000,00
118500300	 0000000000000,00	 0000000000000,00	 0000000000000,00	 0000000000000,00
118500301	 0000000000000,00	 0000000000000,00	 0000000000000,00	 0000000000000,00
118500302	 0000000000000,00	 0000000000000,00	 0000000000000,00	 0000000000000,00
118500303	 0000000000000,00	 0000000000000,00	 0000000000000,00	 0000000000000,00
118500304	 0000000000000,00	 0000000000000,00	 0000000000000,00	 0000000000000,00
118500400	 0000000000000,00	 0000000000000,00	 0000000000000,00	 0000000000000,00
120000000	 1070766127328,00	 0163867216150,00	 0000000000000,00	 0182763565798,00
122000000	 1067204527328,00	 0163867216150,00	 0000000000000,00	 0182763565798,00
122000100	 0869652138919,00	 0000000000000,00	 0000000000000,00	 0000000000000,00
122000101	 0676013561599,00	 0000000000000,00	 0000000000000,00	 0000000000000,00
122000102	 0193638577320,00	 0000000000000,00	 0000000000000,00	 0000000000000,00
122000109	 0000000000000,00	 0000000000000,00	 0000000000000,00	 0000000000000,00
122000200	 0197552388409,00	 0163867216150,00	 0000000000000,00	 0073237605775,00
122000201	 0141535894707,00	 0037779967295,00	 0000000000000,00	 0061111265336,00
122000202	 0056016493702,00	 0126087248855,00	 0000000000000,00	 0012126340439,00
122000209	 0000000000000,00	 0000000000000,00	 0000000000000,00	 0000000000000,00
122000300	 0000000000000,00	 0000000000000,00	 0000000000000,00	 0109525960023,00
122000301	 0000000000000,00	 0000000000000,00	 0000000000000,00	 0000000000000,00
122000302	 0000000000000,00	 0000000000000,00	 0000000000000,00	 0000000000000,00
122000303	 0000000000000,00	 0000000000000,00	 0000000000000,00	 0090406573042,00
122000304	 0000000000000,00	 0000000000000,00	 0000000000000,00	 0000000000000,00
122000309	 0000000000000,00	 0000000000000,00	 0000000000000,00	 0019119386981,00
123000000	 0003561600000,00	 0000000000000,00	 0000000000000,00	 0000000000000,00
123000300	 0000000000000,00	 0000000000000,00	 0000000000000,00	 0000000000000,00
123000301	 0000000000000,00	 0000000000000,00	 0000000000000,00	 0000000000000,00
123000302	 0000000000000,00	 0000000000000,00	 0000000000000,00	 0000000000000,00
123000303	 0000000000000,00	 0000000000000,00	 0000000000000,00	 0000000000000,00
123000304	 0000000000000,00	 0000000000000,00	 0000000000000,00	 0000000000000,00
123000400	 0003561600000,00	 0000000000000,00	 0000000000000,00	 0000000000000,00
130000000	 0060283770767,00	 0000000000000,00	 0000000000000,00	 0000000000000,00
130000100	 0060283770767,00	 0000000000000,00	 0000000000000,00	 0000000000000,00
130000101	 0000000000000,00	 0000000000000,00	 0000000000000,00	 0000000000000,00
130000102	 0060283770767,00	 0000000000000,00	 0000000000000,00	 0000000000000,00
130000103	 0000000000000,00	 0000000000000,00	 0000000000000,00	 0000000000000,00
130000104	 0000000000000,00	 0000000000000,00	 0000000000000,00	 0000000000000,00
130000105	 0000000000000,00	 0000000000000,00	 0000000000000,00	 0000000000000,00
130000190	 0000000000000,00	 0000000000000,00	 0000000000000,00	 0000000000000,00
140000000	 1949107434270,00	 4070451130982,00	 0008363749966,00	 0929606675217,00
141000000	 0000000000000,00	 0000000000000,00	 0000000000000,00	 0000000000000,00
141000100	 0000000000000,00	 0000000000000,00	 0000000000000,00	 0000000000000,00
141000101	 0000000000000,00	 0000000000000,00	 0000000000000,00	 0000000000000,00
141000102	 0000000000000,00	 0000000000000,00	 0000000000000,00	 0000000000000,00
141000103	 0000000000000,00	 0000000000000,00	 0000000000000,00	 0000000000000,00
141000200	 0000000000000,00	 0000000000000,00	 0000000000000,00	 0000000000000,00
141000201	 0000000000000,00	 0000000000000,00	 0000000000000,00	 0000000000000,00
141000202	 0000000000000,00	 0000000000000,00	 0000000000000,00	 0000000000000,00
141000203	 0000000000000,00	 0000000000000,00	 0000000000000,00	 0000000000000,00
141000300	 0000000000000,00	 0000000000000,00	 0000000000000,00	 0000000000000,00
141000301	 0000000000000,00	 0000000000000,00	 0000000000000,00	 0000000000000,00
141000302	 0000000000000,00	 0000000000000,00	 0000000000000,00	 0000000000000,00
141000400	 0000000000000,00	 0000000000000,00	 0000000000000,00	 0000000000000,00
141000401	 0000000000000,00	 0000000000000,00	 0000000000000,00	 0000000000000,00
141000402	 0000000000000,00	 0000000000000,00	 0000000000000,00	 0000000000000,00
141000900	 0000000000000,00	 0000000000000,00	 0000000000000,00	 0000000000000,00
141000901	 0000000000000,00	 0000000000000,00	 0000000000000,00	 0000000000000,00
141000902	 0000000000000,00	 0000000000000,00	 0000000000000,00	 0000000000000,00
141000903	 0000000000000,00	 0000000000000,00	 0000000000000,00	 0000000000000,00
141500000	 0034843497457,00	 0000000000000,00	 0000000000000,00	 0009543795020,00
141500100	 0000000000000,00	 0000000000000,00	 0000000000000,00	 0000000000000,00
141500101	 0000000000000,00	 0000000000000,00	 0000000000000,00	 0000000000000,00
141500102	 0000000000000,00	 0000000000000,00	 0000000000000,00	 0000000000000,00
141500109	 0000000000000,00	 0000000000000,00	 0000000000000,00	 0000000000000,00
141500200	 0034871415455,00	 0000000000000,00	 0000000000000,00	 0000000000000,00
141500201	 0034871415455,00	 0000000000000,00	 0000000000000,00	 0000000000000,00
141500202	 0000000000000,00	 0000000000000,00	 0000000000000,00	 0000000000000,00
141500209	 0000000000000,00	 0000000000000,00	 0000000000000,00	 0000000000000,00
141500300	 0000000000000,00	 0000000000000,00	 0000000000000,00	 0009563928706,00
141500301	 0000000000000,00	 0000000000000,00	 0000000000000,00	 0000000000000,00
141500302	 0000000000000,00	 0000000000000,00	 0000000000000,00	 0000000000000,00
141500303	 0000000000000,00	 0000000000000,00	 0000000000000,00	 0000000000000,00
141500304	 0000000000000,00	 0000000000000,00	 0000000000000,00	 0000000000000,00
141500309	 0000000000000,00	 0000000000000,00	 0000000000000,00	 0009563928706,00
141500900	-0000027917998,00	 0000000000000,00	 0000000000000,00	-0000020133686,00
141500901	-0000027917998,00	 0000000000000,00	 0000000000000,00	-0000020133686,00
141500902	 0000000000000,00	 0000000000000,00	 0000000000000,00	 0000000000000,00
141500903	 0000000000000,00	 0000000000000,00	 0000000000000,00	 0000000000000,00
143000000	 0000000000000,00	 0000000000000,00	 0000000000000,00	 0000000000000,00
143100100	 0000000000000,00	 0000000000000,00	 0000000000000,00	 0000000000000,00
143100101	 0000000000000,00	 0000000000000,00	 0000000000000,00	 0000000000000,00
143100102	 0000000000000,00	 0000000000000,00	 0000000000000,00	 0000000000000,00
143100103	 0000000000000,00	 0000000000000,00	 0000000000000,00	 0000000000000,00
143100104	 0000000000000,00	 0000000000000,00	 0000000000000,00	 0000000000000,00
143100105	 0000000000000,00	 0000000000000,00	 0000000000000,00	 0000000000000,00
143100106	 0000000000000,00	 0000000000000,00	 0000000000000,00	 0000000000000,00
143100107	 0000000000000,00	 0000000000000,00	 0000000000000,00	 0000000000000,00
143100190	 0000000000000,00	 0000000000000,00	 0000000000000,00	 0000000000000,00
143150100	 0000000000000,00	 0000000000000,00	 0000000000000,00	 0000000000000,00
143150101	 0000000000000,00	 0000000000000,00	 0000000000000,00	 0000000000000,00
143150102	 0000000000000,00	 0000000000000,00	 0000000000000,00	 0000000000000,00
143150103	 0000000000000,00	 0000000000000,00	 0000000000000,00	 0000000000000,00
143200100	 0000000000000,00	 0000000000000,00	 0000000000000,00	 0000000000000,00
143200101	 0000000000000,00	 0000000000000,00	 0000000000000,00	 0000000000000,00
143200102	 0000000000000,00	 0000000000000,00	 0000000000000,00	 0000000000000,00
143200103	 0000000000000,00	 0000000000000,00	 0000000000000,00	 0000000000000,00
143200104	 0000000000000,00	 0000000000000,00	 0000000000000,00	 0000000000000,00
143200105	 0000000000000,00	 0000000000000,00	 0000000000000,00	 0000000000000,00
143200106	 0000000000000,00	 0000000000000,00	 0000000000000,00	 0000000000000,00
143200107	 0000000000000,00	 0000000000000,00	 0000000000000,00	 0000000000000,00
143200108	 0000000000000,00	 0000000000000,00	 0000000000000,00	 0000000000000,00
143200190	 0000000000000,00	 0000000000000,00	 0000000000000,00	 0000000000000,00
143250100	 0000000000000,00	 0000000000000,00	 0000000000000,00	 0000000000000,00
143250101	 0000000000000,00	 0000000000000,00	 0000000000000,00	 0000000000000,00
143250102	 0000000000000,00	 0000000000000,00	 0000000000000,00	 0000000000000,00
143250103	 0000000000000,00	 0000000000000,00	 0000000000000,00	 0000000000000,00
143300100	 0000000000000,00	 0000000000000,00	 0000000000000,00	 0000000000000,00
143300101	 0000000000000,00	 0000000000000,00	 0000000000000,00	 0000000000000,00
143300102	 0000000000000,00	 0000000000000,00	 0000000000000,00	 0000000000000,00
143300103	 0000000000000,00	 0000000000000,00	 0000000000000,00	 0000000000000,00
143400100	 0000000000000,00	 0000000000000,00	 0000000000000,00	 0000000000000,00
143400101	 0000000000000,00	 0000000000000,00	 0000000000000,00	 0000000000000,00
143400102	 0000000000000,00	 0000000000000,00	 0000000000000,00	 0000000000000,00
143400103	 0000000000000,00	 0000000000000,00	 0000000000000,00	 0000000000000,00
144000000	 1914263936813,00	 4070451130982,00	 0008363749966,00	 0920062880197,00
145000000	 1610317165391,00	 3155816474285,00	 0008363749966,00	 0956311522757,00
145400100	 1485073005111,00	 2774088522606,00	 0000000000000,00	 0702981331331,00
145400101	 1484949091163,00	 2735138271686,00	 0000000000000,00	 0696273867780,00
145400102	 0000000000000,00	 0000000000000,00	 0000000000000,00	 0006707463551,00
145400103	 0000000000000,00	 0000000000000,00	 0000000000000,00	 0000000000000,00
145400104	 0000000000000,00	 0000538163932,00	 0000000000000,00	 0000000000000,00
145400105	 0000123913948,00	 0038412086988,00	 0000000000000,00	 0000000000000,00
145400106	 0000000000000,00	 0000000000000,00	 0000000000000,00	 0000000000000,00
145400200	 0014341594616,00	 0000000000000,00	 0000000000000,00	 0252205552912,00
145400201	 0000000000000,00	 0000000000000,00	 0000000000000,00	 0000000000000,00
145400202	 0014263730801,00	 0000000000000,00	 0000000000000,00	 0141391428070,00
145400203	 0000000000000,00	 0000000000000,00	 0000000000000,00	 0008497042496,00
145400204	 0000077863815,00	 0000000000000,00	 0000000000000,00	 0102317082346,00
145400205	 0000000000000,00	 0000000000000,00	 0000000000000,00	 0000000000000,00
145400290	 0000000000000,00	 0000000000000,00	 0000000000000,00	 0000000000000,00
145400300	 0038367876648,00	 0000000000000,00	 0000000000000,00	 0000000000000,00
145400400	 0004534675770,00	 0000000000000,00	 0000000000000,00	 0001076172647,00
145400401	 0002192873067,00	 0000000000000,00	 0000000000000,00	 0001076172647,00
145400402	 0002341802703,00	 0000000000000,00	 0000000000000,00	 0000000000000,00
145400500	 0000000000000,00	 0000000000000,00	 0000000000000,00	 0000000000000,00
145400501	 0000000000000,00	 0000000000000,00	 0000000000000,00	 0000000000000,00
145400502	 0000000000000,00	 0000000000000,00	 0000000000000,00	 0000000000000,00
145400600	 0067476142260,00	 0379122556168,00	 0008333401429,00	 0000000000000,00
145400601	 0019112321555,00	 0322000315386,00	 0003132558792,00	 0000000000000,00
145400602	 0048363820705,00	 0057122240782,00	 0005200842637,00	 0000000000000,00
145400700	 0000001812654,00	 0002374647953,00	 0000000000000,00	 0000000000000,00
145400701	 0000000000000,00	 0000000000000,00	 0000000000000,00	 0000000000000,00
145400702	 0000000000000,00	 0000000000000,00	 0000000000000,00	 0000000000000,00
145400703	 0000001812654,00	 0002374647953,00	 0000000000000,00	 0000000000000,00
145400900	 0000522058332,00	 0000230747558,00	 0000030348537,00	 0000048465867,00
145400901	 0000000000000,00	 0000000000000,00	 0000000000000,00	 0000000000000,00
145400902	 0000068430231,00	 0000000000000,00	 0000000000000,00	 0000000000000,00
145400990	 0000453628101,00	 0000230747558,00	 0000030348537,00	 0000048465867,00
146000000	 0002300496269,00	 0904925528312,00	 0000000000000,00	 0000000000000,00
146000100	 0000000000000,00	 0000670342262,00	 0000000000000,00	 0000000000000,00
146000200	 0000718810692,00	 0241139457312,00	 0000000000000,00	 0000000000000,00
146000300	 0000000000000,00	 0000000000000,00	 0000000000000,00	 0000000000000,00
146000400	 0001581685577,00	 0661744110953,00	 0000000000000,00	 0000000000000,00
146000401	 0001581685577,00	 0661744110953,00	 0000000000000,00	 0000000000000,00
146000402	 0000000000000,00	 0000000000000,00	 0000000000000,00	 0000000000000,00
146000500	 0000000000000,00	 0001371617785,00	 0000000000000,00	 0000000000000,00
146000900	 0000000000000,00	 0000000000000,00	 0000000000000,00	 0000000000000,00
146000901	 0000000000000,00	 0000000000000,00	 0000000000000,00	 0000000000000,00
146000902	 0000000000000,00	 0000000000000,00	 0000000000000,00	 0000000000000,00
146000903	 0000000000000,00	 0000000000000,00	 0000000000000,00	 0000000000000,00
146000909	 0000000000000,00	 0000000000000,00	 0000000000000,00	 0000000000000,00
148000000	 0422751033713,00	 0009709128385,00	 0000000000000,00	 0007096742847,00
148000100	 0260012015456,00	 0009709128385,00	 0000000000000,00	 0000000000000,00
148000200	 0057624579698,00	 0000000000000,00	 0000000000000,00	 0000000000000,00
148000300	 0105114438559,00	 0000000000000,00	 0000000000000,00	 0007096742847,00
148000301	 0067481483134,00	 0000000000000,00	 0000000000000,00	 0007096742847,00
148000302	 0037632955425,00	 0000000000000,00	 0000000000000,00	 0000000000000,00
148000400	 0000000000000,00	 0000000000000,00	 0000000000000,00	 0000000000000,00
148000900	 0000000000000,00	 0000000000000,00	 0000000000000,00	 0000000000000,00
148000901	 0000000000000,00	 0000000000000,00	 0000000000000,00	 0000000000000,00
148000902	 0000000000000,00	 0000000000000,00	 0000000000000,00	 0000000000000,00
149000000	-0121104758560,00	 0000000000000,00	 0000000000000,00	-0043345385407,00
149500100	-0100891937148,00	 0000000000000,00	 0000000000000,00	-0043325486548,00
149500101	-0014583233328,00	 0000000000000,00	 0000000000000,00	-0014419020707,00
149500102	-0014430910550,00	 0000000000000,00	 0000000000000,00	-0003836329917,00
149500103	-0056811394960,00	 0000000000000,00	 0000000000000,00	-0025031514981,00
149500104	-0003694628596,00	 0000000000000,00	 0000000000000,00	-0000038620943,00
149500105	-0010269257795,00	 0000000000000,00	 0000000000000,00	 0000000000000,00
149500109	-0001102511919,00	 0000000000000,00	 0000000000000,00	 0000000000000,00
149600100	-0001165170522,00	 0000000000000,00	 0000000000000,00	 0000000000000,00
149600101	-0000940802492,00	 0000000000000,00	 0000000000000,00	 0000000000000,00
149600102	-0000224368030,00	 0000000000000,00	 0000000000000,00	 0000000000000,00
149700100	-0019047650890,00	 0000000000000,00	 0000000000000,00	-0000019898859,00
149700101	-0011635017148,00	 0000000000000,00	 0000000000000,00	-0000019895169,00
149700102	-0007412633742,00	 0000000000000,00	 0000000000000,00	-0000000003690,00
150000000	 0002364520802,00	 0000000000000,00	 0000000000000,00	 0000000000000,00
150000100	 0000000000000,00	 0000000000000,00	 0000000000000,00	 0000000000000,00
150000200	 0000000000000,00	 0000000000000,00	 0000000000000,00	 0000000000000,00
150000201	 0000000000000,00	 0000000000000,00	 0000000000000,00	 0000000000000,00
150000202	 0000000000000,00	 0000000000000,00	 0000000000000,00	 0000000000000,00
150000300	 0000000000000,00	 0000000000000,00	 0000000000000,00	 0000000000000,00
150000400	 0000000000000,00	 0000000000000,00	 0000000000000,00	 0000000000000,00
150000500	 0000000000000,00	 0000000000000,00	 0000000000000,00	 0000000000000,00
150000600	 0000000000000,00	 0000000000000,00	 0000000000000,00	 0000000000000,00
150000700	 0002364520802,00	 0000000000000,00	 0000000000000,00	 0000000000000,00
150000800	 0000000000000,00	 0000000000000,00	 0000000000000,00	 0000000000000,00
160000000	 0039078153974,00	 0000000000000,00	 0000000000000,00	 0000000000000,00
160000100	 0013039110096,00	 0000000000000,00	 0000000000000,00	 0000000000000,00
160000200	 0004378412828,00	 0000000000000,00	 0000000000000,00	 0000000000000,00
160000201	 0000000000000,00	 0000000000000,00	 0000000000000,00	 0000000000000,00
160000202	 0000000000000,00	 0000000000000,00	 0000000000000,00	 0000000000000,00
160000203	 0000000000000,00	 0000000000000,00	 0000000000000,00	 0000000000000,00
160000204	 0000000000000,00	 0000000000000,00	 0000000000000,00	 0000000000000,00
160000205	 0000000000000,00	 0000000000000,00	 0000000000000,00	 0000000000000,00
160000206	 0000000000000,00	 0000000000000,00	 0000000000000,00	 0000000000000,00
160000207	 0004378098922,00	 0000000000000,00	 0000000000000,00	 0000000000000,00
160000208	 0000000000000,00	 0000000000000,00	 0000000000000,00	 0000000000000,00
160000209	 0000000313906,00	 0000000000000,00	 0000000000000,00	 0000000000000,00
160000219	 0000000000000,00	 0000000000000,00	 0000000000000,00	 0000000000000,00
160000300	 0021660631050,00	 0000000000000,00	 0000000000000,00	 0000000000000,00
160000301	 0021609926113,00	 0000000000000,00	 0000000000000,00	 0000000000000,00
160000302	 0000000000000,00	 0000000000000,00	 0000000000000,00	 0000000000000,00
160000303	 0000000000000,00	 0000000000000,00	 0000000000000,00	 0000000000000,00
160000309	 0000050704937,00	 0000000000000,00	 0000000000000,00	 0000000000000,00
160000319	 0000000000000,00	 0000000000000,00	 0000000000000,00	 0000000000000,00
170000000	 0019507552626,00	 0000000000000,00	 0000000000000,00	 0000000000000,00
170000100	 0014567675331,00	 0000000000000,00	 0000000000000,00	 0000000000000,00
170000101	 0019338200255,00	 0000000000000,00	 0000000000000,00	 0000000000000,00
170000102	 0000000000000,00	 0000000000000,00	 0000000000000,00	 0000000000000,00
170000119	-0004770524924,00	 0000000000000,00	 0000000000000,00	 0000000000000,00
170000200	 0004939877295,00	 0000000000000,00	 0000000000000,00	 0000000000000,00
170000201	 0010305603825,00	 0000000000000,00	 0000000000000,00	 0000000000000,00
170000209	 0018749134371,00	 0000000000000,00	 0000000000000,00	 0000000000000,00
170000219	-0024114860901,00	 0000000000000,00	 0000000000000,00	 0000000000000,00
175000000	 0000000000000,00	 0006824101518,00	 0000000000000,00	 0000000000000,00
175000100	 0000000000000,00	 0006824101518,00	 0000000000000,00	 0000000000000,00
175000101	 0000000000000,00	 0010909966520,00	 0000000000000,00	 0000000000000,00
175000102	 0000000000000,00	 0000000000000,00	 0000000000000,00	 0000000000000,00
175000119	 0000000000000,00	-0004085865002,00	 0000000000000,00	 0000000000000,00
175000200	 0000000000000,00	 0000000000000,00	 0000000000000,00	 0000000000000,00
175000201	 0000000000000,00	 0000000000000,00	 0000000000000,00	 0000000000000,00
175000219	 0000000000000,00	 0000000000000,00	 0000000000000,00	 0000000000000,00
175000300	 0000000000000,00	 0000000000000,00	 0000000000000,00	 0000000000000,00
175000301	 0000000000000,00	 0000000000000,00	 0000000000000,00	 0000000000000,00
175000309	 0000000000000,00	 0000000000000,00	 0000000000000,00	 0000000000000,00
175000319	 0000000000000,00	 0000000000000,00	 0000000000000,00	 0000000000000,00
175000400	 0000000000000,00	 0000000000000,00	 0000000000000,00	 0000000000000,00
175000401	 0000000000000,00	 0000000000000,00	 0000000000000,00	 0000000000000,00
175000409	 0000000000000,00	 0000000000000,00	 0000000000000,00	 0000000000000,00
175000419	 0000000000000,00	 0000000000000,00	 0000000000000,00	 0000000000000,00
180000000	 0011082574088,00	 0000000000000,00	 0000000000000,00	 0000000000000,00
185000000	 0059141557776,00	 0000000000000,00	 0000000000000,00	 0000000000000,00
190000000	 0069165243992,00	 0000000000000,00	 0000000000000,00	 0026115163650,00
190000100	 0008319871617,00	 0000000000000,00	 0000000000000,00	 0000000000000,00
190000101	 0008319871617,00	 0000000000000,00	 0000000000000,00	 0000000000000,00
190000102	 0000000000000,00	 0000000000000,00	 0000000000000,00	 0000000000000,00
190000103	 0000000000000,00	 0000000000000,00	 0000000000000,00	 0000000000000,00
190000200	 0013341624612,00	 0000000000000,00	 0000000000000,00	 0025960080714,00
190000201	 0010848733767,00	 0000000000000,00	 0000000000000,00	 0000000000000,00
190000202	 0000000000000,00	 0000000000000,00	 0000000000000,00	 0000000000000,00
190000203	 0002255948000,00	 0000000000000,00	 0000000000000,00	 0025960080714,00
190000204	 0000236942845,00	 0000000000000,00	 0000000000000,00	 0000000000000,00
190000300	 0012268775127,00	 0000000000000,00	 0000000000000,00	 0000000000000,00
190000301	 0004520090083,00	 0000000000000,00	 0000000000000,00	 0000000000000,00
190000302	 0007748685044,00	 0000000000000,00	 0000000000000,00	 0000000000000,00
190000303	 0000000000000,00	 0000000000000,00	 0000000000000,00	 0000000000000,00
190000400	 0000000000000,00	 0000000000000,00	 0000000000000,00	 0000000000000,00
190000401	 0000000000000,00	 0000000000000,00	 0000000000000,00	 0000000000000,00
190000402	 0000000000000,00	 0000000000000,00	 0000000000000,00	 0000000000000,00
190000500	 0020359867151,00	 0000000000000,00	 0000000000000,00	 0000076718607,00
190000501	 0000000000000,00	 0000000000000,00	 0000000000000,00	 0000000000000,00
190000502	 0000000000000,00	 0000000000000,00	 0000000000000,00	 0000000000000,00
190000503	 0000000000000,00	 0000000000000,00	 0000000000000,00	 0000000000000,00
190000504	 0000000000000,00	 0000000000000,00	 0000000000000,00	 0000000000000,00
190000505	 0000000000000,00	 0000000000000,00	 0000000000000,00	 0000000000000,00
190000509	 0020359867151,00	 0000000000000,00	 0000000000000,00	 0000076718607,00
190000600	 0005177121997,00	 0000000000000,00	 0000000000000,00	 0000000000000,00
190000700	 0000000000000,00	 0000000000000,00	 0000000000000,00	 0000000000000,00
190000701	 0000000000000,00	 0000000000000,00	 0000000000000,00	 0000000000000,00
190000702	 0000000000000,00	 0000000000000,00	 0000000000000,00	 0000000000000,00
190000800	 0002572779242,00	 0000000000000,00	 0000000000000,00	 0000000000000,00
190000900	 0001165329903,00	 0000000000000,00	 0000000000000,00	 0000000000000,00
190001000	 0000000000000,00	 0000000000000,00	 0000000000000,00	 0000000000000,00
190001100	 0000000000000,00	 0000000000000,00	 0000000000000,00	 0000000000000,00
190001200	 0000344254640,00	 0000000000000,00	 0000000000000,00	 0000000000000,00
190001300	 0000000000000,00	 0000000000000,00	 0000000000000,00	 0000000000000,00
190001400	 0000109141905,00	 0000000000000,00	 0000000000000,00	 0000000000000,00
190001500	 0000701454194,00	 0000000000000,00	 0000000000000,00	 0000068521810,00
190002900	 0004805023604,00	 0000000000000,00	 0000000000000,00	 0000009842519,00
192500100	 0000000000000,00	 0000000000000,00	 0000000000000,00	 0000000000000,00
192500101	 0000000000000,00	 0000000000000,00	 0000000000000,00	 0000000000000,00
192500102	 0000000000000,00	 0000000000000,00	 0000000000000,00	 0000000000000,00
192500103	 0000000000000,00	 0000000000000,00	 0000000000000,00	 0000000000000,00
195000000	 0025895210583,00	 0000000000000,00	 0000000000000,00	 0000000000000,00
195000100	 0008250693906,00	 0000000000000,00	 0000000000000,00	 0000000000000,00
195000101	 0003417303519,00	 0000000000000,00	 0000000000000,00	 0000000000000,00
195000102	 0005371002519,00	 0000000000000,00	 0000000000000,00	 0000000000000,00
195000103	-0000537612132,00	 0000000000000,00	 0000000000000,00	 0000000000000,00
195000200	 0017644516677,00	 0000000000000,00	 0000000000000,00	 0000000000000,00
195000201	 0000000000000,00	 0000000000000,00	 0000000000000,00	 0000000000000,00
195000202	 0000000000000,00	 0000000000000,00	 0000000000000,00	 0000000000000,00
195000203	 0000000000000,00	 0000000000000,00	 0000000000000,00	 0000000000000,00
195000204	 0017644516677,00	 0000000000000,00	 0000000000000,00	 0000000000000,00
195000219	 0000000000000,00	 0000000000000,00	 0000000000000,00	 0000000000000,00
195000300	 0000000000000,00	 0000000000000,00	 0000000000000,00	 0000000000000,00
200000000	 4200404541139,00	 3383227444910,00	 0019298745894,00	 1428548188910,00
207000000	 0096758133628,00	 0000000000000,00	 0000000000000,00	 0079534374626,00
207000100	 0000000000000,00	 0000000000000,00	 0000000000000,00	 0000000000000,00
207000101	 0000000000000,00	 0000000000000,00	 0000000000000,00	 0000000000000,00
207000102	 0000000000000,00	 0000000000000,00	 0000000000000,00	 0000000000000,00
207000200	 0000000000000,00	 0000000000000,00	 0000000000000,00	 0000000000000,00
207000300	 0096758133628,00	 0000000000000,00	 0000000000000,00	 0079534374626,00
207000301	 0050308070632,00	 0000000000000,00	 0000000000000,00	 0053736220155,00
207000309	 0000000000000,00	 0000000000000,00	 0000000000000,00	 0000000000000,00
207000311	 0032375654996,00	 0000000000000,00	 0000000000000,00	 0001124204172,00
207000319	 0014074408000,00	 0000000000000,00	 0000000000000,00	 0024673950299,00
210000000	 0274439366660,00	 0000000000000,00	 0000000000000,00	 0000000000000,00
211000100	 0274439366660,00	 0000000000000,00	 0000000000000,00	 0000000000000,00
211000101	 0134323117598,00	 0000000000000,00	 0000000000000,00	 0000000000000,00
211000102	 0140090674657,00	 0000000000000,00	 0000000000000,00	 0000000000000,00
211000103	 0000025574405,00	 0000000000000,00	 0000000000000,00	 0000000000000,00
211000104	 0000000000000,00	 0000000000000,00	 0000000000000,00	 0000000000000,00
211000105	 0000000000000,00	 0000000000000,00	 0000000000000,00	 0000000000000,00
211000190	 0000000000000,00	 0000000000000,00	 0000000000000,00	 0000000000000,00
213000100	 0000000000000,00	 0000000000000,00	 0000000000000,00	 0000000000000,00
213000101	 0000000000000,00	 0000000000000,00	 0000000000000,00	 0000000000000,00
213000102	 0000000000000,00	 0000000000000,00	 0000000000000,00	 0000000000000,00
213000103	 0000000000000,00	 0000000000000,00	 0000000000000,00	 0000000000000,00
213000109	 0000000000000,00	 0000000000000,00	 0000000000000,00	 0000000000000,00
218000000	 0000000000000,00	 0000000000000,00	 0000000000000,00	 0000000000000,00
218000001	 0000000000000,00	 0000000000000,00	 0000000000000,00	 0000000000000,00
218000002	 0000000000000,00	 0000000000000,00	 0000000000000,00	 0000000000000,00
218000003	 0000000000000,00	 0000000000000,00	 0000000000000,00	 0000000000000,00
218000009	 0000000000000,00	 0000000000000,00	 0000000000000,00	 0000000000000,00
230000000	 0057619398372,00	 0000000000000,00	 0000000000000,00	 0000000000000,00
230000100	 0057619398372,00	 0000000000000,00	 0000000000000,00	 0000000000000,00
230000101	 0000000000000,00	 0000000000000,00	 0000000000000,00	 0000000000000,00
230000102	 0057619398372,00	 0000000000000,00	 0000000000000,00	 0000000000000,00
230000103	 0000000000000,00	 0000000000000,00	 0000000000000,00	 0000000000000,00
230000104	 0000000000000,00	 0000000000000,00	 0000000000000,00	 0000000000000,00
230000105	 0000000000000,00	 0000000000000,00	 0000000000000,00	 0000000000000,00
230000190	 0000000000000,00	 0000000000000,00	 0000000000000,00	 0000000000000,00
240000000	 3661618188461,00	 2999518482936,00	 0019298745894,00	 1329403571676,00
241000000	 0882669041028,00	 0042051236129,00	 0000000000000,00	 0462204086549,00
241000100	 0687229004419,00	 0000000000000,00	 0000000000000,00	 0417771239771,00
241000101	 0000000000000,00	 0000000000000,00	 0000000000000,00	 0000000000000,00
241000102	 0000000000000,00	 0000000000000,00	 0000000000000,00	 0000000000000,00
241000103	 0467598779757,00	 0000000000000,00	 0000000000000,00	 0395692040020,00
241000104	 0219630224662,00	 0000000000000,00	 0000000000000,00	 0022079199751,00
241000200	 0025022437437,00	 0000000000000,00	 0000000000000,00	 0000000000000,00
241000201	 0000000000000,00	 0000000000000,00	 0000000000000,00	 0000000000000,00
241000202	 0025022437437,00	 0000000000000,00	 0000000000000,00	 0000000000000,00
241000300	 0045853366587,00	 0000000000000,00	 0000000000000,00	 0000000000000,00
241000301	 0045853366587,00	 0000000000000,00	 0000000000000,00	 0000000000000,00
241000400	 0000000000000,00	 0000000000000,00	 0000000000000,00	 0000000000000,00
241000401	 0000000000000,00	 0000000000000,00	 0000000000000,00	 0000000000000,00
241000402	 0000000000000,00	 0000000000000,00	 0000000000000,00	 0000000000000,00
241000500	 0124564232585,00	 0042051236129,00	 0000000000000,00	 0044432846778,00
241000501	 0000000000000,00	 0000000000000,00	 0000000000000,00	 0000000000000,00
241000502	 0000000000000,00	 0000000000000,00	 0000000000000,00	 0000000000000,00
241000503	 0000000000000,00	 0000000000000,00	 0000000000000,00	 0000000000000,00
241000504	 0000000000000,00	 0000000000000,00	 0000000000000,00	 0000000000000,00
241000505	 0002934530069,00	 0007772418829,00	 0000000000000,00	 0003643392844,00
241000506	 0017724270691,00	 0000000000000,00	 0000000000000,00	 0000000000000,00
241000507	 0000000000000,00	 0000000000000,00	 0000000000000,00	 0006496685247,00
241000508	 0000000000000,00	 0000000000000,00	 0000000000000,00	 0000000000000,00
241000509	 0008741924096,00	 0000000000000,00	 0000000000000,00	 0000000000000,00
241000510	 0002779008957,00	 0000000000000,00	 0000000000000,00	 0000292531358,00
241000511	 0002331115314,00	 0000000000000,00	 0000000000000,00	 0002441114330,00
241000512	 0000000000000,00	 0000000000000,00	 0000000000000,00	 0000000000000,00
241000513	 0000000000000,00	 0000000000000,00	 0000000000000,00	 0000000000000,00
241000590	 0090053383458,00	 0034278817300,00	 0000000000000,00	 0031559122999,00
242000000	 1312231002636,00	 0142950130331,00	 0000000000000,00	 0552122618186,00
242000100	 1312231002636,00	 0142950130331,00	 0000000000000,00	 0552122618186,00
242000200	 0000000000000,00	 0000000000000,00	 0000000000000,00	 0000000000000,00
242000201	 0000000000000,00	 0000000000000,00	 0000000000000,00	 0000000000000,00
242000202	 0000000000000,00	 0000000000000,00	 0000000000000,00	 0000000000000,00
242000300	 0000000000000,00	 0000000000000,00	 0000000000000,00	 0000000000000,00
242000301	 0000000000000,00	 0000000000000,00	 0000000000000,00	 0000000000000,00
242000302	 0000000000000,00	 0000000000000,00	 0000000000000,00	 0000000000000,00
242000390	 0000000000000,00	 0000000000000,00	 0000000000000,00	 0000000000000,00
243000000	 0008009169065,00	 0000000000000,00	 0000000000000,00	 0000000000000,00
243000100	 0006816628565,00	 0000000000000,00	 0000000000000,00	 0000000000000,00
243000101	 0006816628565,00	 0000000000000,00	 0000000000000,00	 0000000000000,00
243000102	 0000000000000,00	 0000000000000,00	 0000000000000,00	 0000000000000,00
243000103	 0000000000000,00	 0000000000000,00	 0000000000000,00	 0000000000000,00
243000200	 0000000000000,00	 0000000000000,00	 0000000000000,00	 0000000000000,00
243000201	 0000000000000,00	 0000000000000,00	 0000000000000,00	 0000000000000,00
243000202	 0000000000000,00	 0000000000000,00	 0000000000000,00	 0000000000000,00
243000203	 0000000000000,00	 0000000000000,00	 0000000000000,00	 0000000000000,00
243000300	 0001192540500,00	 0000000000000,00	 0000000000000,00	 0000000000000,00
243000301	 0001192540500,00	 0000000000000,00	 0000000000000,00	 0000000000000,00
243000302	 0000000000000,00	 0000000000000,00	 0000000000000,00	 0000000000000,00
243000400	 0000000000000,00	 0000000000000,00	 0000000000000,00	 0000000000000,00
243000401	 0000000000000,00	 0000000000000,00	 0000000000000,00	 0000000000000,00
243000402	 0000000000000,00	 0000000000000,00	 0000000000000,00	 0000000000000,00
244000000	 1200564804313,00	 0000000000000,00	 0000000000000,00	 0314841171019,00
244250000	 0000326902287,00	 0000000000000,00	 0000000000000,00	 0000000000000,00
244250100	 0000000000000,00	 0000000000000,00	 0000000000000,00	 0000000000000,00
244250101	 0000000000000,00	 0000000000000,00	 0000000000000,00	 0000000000000,00
244250102	 0000000000000,00	 0000000000000,00	 0000000000000,00	 0000000000000,00
244250103	 0000000000000,00	 0000000000000,00	 0000000000000,00	 0000000000000,00
244250200	 0000326902287,00	 0000000000000,00	 0000000000000,00	 0000000000000,00
244250201	 0000000000000,00	 0000000000000,00	 0000000000000,00	 0000000000000,00
244250202	 0000000000000,00	 0000000000000,00	 0000000000000,00	 0000000000000,00
244250203	 0000326902287,00	 0000000000000,00	 0000000000000,00	 0000000000000,00
244250204	 0000000000000,00	 0000000000000,00	 0000000000000,00	 0000000000000,00
244250209	 0000000000000,00	 0000000000000,00	 0000000000000,00	 0000000000000,00
244500000	 0000000000000,00	 0000000000000,00	 0000000000000,00	 0314841171019,00
244500100	 0000000000000,00	 0000000000000,00	 0000000000000,00	 0233995859939,00
244500101	 0000000000000,00	 0000000000000,00	 0000000000000,00	 0134927671185,00
244500102	 0000000000000,00	 0000000000000,00	 0000000000000,00	 0099068188754,00
244500103	 0000000000000,00	 0000000000000,00	 0000000000000,00	 0000000000000,00
244500200	 0000000000000,00	 0000000000000,00	 0000000000000,00	 0080845311080,00
244500201	 0000000000000,00	 0000000000000,00	 0000000000000,00	 0000000000000,00
244500202	 0000000000000,00	 0000000000000,00	 0000000000000,00	 0080396251568,00
244500203	 0000000000000,00	 0000000000000,00	 0000000000000,00	 0000449059512,00
244500204	 0000000000000,00	 0000000000000,00	 0000000000000,00	 0000000000000,00
244500209	 0000000000000,00	 0000000000000,00	 0000000000000,00	 0000000000000,00
244700000	 1200237902026,00	 0000000000000,00	 0000000000000,00	 0000000000000,00
244700100	 1200237902026,00	 0000000000000,00	 0000000000000,00	 0000000000000,00
244700200	 0000000000000,00	 0000000000000,00	 0000000000000,00	 0000000000000,00
244900000	 0000000000000,00	 0000000000000,00	 0000000000000,00	 0000000000000,00
244900100	 0000000000000,00	 0000000000000,00	 0000000000000,00	 0000000000000,00
244900200	 0000000000000,00	 0000000000000,00	 0000000000000,00	 0000000000000,00
245000000	 0246684445690,00	 2813238474081,00	 0000000000000,00	 0000000000000,00
245000100	 0000000000000,00	 0001348503184,00	 0000000000000,00	 0000000000000,00
245000101	 0000000000000,00	 0000685445459,00	 0000000000000,00	 0000000000000,00
245000102	 0000000000000,00	 0000663057725,00	 0000000000000,00	 0000000000000,00
245000200	 0246684445690,00	 2811889970897,00	 0000000000000,00	 0000000000000,00
245000201	 0246684445690,00	 2811889970897,00	 0000000000000,00	 0000000000000,00
245000203	 0000000000000,00	 0000000000000,00	 0000000000000,00	 0000000000000,00
246000000	 0011459725729,00	 0001278642395,00	 0019298745894,00	 0000235695922,00
246000100	 0000000000000,00	 0001278642395,00	 0019298745894,00	 0000000000000,00
246000101	 0000000000000,00	 0001278642395,00	 0019298745894,00	 0000000000000,00
246000102	 0000000000000,00	 0000000000000,00	 0000000000000,00	 0000000000000,00
246000200	 0011459725729,00	 0000000000000,00	 0000000000000,00	 0000235695922,00
246000201	 0000000000000,00	 0000000000000,00	 0000000000000,00	 0000000000000,00
246000202	 0000000000000,00	 0000000000000,00	 0000000000000,00	 0000000000000,00
246000203	 0000000000000,00	 0000000000000,00	 0000000000000,00	 0000000000000,00
246000204	 0011459725729,00	 0000000000000,00	 0000000000000,00	 0000235695922,00
246000205	 0000000000000,00	 0000000000000,00	 0000000000000,00	 0000000000000,00
246000206	 0000000000000,00	 0000000000000,00	 0000000000000,00	 0000000000000,00
246000207	 0000000000000,00	 0000000000000,00	 0000000000000,00	 0000000000000,00
246000208	 0000000000000,00	 0000000000000,00	 0000000000000,00	 0000000000000,00
246000290	 0000000000000,00	 0000000000000,00	 0000000000000,00	 0000000000000,00
246000300	 0000000000000,00	 0000000000000,00	 0000000000000,00	 0000000000000,00
246000301	 0000000000000,00	 0000000000000,00	 0000000000000,00	 0000000000000,00
246000302	 0000000000000,00	 0000000000000,00	 0000000000000,00	 0000000000000,00
246000303	 0000000000000,00	 0000000000000,00	 0000000000000,00	 0000000000000,00
246000304	 0000000000000,00	 0000000000000,00	 0000000000000,00	 0000000000000,00
246000305	 0000000000000,00	 0000000000000,00	 0000000000000,00	 0000000000000,00
246000390	 0000000000000,00	 0000000000000,00	 0000000000000,00	 0000000000000,00
250000000	 0000000000000,00	 0007178933679,00	 0000000000000,00	 0000000000000,00
255000000	 0000000000000,00	 0376494640218,00	 0000000000000,00	 0000000000000,00
255000100	 0000000000000,00	 0376494640218,00	 0000000000000,00	 0000000000000,00
255000101	 0000000000000,00	 0000000000000,00	 0000000000000,00	 0000000000000,00
255000102	 0000000000000,00	 0376494640218,00	 0000000000000,00	 0000000000000,00
255000200	 0000000000000,00	 0000000000000,00	 0000000000000,00	 0000000000000,00
255000300	 0000000000000,00	 0000000000000,00	 0000000000000,00	 0000000000000,00
260000000	 0019377232768,00	 0000000000000,00	 0000000000000,00	 0000000000000,00
260000100	 0009544231890,00	 0000000000000,00	 0000000000000,00	 0000000000000,00
260000101	 0004773089925,00	 0000000000000,00	 0000000000000,00	 0000000000000,00
260000102	 0000000000000,00	 0000000000000,00	 0000000000000,00	 0000000000000,00
260000103	 0000000000000,00	 0000000000000,00	 0000000000000,00	 0000000000000,00
260000104	 0000000000000,00	 0000000000000,00	 0000000000000,00	 0000000000000,00
260000105	 0000000000000,00	 0000000000000,00	 0000000000000,00	 0000000000000,00
260000106	 0000000000000,00	 0000000000000,00	 0000000000000,00	 0000000000000,00
260000107	 0000000000000,00	 0000000000000,00	 0000000000000,00	 0000000000000,00
260000109	 0004771141965,00	 0000000000000,00	 0000000000000,00	 0000000000000,00
260000200	 0000000000000,00	 0000000000000,00	 0000000000000,00	 0000000000000,00
260000300	 0000000000000,00	 0000000000000,00	 0000000000000,00	 0000000000000,00
260000400	 0000005511434,00	 0000000000000,00	 0000000000000,00	 0000000000000,00
260000500	 0004832317356,00	 0000000000000,00	 0000000000000,00	 0000000000000,00
260000600	 0000000000000,00	 0000000000000,00	 0000000000000,00	 0000000000000,00
260000900	 0004995172088,00	 0000000000000,00	 0000000000000,00	 0000000000000,00
265000000	 0020352977133,00	 0000000000000,00	 0000000000000,00	 0000000000000,00
265000100	 0020352977133,00	 0000000000000,00	 0000000000000,00	 0000000000000,00
265000101	 0020352977133,00	 0000000000000,00	 0000000000000,00	 0000000000000,00
265000102	 0000000000000,00	 0000000000000,00	 0000000000000,00	 0000000000000,00
265000200	 0000000000000,00	 0000000000000,00	 0000000000000,00	 0000000000000,00
265000300	 0000000000000,00	 0000000000000,00	 0000000000000,00	 0000000000000,00
270000000	 0019246035289,00	 0000000000000,00	 0000000000000,00	 0001502076440,00
271000000	 0006407510182,00	 0000000000000,00	 0000000000000,00	 0001502076440,00
271000100	 0000000000000,00	 0000000000000,00	 0000000000000,00	 0000399572088,00
271000200	 0000000000000,00	 0000000000000,00	 0000000000000,00	 0000048689843,00
271000400	 0004140088313,00	 0000000000000,00	 0000000000000,00	 0000235071953,00
271000500	 0001516867787,00	 0000000000000,00	 0000000000000,00	 0000269594727,00
271000501	 0001280329024,00	 0000000000000,00	 0000000000000,00	 0000000000000,00
271000502	 0000236538763,00	 0000000000000,00	 0000000000000,00	 0000269594727,00
271000503	 0000000000000,00	 0000000000000,00	 0000000000000,00	 0000000000000,00
271000504	 0000000000000,00	 0000000000000,00	 0000000000000,00	 0000000000000,00
271000505	 0000000000000,00	 0000000000000,00	 0000000000000,00	 0000000000000,00
271000600	 0000000000000,00	 0000000000000,00	 0000000000000,00	 0000000000000,00
271000601	 0000000000000,00	 0000000000000,00	 0000000000000,00	 0000000000000,00
271000602	 0000000000000,00	 0000000000000,00	 0000000000000,00	 0000000000000,00
271000700	 0000750554082,00	 0000000000000,00	 0000000000000,00	 0000549147829,00
271000701	 0000000000000,00	 0000000000000,00	 0000000000000,00	 0000000000000,00
271000702	 0000000000000,00	 0000000000000,00	 0000000000000,00	 0000000000000,00
271000703	 0000331753017,00	 0000000000000,00	 0000000000000,00	 0000000000000,00
271000704	 0000418801065,00	 0000000000000,00	 0000000000000,00	 0000549147829,00
271000705	 0000000000000,00	 0000000000000,00	 0000000000000,00	 0000000000000,00
271000800	 0000000000000,00	 0000000000000,00	 0000000000000,00	 0000000000000,00
271000900	 0000000000000,00	 0000000000000,00	 0000000000000,00	 0000000000000,00
272000000	 0000838525107,00	 0000000000000,00	 0000000000000,00	 0000000000000,00
273000000	 0000000000000,00	 0000000000000,00	 0000000000000,00	 0000000000000,00
274000000	 0012000000000,00	 0000000000000,00	 0000000000000,00	 0000000000000,00
274000100	 0007000000000,00	 0000000000000,00	 0000000000000,00	 0000000000000,00
274000200	 0001000000000,00	 0000000000000,00	 0000000000000,00	 0000000000000,00
274000300	 0004000000000,00	 0000000000000,00	 0000000000000,00	 0000000000000,00
275000000	 0000000000000,00	 0000000000000,00	 0000000000000,00	 0000000000000,00
275000100	 0000000000000,00	 0000000000000,00	 0000000000000,00	 0000000000000,00
275000200	 0000000000000,00	 0000000000000,00	 0000000000000,00	 0000000000000,00
275000300	 0000000000000,00	 0000000000000,00	 0000000000000,00	 0000000000000,00
275000400	 0000000000000,00	 0000000000000,00	 0000000000000,00	 0000000000000,00
275000500	 0000000000000,00	 0000000000000,00	 0000000000000,00	 0000000000000,00
275000600	 0000000000000,00	 0000000000000,00	 0000000000000,00	 0000000000000,00
279000000	 0000000000000,00	 0000000000000,00	 0000000000000,00	 0000000000000,00
279000100	 0000000000000,00	 0000000000000,00	 0000000000000,00	 0000000000000,00
279000200	 0000000000000,00	 0000000000000,00	 0000000000000,00	 0000000000000,00
279000300	 0000000000000,00	 0000000000000,00	 0000000000000,00	 0000000000000,00
280000000	 0000082656248,00	 0000000000000,00	 0000000000000,00	 0000000000000,00
285000000	 0000000000000,00	 0000000000000,00	 0000000000000,00	 0000000000000,00
290000000	 0050910552580,00	 0000035388077,00	 0000000000000,00	 0018108166168,00
290000100	 0002280383427,00	 0000000000000,00	 0000000000000,00	 0015582372000,00
290000101	 0002280383427,00	 0000000000000,00	 0000000000000,00	 0000000000000,00
290000102	 0000000000000,00	 0000000000000,00	 0000000000000,00	 0000000000000,00
290000103	 0000000000000,00	 0000000000000,00	 0000000000000,00	 0015582372000,00
290000104	 0000000000000,00	 0000000000000,00	 0000000000000,00	 0000000000000,00
290000200	 0006641796272,00	 0000000000000,00	 0000000000000,00	 0000000000000,00
290000201	 0004510588335,00	 0000000000000,00	 0000000000000,00	 0000000000000,00
290000202	 0002131207937,00	 0000000000000,00	 0000000000000,00	 0000000000000,00
290000203	 0000000000000,00	 0000000000000,00	 0000000000000,00	 0000000000000,00
290000300	 0020879654940,00	 0000000000000,00	 0000000000000,00	 0000000000000,00
290000301	 0000000000000,00	 0000000000000,00	 0000000000000,00	 0000000000000,00
290000302	 0001286752401,00	 0000000000000,00	 0000000000000,00	 0000000000000,00
290000303	 0000000000000,00	 0000000000000,00	 0000000000000,00	 0000000000000,00
290000304	 0000000000000,00	 0000000000000,00	 0000000000000,00	 0000000000000,00
290000305	 0000906175475,00	 0000000000000,00	 0000000000000,00	 0000000000000,00
290000306	 0000000000000,00	 0000000000000,00	 0000000000000,00	 0000000000000,00
290000307	 0002074320093,00	 0000000000000,00	 0000000000000,00	 0000000000000,00
290000308	 0010941840819,00	 0000000000000,00	 0000000000000,00	 0000000000000,00
290000309	 0000979891260,00	 0000000000000,00	 0000000000000,00	 0000000000000,00
290000390	 0004690674892,00	 0000000000000,00	 0000000000000,00	 0000000000000,00
290000400	 0000000000000,00	 0000000000000,00	 0000000000000,00	 0000000000000,00
290000500	 0000000000000,00	 0000035388077,00	 0000000000000,00	 0000000000000,00
290000501	 0000000000000,00	 0000035388077,00	 0000000000000,00	 0000000000000,00
290000502	 0000000000000,00	 0000000000000,00	 0000000000000,00	 0000000000000,00
290000700	 0013561594083,00	 0000000000000,00	 0000000000000,00	 0000000000000,00
290000800	 0000000000000,00	 0000000000000,00	 0000000000000,00	 0000721757431,00
290000801	 0000000000000,00	 0000000000000,00	 0000000000000,00	 0000000000000,00
290000802	 0000000000000,00	 0000000000000,00	 0000000000000,00	 0000000000000,00
290000803	 0000000000000,00	 0000000000000,00	 0000000000000,00	 0000000000000,00
290000809	 0000000000000,00	 0000000000000,00	 0000000000000,00	 0000721757431,00
290000900	 0001984090761,00	 0000000000000,00	 0000000000000,00	 0000000000000,00
290001000	 0000000000000,00	 0000000000000,00	 0000000000000,00	 0000000000000,00
290001100	 0001696588680,00	 0000000000000,00	 0000000000000,00	 0001795893962,00
290001200	 0003866444417,00	 0000000000000,00	 0000000000000,00	 0000008142775,00
295000000	 0000000000000,00	 0000000000000,00	 0000000000000,00	 0000000000000,00
300000000	 0729106177088,00	 0000000000000,00	 0000000000000,00	 0000000000000,00
310000000	 0325040961836,00	 0000000000000,00	 0000000000000,00	 0000000000000,00
311000000	 0325040961836,00	 0000000000000,00	 0000000000000,00	 0000000000000,00
311000100	 0325040961836,00	 0000000000000,00	 0000000000000,00	 0000000000000,00
311000200	 0000000000000,00	 0000000000000,00	 0000000000000,00	 0000000000000,00
311000300	 0000000000000,00	 0000000000000,00	 0000000000000,00	 0000000000000,00
311000400	 0000000000000,00	 0000000000000,00	 0000000000000,00	 0000000000000,00
311000500	 0000000000000,00	 0000000000000,00	 0000000000000,00	 0000000000000,00
311000600	 0000000000000,00	 0000000000000,00	 0000000000000,00	 0000000000000,00
312000000	 0000000000000,00	 0000000000000,00	 0000000000000,00	 0000000000000,00
313000000	 0000000000000,00	 0000000000000,00	 0000000000000,00	 0000000000000,00
320000000	 0017944130648,00	 0000000000000,00	 0000000000000,00	 0000000000000,00
320000100	 0017944130648,00	 0000000000000,00	 0000000000000,00	 0000000000000,00
320000200	 0000000000000,00	 0000000000000,00	 0000000000000,00	 0000000000000,00
320000300	 0000000000000,00	 0000000000000,00	 0000000000000,00	 0000000000000,00
320000400	 0000000000000,00	 0000000000000,00	 0000000000000,00	 0000000000000,00
330000000	-0004065112991,00	 0000000000000,00	 0000000000000,00	 0000000000000,00
331000000	 0000049504920,00	 0000000000000,00	 0000000000000,00	 0000000000000,00
331000100	 0000000000000,00	 0000000000000,00	 0000000000000,00	 0000000000000,00
331000200	 0000049504920,00	 0000000000000,00	 0000000000000,00	 0000000000000,00
331000201	 0000049504920,00	 0000000000000,00	 0000000000000,00	 0000000000000,00
331000202	 0000000000000,00	 0000000000000,00	 0000000000000,00	 0000000000000,00
331000203	 0000000000000,00	 0000000000000,00	 0000000000000,00	 0000000000000,00
331000209	 0000000000000,00	 0000000000000,00	 0000000000000,00	 0000000000000,00
331000300	 0000000000000,00	 0000000000000,00	 0000000000000,00	 0000000000000,00
331000400	 0000000000000,00	 0000000000000,00	 0000000000000,00	 0000000000000,00
331000500	 0000000000000,00	 0000000000000,00	 0000000000000,00	 0000000000000,00
331000900	 0000000000000,00	 0000000000000,00	 0000000000000,00	 0000000000000,00
332000000	-0004114617911,00	 0000000000000,00	 0000000000000,00	 0000000000000,00
332000100	-0005969223417,00	 0000000000000,00	 0000000000000,00	 0000000000000,00
332000200	 0000000000000,00	 0000000000000,00	 0000000000000,00	 0000000000000,00
332000300	 0000000000000,00	 0000000000000,00	 0000000000000,00	 0000000000000,00
332000400	 0001854605506,00	 0000000000000,00	 0000000000000,00	 0000000000000,00
332000500	 0000000000000,00	 0000000000000,00	 0000000000000,00	 0000000000000,00
332000600	 0000000000000,00	 0000000000000,00	 0000000000000,00	 0000000000000,00
332000700	 0000000000000,00	 0000000000000,00	 0000000000000,00	 0000000000000,00
332000900	 0000000000000,00	 0000000000000,00	 0000000000000,00	 0000000000000,00
340000000	 0342646474744,00	 0000000000000,00	 0000000000000,00	 0000000000000,00
340000100	 0342646474744,00	 0000000000000,00	 0000000000000,00	 0000000000000,00
340000200	 0000000000000,00	 0000000000000,00	 0000000000000,00	 0000000000000,00
350000000	 0067843257111,00	 0000000000000,00	 0000000000000,00	 0000000000000,00
360000000	-0020352977133,00	 0000000000000,00	 0000000000000,00	 0000000000000,00
360000100	-0020352977133,00	 0000000000000,00	 0000000000000,00	 0000000000000,00
360000101	-0020352977133,00	 0000000000000,00	 0000000000000,00	 0000000000000,00
360000102	 0000000000000,00	 0000000000000,00	 0000000000000,00	 0000000000000,00
360000200	 0000000000000,00	 0000000000000,00	 0000000000000,00	 0000000000000,00
360000300	 0000000000000,00	 0000000000000,00	 0000000000000,00	 0000000000000,00
365000000	 0000000000000,00	 0000000000000,00	 0000000000000,00	 0000000000000,00
380000000	 0729056734215,00	 0000000000000,00	 0000000000000,00	 0000000000000,00
390000000	 0000049442873,00	 0000000000000,00	 0000000000000,00	 0000000000000,00
500000000	 2035368695373,00	 4070451130982,00	 0008363749966,00	 0963408265604,00
505000000	 2035368695373,00	 4070451130982,00	 0008363749966,00	 0963408265604,00
510000000	 4929510718227,00	 3383227444910,00	 0019298745894,00	 1428548188910,00
