056	BANCO PENTA                                                             
1000000	 0000000213606,00	 0000000187188,00	 0000000000000,00	 0000000022386,00
1100000	 0000000006616,00	 0000000000000,00	 0000000000000,00	 0000000008183,00
1100100	 0000000000421,00	 0000000000000,00	 0000000000000,00	 0000000000284,00
1100200	 0000000005320,00	 0000000000000,00	 0000000000000,00	 0000000003934,00
1100300	 0000000000875,00	 0000000000000,00	 0000000000000,00	 0000000000943,00
1100400	 0000000000000,00	 0000000000000,00	 0000000000000,00	 0000000003022,00
1130000	 0000000013508,00	 0000000000000,00	 0000000000000,00	 0000000001456,00
1130100	 0000000000646,00	 0000000000000,00	 0000000000000,00	 0000000000258,00
1130200	 0000000012862,00	 0000000000000,00	 0000000000000,00	 0000000001198,00
1150000	 0000000080202,00	 0000000170123,00	 0000000000000,00	 0000000005984,00
1150100	 0000000012080,00	 0000000031941,00	 0000000000000,00	 0000000000000,00
1150200	 0000000067867,00	 0000000138182,00	 0000000000000,00	 0000000000000,00
1150300	 0000000000000,00	 0000000000000,00	 0000000000000,00	 0000000000000,00
1150400	 0000000000255,00	 0000000000000,00	 0000000000000,00	 0000000005984,00
1160000	 0000000035914,00	 0000000000000,00	 0000000000000,00	 0000000000000,00
1160100	 0000000000000,00	 0000000000000,00	 0000000000000,00	 0000000000000,00
1160200	 0000000035914,00	 0000000000000,00	 0000000000000,00	 0000000000000,00
1250000	 0000000003596,00	 0000000000000,00	 0000000000000,00	 0000000000000,00
1250100	 0000000003596,00	 0000000000000,00	 0000000000000,00	 0000000000000,00
1250200	 0000000000000,00	 0000000000000,00	 0000000000000,00	 0000000000000,00
1270000	 0000000000000,00	 0000000000000,00	 0000000000000,00	 0000000000000,00
1270100	 0000000000000,00	 0000000000000,00	 0000000000000,00	 0000000000000,00
1270112	 0000000000000,00	 0000000000000,00	 0000000000000,00	 0000000000000,00
1270113	 0000000000000,00	 0000000000000,00	 0000000000000,00	 0000000000000,00
1270116	 0000000000000,00	 0000000000000,00	 0000000000000,00	 0000000000000,00
1270117	 0000000000000,00	 0000000000000,00	 0000000000000,00	 0000000000000,00
1270118	 0000000000000,00	 0000000000000,00	 0000000000000,00	 0000000000000,00
1270190	 0000000000000,00	 0000000000000,00	 0000000000000,00	 0000000000000,00
1270200	 0000000000000,00	 0000000000000,00	 0000000000000,00	 0000000000000,00
1270202	 0000000000000,00	 0000000000000,00	 0000000000000,00	 0000000000000,00
1270203	 0000000000000,00	 0000000000000,00	 0000000000000,00	 0000000000000,00
1270206	 0000000000000,00	 0000000000000,00	 0000000000000,00	 0000000000000,00
1270207	 0000000000000,00	 0000000000000,00	 0000000000000,00	 0000000000000,00
1270208	 0000000000000,00	 0000000000000,00	 0000000000000,00	 0000000000000,00
1270290	 0000000000000,00	 0000000000000,00	 0000000000000,00	 0000000000000,00
1270300	 0000000000000,00	 0000000000000,00	 0000000000000,00	 0000000000000,00
1300000	 0000000059825,00	 0000000004685,00	 0000000000000,00	 0000000006707,00
1302000	 0000000060653,00	 0000000004685,00	 0000000000000,00	 0000000006707,00
1302100	 0000000060320,00	 0000000004685,00	 0000000000000,00	 0000000006707,00
1302101	 0000000060320,00	 0000000004685,00	 0000000000000,00	 0000000006707,00
1302102	 0000000000000,00	 0000000000000,00	 0000000000000,00	 0000000000000,00
1302170	 0000000000000,00	 0000000000000,00	 0000000000000,00	 0000000000000,00
1302180	 0000000000000,00	 0000000000000,00	 0000000000000,00	 0000000000000,00
1302200	 0000000000000,00	 0000000000000,00	 0000000000000,00	 0000000000000,00
1302201	 0000000000000,00	 0000000000000,00	 0000000000000,00	 0000000000000,00
1302202	 0000000000000,00	 0000000000000,00	 0000000000000,00	 0000000000000,00
1302241	 0000000000000,00	 0000000000000,00	 0000000000000,00	 0000000000000,00
1302242	 0000000000000,00	 0000000000000,00	 0000000000000,00	 0000000000000,00
1302281	 0000000000000,00	 0000000000000,00	 0000000000000,00	 0000000000000,00
1302282	 0000000000000,00	 0000000000000,00	 0000000000000,00	 0000000000000,00
1302300	 0000000000333,00	 0000000000000,00	 0000000000000,00	 0000000000000,00
1302500	 0000000000000,00	 0000000000000,00	 0000000000000,00	 0000000000000,00
1302800	 0000000000000,00	 0000000000000,00	 0000000000000,00	 0000000000000,00
1302900	 0000000000000,00	 0000000000000,00	 0000000000000,00	 0000000000000,00
1304000	 0000000000000,00	 0000000000000,00	 0000000000000,00	 0000000000000,00
1304100	 0000000000000,00	 0000000000000,00	 0000000000000,00	 0000000000000,00
1304101	 0000000000000,00	 0000000000000,00	 0000000000000,00	 0000000000000,00
1304102	 0000000000000,00	 0000000000000,00	 0000000000000,00	 0000000000000,00
1304200	 0000000000000,00	 0000000000000,00	 0000000000000,00	 0000000000000,00
1304500	 0000000000000,00	 0000000000000,00	 0000000000000,00	 0000000000000,00
1304600	 0000000000000,00	 0000000000000,00	 0000000000000,00	 0000000000000,00
1304800	 0000000000000,00	 0000000000000,00	 0000000000000,00	 0000000000000,00
1304900	 0000000000000,00	 0000000000000,00	 0000000000000,00	 0000000000000,00
1305000	 0000000000000,00	 0000000000000,00	 0000000000000,00	 0000000000000,00
1305100	 0000000000000,00	 0000000000000,00	 0000000000000,00	 0000000000000,00
1305300	 0000000000000,00	 0000000000000,00	 0000000000000,00	 0000000000000,00
1305400	 0000000000000,00	 0000000000000,00	 0000000000000,00	 0000000000000,00
1305800	 0000000000000,00	 0000000000000,00	 0000000000000,00	 0000000000000,00
1305900	 0000000000000,00	 0000000000000,00	 0000000000000,00	 0000000000000,00
1309000	-0000000000828,00	 0000000000000,00	 0000000000000,00	 0000000000000,00
1309100	-0000000000828,00	 0000000000000,00	 0000000000000,00	 0000000000000,00
1309200	 0000000000000,00	 0000000000000,00	 0000000000000,00	 0000000000000,00
1309300	 0000000000000,00	 0000000000000,00	 0000000000000,00	 0000000000000,00
1350000	 0000000004098,00	 0000000012380,00	 0000000000000,00	 0000000000000,00
1350100	 0000000003965,00	 0000000010852,00	 0000000000000,00	 0000000000000,00
1350200	 0000000000133,00	 0000000001528,00	 0000000000000,00	 0000000000000,00
1350300	 0000000000000,00	 0000000000000,00	 0000000000000,00	 0000000000000,00
1360000	 0000000000000,00	 0000000000000,00	 0000000000000,00	 0000000000000,00
1360100	 0000000000000,00	 0000000000000,00	 0000000000000,00	 0000000000000,00
1360200	 0000000000000,00	 0000000000000,00	 0000000000000,00	 0000000000000,00
1360300	 0000000000000,00	 0000000000000,00	 0000000000000,00	 0000000000000,00
1400000	 0000000001042,00	 0000000000000,00	 0000000000000,00	 0000000000000,00
1400100	 0000000000000,00	 0000000000000,00	 0000000000000,00	 0000000000000,00
1400101	 0000000000000,00	 0000000000000,00	 0000000000000,00	 0000000000000,00
1400102	 0000000000000,00	 0000000000000,00	 0000000000000,00	 0000000000000,00
1400103	 0000000000000,00	 0000000000000,00	 0000000000000,00	 0000000000000,00
1400200	 0000000001042,00	 0000000000000,00	 0000000000000,00	 0000000000000,00
1500000	 0000000000461,00	 0000000000000,00	 0000000000000,00	 0000000000000,00
1500100	 0000000000281,00	 0000000000000,00	 0000000000000,00	 0000000000000,00
1500200	 0000000000180,00	 0000000000000,00	 0000000000000,00	 0000000000000,00
1600000	 0000000000624,00	 0000000000000,00	 0000000000000,00	 0000000000000,00
1600100	 0000000000041,00	 0000000000000,00	 0000000000000,00	 0000000000000,00
1600200	 0000000000583,00	 0000000000000,00	 0000000000000,00	 0000000000000,00
1700000	 0000000000345,00	 0000000000000,00	 0000000000000,00	 0000000000000,00
1750000	 0000000006670,00	 0000000000000,00	 0000000000000,00	 0000000000000,00
1800000	 0000000000705,00	 0000000000000,00	 0000000000000,00	 0000000000056,00
1800100	 0000000000000,00	 0000000000000,00	 0000000000000,00	 0000000000000,00
1800200	 0000000000000,00	 0000000000000,00	 0000000000000,00	 0000000000000,00
1800900	 0000000000705,00	 0000000000000,00	 0000000000000,00	 0000000000056,00
2000000	 0000000284013,00	 0000000001788,00	 0000000000000,00	 0000000084815,00
2100000	 0000000011550,00	 0000000000000,00	 0000000000000,00	 0000000002493,00
2100100	 0000000000000,00	 0000000000000,00	 0000000000000,00	 0000000000000,00
2100109	 0000000000000,00	 0000000000000,00	 0000000000000,00	 0000000000000,00
2100110	 0000000000000,00	 0000000000000,00	 0000000000000,00	 0000000000000,00
2100200	 0000000000658,00	 0000000000000,00	 0000000000000,00	 0000000000000,00
2100300	 0000000010892,00	 0000000000000,00	 0000000000000,00	 0000000002493,00
2130000	 0000000007273,00	 0000000000000,00	 0000000000000,00	 0000000001382,00
2160000	 0000000006079,00	 0000000000000,00	 0000000000000,00	 0000000000646,00
2160100	 0000000000000,00	 0000000000000,00	 0000000000000,00	 0000000000000,00
2160200	 0000000006079,00	 0000000000000,00	 0000000000000,00	 0000000000646,00
2200000	 0000000245644,00	 0000000001788,00	 0000000000000,00	 0000000080294,00
2200100	 0000000245644,00	 0000000001788,00	 0000000000000,00	 0000000080294,00
2200200	 0000000000000,00	 0000000000000,00	 0000000000000,00	 0000000000000,00
2200900	 0000000000000,00	 0000000000000,00	 0000000000000,00	 0000000000000,00
2250000	 0000000004162,00	 0000000000000,00	 0000000000000,00	 0000000000000,00
2250100	 0000000004162,00	 0000000000000,00	 0000000000000,00	 0000000000000,00
2250200	 0000000000000,00	 0000000000000,00	 0000000000000,00	 0000000000000,00
2300000	 0000000005001,00	 0000000000000,00	 0000000000000,00	 0000000000000,00
2301000	 0000000005001,00	 0000000000000,00	 0000000000000,00	 0000000000000,00
2301001	 0000000005001,00	 0000000000000,00	 0000000000000,00	 0000000000000,00
2302000	 0000000000000,00	 0000000000000,00	 0000000000000,00	 0000000000000,00
2302100	 0000000000000,00	 0000000000000,00	 0000000000000,00	 0000000000000,00
2302200	 0000000000000,00	 0000000000000,00	 0000000000000,00	 0000000000000,00
2303000	 0000000000000,00	 0000000000000,00	 0000000000000,00	 0000000000000,00
2303100	 0000000000000,00	 0000000000000,00	 0000000000000,00	 0000000000000,00
2303900	 0000000000000,00	 0000000000000,00	 0000000000000,00	 0000000000000,00
2400000	 0000000000000,00	 0000000000000,00	 0000000000000,00	 0000000000000,00
2401000	 0000000000000,00	 0000000000000,00	 0000000000000,00	 0000000000000,00
2402000	 0000000000000,00	 0000000000000,00	 0000000000000,00	 0000000000000,00
2402100	 0000000000000,00	 0000000000000,00	 0000000000000,00	 0000000000000,00
2402200	 0000000000000,00	 0000000000000,00	 0000000000000,00	 0000000000000,00
2500000	 0000000000000,00	 0000000000000,00	 0000000000000,00	 0000000000000,00
2500100	 0000000000000,00	 0000000000000,00	 0000000000000,00	 0000000000000,00
2500200	 0000000000000,00	 0000000000000,00	 0000000000000,00	 0000000000000,00
2500300	 0000000000000,00	 0000000000000,00	 0000000000000,00	 0000000000000,00
2600000	 0000000000000,00	 0000000000000,00	 0000000000000,00	 0000000000000,00
2650000	 0000000001472,00	 0000000000000,00	 0000000000000,00	 0000000000000,00
2700000	 0000000002046,00	 0000000000000,00	 0000000000000,00	 0000000000000,00
2700100	 0000000002044,00	 0000000000000,00	 0000000000000,00	 0000000000000,00
2700200	 0000000000000,00	 0000000000000,00	 0000000000000,00	 0000000000000,00
2700300	 0000000000002,00	 0000000000000,00	 0000000000000,00	 0000000000000,00
2700400	 0000000000000,00	 0000000000000,00	 0000000000000,00	 0000000000000,00
2700401	 0000000000000,00	 0000000000000,00	 0000000000000,00	 0000000000000,00
2700402	 0000000000000,00	 0000000000000,00	 0000000000000,00	 0000000000000,00
2700411	 0000000000000,00	 0000000000000,00	 0000000000000,00	 0000000000000,00
2700412	 0000000000000,00	 0000000000000,00	 0000000000000,00	 0000000000000,00
2700413	 0000000000000,00	 0000000000000,00	 0000000000000,00	 0000000000000,00
2700421	 0000000000000,00	 0000000000000,00	 0000000000000,00	 0000000000000,00
2700422	 0000000000000,00	 0000000000000,00	 0000000000000,00	 0000000000000,00
2700423	 0000000000000,00	 0000000000000,00	 0000000000000,00	 0000000000000,00
2700490	 0000000000000,00	 0000000000000,00	 0000000000000,00	 0000000000000,00
2800000	 0000000000786,00	 0000000000000,00	 0000000000000,00	 0000000000000,00
3000000	 0000000045102,00	 0000000008174,00	 0000000000000,00	-0000000000712,00
3101000	 0000000060754,00	 0000000000000,00	 0000000000000,00	 0000000000000,00
3102000	-0000000002062,00	 0000000000000,00	 0000000000000,00	 0000000000000,00
3103000	 0000000000033,00	 0000000000000,00	 0000000000000,00	 0000000000000,00
3104000	-0000000013623,00	 0000000008174,00	 0000000000000,00	-0000000000712,00
3104100	-0000000007498,00	 0000000000000,00	 0000000000000,00	 0000000000000,00
3104200	-0000000006125,00	 0000000008174,00	 0000000000000,00	-0000000000712,00
3104300	 0000000000000,00	 0000000000000,00	 0000000000000,00	 0000000000000,00
3200000	 0000000000000,00	 0000000000000,00	 0000000000000,00	 0000000000000,00
5001000	 0000000045102,00	 0000000008174,00	 0000000000000,00	-0000000000712,00
5002000	 0000000329115,00	 0000000009962,00	 0000000000000,00	 0000000084103,00
5100000	 0000000060653,00	 0000000004685,00	 0000000000000,00	 0000000006707,00
