999	SISTEMA FINANCIERO
4100000	 0000003214266,00	 0000002679596,00	 0000000020621,00	 0000000993575,00
4100100	 0000000008475,00	 0000000000000,00	 0000000000000,00	 0000000000827,00
4100101	 0000000008475,00	 0000000000000,00	 0000000000000,00	 0000000000827,00
4100151	 0000000000000,00	 0000000000000,00	 0000000000000,00	 0000000000000,00
4100200	 0000000005799,00	 0000000000000,00	 0000000000020,00	 0000000019718,00
4100201	 0000000005799,00	 0000000000000,00	 0000000000020,00	 0000000019718,00
4100251	 0000000000000,00	 0000000000000,00	 0000000000000,00	 0000000000000,00
4100300	 0000001249389,00	 0000001018159,00	 0000000020740,00	 0000000756130,00
4100301	 0000000997769,00	 0000000375485,00	 0000000002278,00	 0000000528913,00
4100309	 0000000015202,00	 0000000000197,00	 0000000001334,00	 0000000170895,00
4100310	 0000000060187,00	 0000000000001,00	 0000000000000,00	 0000000001105,00
4100320	 0000000055596,00	 0000000000326,00	 0000000000800,00	 0000000007728,00
4100325	 0000000001333,00	 0000000052263,00	 0000000000000,00	 0000000000000,00
4100330	 0000000087131,00	 0000000081197,00	 0000000015699,00	 0000000044174,00
4100340	 0000000012213,00	 0000000001668,00	 0000000000000,00	 0000000003108,00
4100351	 0000000000519,00	 0000000408609,00	 0000000000000,00	 0000000000011,00
4100359	 0000000000000,00	 0000000000033,00	 0000000000000,00	 0000000000000,00
4100360	 0000000000000,00	 0000000000000,00	 0000000000000,00	 0000000000000,00
4100370	 0000000000155,00	 0000000003541,00	 0000000000000,00	 0000000000000,00
4100375	 0000000000000,00	 0000000032894,00	 0000000000000,00	 0000000000000,00
4100380	 0000000000000,00	 0000000054957,00	 0000000000629,00	 0000000000000,00
4100390	 0000000000000,00	 0000000002482,00	 0000000000000,00	 0000000000000,00
4100399	 0000000019284,00	 0000000004506,00	 0000000000000,00	 0000000000196,00
4100400	 0000000010275,00	 0000001600053,00	 0000000000000,00	 0000000029027,00
4100401	 0000000000000,00	 0000000017019,00	 0000000000000,00	 0000000000000,00
4100402	 0000000004678,00	 0000000002071,00	 0000000000000,00	 0000000000000,00
4100403	 0000000000000,00	 0000000001512,00	 0000000000000,00	 0000000000000,00
4100405	 0000000000000,00	 0000000047866,00	 0000000000000,00	 0000000000308,00
4100407	 0000000000827,00	 0000000789632,00	 0000000000000,00	 0000000013547,00
4100408	 0000000000000,00	 0000000000000,00	 0000000000000,00	 0000000000000,00
4100420	 0000000000000,00	 0000000002109,00	 0000000000000,00	 0000000015172,00
4100430	 0000000000000,00	 0000000001990,00	 0000000000000,00	 0000000000000,00
4100451	 0000000000000,00	 0000000009464,00	 0000000000000,00	 0000000000000,00
4100452	 0000000000000,00	 0000000001572,00	 0000000000000,00	 0000000000000,00
4100455	 0000000000000,00	 0000000036766,00	 0000000000000,00	 0000000000000,00
4100457	 0000000000006,00	 0000000687823,00	 0000000000000,00	 0000000000000,00
4100458	 0000000000000,00	 0000000000000,00	 0000000000000,00	 0000000000000,00
4100480	 0000000000000,00	 0000000000610,00	 0000000000000,00	 0000000000000,00
4100490	 0000000000000,00	 0000000000613,00	 0000000000000,00	 0000000000000,00
4100499	 0000000004764,00	 0000000001006,00	 0000000000000,00	 0000000000000,00
4100500	 0000001821705,00	 0000000006770,00	 0000000000000,00	 0000000063127,00
4100501	 0000000885867,00	 0000000004165,00	 0000000000000,00	 0000000046914,00
4100510	 0000000134753,00	 0000000000000,00	 0000000000000,00	 0000000001738,00
4100520	 0000000781156,00	 0000000000000,00	 0000000000000,00	 0000000011234,00
4100530	 0000000000201,00	 0000000000027,00	 0000000000000,00	 0000000000130,00
4100540	 0000000000205,00	 0000000000000,00	 0000000000000,00	 0000000003111,00
4100590	 0000000000000,00	 0000000002436,00	 0000000000000,00	 0000000000000,00
4100599	 0000000019523,00	 0000000000142,00	 0000000000000,00	 0000000000000,00
4100600	 0000000157422,00	 0000000071418,00	 0000000000000,00	 0000000090555,00
4100601	 0000000155019,00	 0000000011738,00	 0000000000000,00	 0000000069558,00
4100621	 0000000000327,00	 0000000000095,00	 0000000000000,00	 0000000021594,00
4100651	 0000000002076,00	 0000000059344,00	 0000000000000,00	-0000000000597,00
4100671	 0000000000000,00	 0000000000241,00	 0000000000000,00	 0000000000000,00
4100800	 0000000017294,00	 0000000009189,00	 0000000000002,00	 0000000038195,00
4100801	 0000000000180,00	 0000000000000,00	 0000000000000,00	 0000000001285,00
4100804	 0000000002921,00	 0000000000000,00	 0000000000000,00	 0000000012800,00
4100810	 0000000012799,00	 0000000002663,00	 0000000000002,00	 0000000024110,00
4100850	 0000000001394,00	 0000000006526,00	 0000000000000,00	 0000000000000,00
4100900	-0000000056093,00	-0000000025993,00	-0000000000141,00	-0000000004004,00
4150000	-0000000859640,00	-0000001198423,00	-0000000005254,00	-0000000606837,00
4150100	-0000000036385,00	-0000000009432,00	 0000000000000,00	-0000000049264,00
4150101	-0000000033357,00	 0000000000000,00	 0000000000000,00	-0000000023722,00
4150102	-0000000002189,00	 0000000000000,00	 0000000000000,00	-0000000025542,00
4150103	-0000000000839,00	 0000000000000,00	 0000000000000,00	 0000000000000,00
4150151	 0000000000000,00	-0000000009432,00	 0000000000000,00	 0000000000000,00
4150200	-0000000022388,00	-0000000001541,00	-0000000000010,00	-0000000006531,00
4150201	-0000000022384,00	-0000000000117,00	 0000000000000,00	-0000000006531,00
4150251	-0000000000004,00	-0000000001424,00	-0000000000010,00	 0000000000000,00
4150300	-0000000634151,00	-0000000113235,00	-0000000000002,00	-0000000214889,00
4150301	-0000000614001,00	-0000000018514,00	-0000000000002,00	-0000000214323,00
4150302	-0000000012216,00	-0000000001959,00	 0000000000000,00	-0000000000238,00
4150309	-0000000007975,00	-0000000000943,00	 0000000000000,00	-0000000000328,00
4150351	 0000000000112,00	-0000000048107,00	 0000000000000,00	 0000000000000,00
4150352	 0000000000000,00	-0000000041731,00	 0000000000000,00	 0000000000000,00
4150359	-0000000000071,00	-0000000001981,00	 0000000000000,00	 0000000000000,00
4150400	-0000000034425,00	 0000000000000,00	-0000000003064,00	-0000000151804,00
4150401	-0000000034422,00	 0000000000000,00	-0000000001126,00	-0000000151804,00
4150451	-0000000000003,00	 0000000000000,00	-0000000001938,00	 0000000000000,00
4150500	-0000000084585,00	-0000001036486,00	 0000000000000,00	-0000000167589,00
4150501	-0000000000028,00	-0000000019248,00	 0000000000000,00	 0000000000000,00
4150511	-0000000083564,00	-0000000350797,00	 0000000000000,00	-0000000164674,00
4150521	-0000000000993,00	-0000000120036,00	 0000000000000,00	-0000000002915,00
4150522	 0000000000000,00	-0000000001316,00	 0000000000000,00	 0000000000000,00
4150551	 0000000000000,00	-0000000016742,00	 0000000000000,00	 0000000000000,00
4150561	 0000000000000,00	-0000000445658,00	 0000000000000,00	 0000000000000,00
4150571	 0000000000000,00	-0000000081532,00	 0000000000000,00	 0000000000000,00
4150572	 0000000000000,00	-0000000001157,00	 0000000000000,00	 0000000000000,00
4150600	-0000000007150,00	-0000000004483,00	-0000000002156,00	-0000000008280,00
4150601	-0000000007067,00	-0000000001515,00	-0000000002156,00	-0000000008280,00
4150651	-0000000000083,00	-0000000002968,00	 0000000000000,00	 0000000000000,00
4150700	-0000000004042,00	-0000000005421,00	-0000000000022,00	-0000000002191,00
4150701	-0000000004036,00	-0000000005422,00	 0000000000000,00	-0000000002191,00
4150751	-0000000000006,00	 0000000000001,00	-0000000000022,00	 0000000000000,00
4150800	-0000000002932,00	-0000000028027,00	 0000000000000,00	-0000000007329,00
4150801	-0000000002753,00	-0000000000059,00	 0000000000000,00	-0000000007329,00
4150851	-0000000000179,00	-0000000027968,00	 0000000000000,00	 0000000000000,00
4150900	-0000000033582,00	 0000000000202,00	 0000000000000,00	 0000000001040,00
4200000	 0000001339304,00	 0000000018861,00	 0000000003533,00	 0000000084219,00
4200100	 0000000010898,00	 0000000001129,00	 0000000000222,00	 0000000001469,00
4200200	 0000000035009,00	 0000000017206,00	 0000000002834,00	 0000000015142,00
4200300	 0000000411837,00	 0000000000000,00	 0000000000000,00	 0000000014088,00
4200303	 0000000047457,00	 0000000000000,00	 0000000000000,00	 0000000001153,00
4200304	 0000000102615,00	 0000000000000,00	 0000000000000,00	 0000000001377,00
4200305	 0000000140934,00	 0000000000000,00	 0000000000000,00	 0000000006029,00
4200306	 0000000033399,00	 0000000000000,00	 0000000000000,00	 0000000004850,00
4200307	 0000000082415,00	 0000000000000,00	 0000000000000,00	 0000000000000,00
4200309	 0000000005017,00	 0000000000000,00	 0000000000000,00	 0000000000679,00
4200400	 0000000129867,00	 0000000000090,00	 0000000000000,00	 0000000006749,00
4200500	 0000000239810,00	 0000000000056,00	 0000000000257,00	 0000000006646,00
4200600	 0000000046722,00	 0000000000048,00	 0000000000000,00	 0000000004242,00
4200700	 0000000129087,00	 0000000000000,00	 0000000000000,00	 0000000011055,00
4200800	 0000000131810,00	 0000000000000,00	 0000000000000,00	 0000000002217,00
4200900	 0000000204264,00	 0000000000332,00	 0000000000220,00	 0000000022611,00
4250000	-0000000393607,00	 0000000000000,00	 0000000000000,00	-0000000032587,00
4250100	-0000000210123,00	 0000000000000,00	 0000000000000,00	-0000000018740,00
4250101	-0000000119262,00	 0000000000000,00	 0000000000000,00	-0000000018646,00
4250102	-0000000067707,00	 0000000000000,00	 0000000000000,00	-0000000000094,00
4250190	-0000000023154,00	 0000000000000,00	 0000000000000,00	 0000000000000,00
4250200	-0000000041124,00	 0000000000000,00	 0000000000000,00	-0000000001309,00
4250300	-0000000142360,00	 0000000000000,00	 0000000000000,00	-0000000012538,00
4300000	 0000000754713,00	 0000000280292,00	 0000000000792,00	-0000000222340,00
4300100	 0000000138765,00	 0000000090090,00	 0000000000000,00	 0000000012959,00
4300101	 0000000045431,00	 0000000045847,00	 0000000000000,00	 0000000004286,00
4300102	 0000000013609,00	 0000000004049,00	 0000000000000,00	-0000000002210,00
4300103	 0000000135737,00	 0000000044989,00	 0000000000000,00	 0000000016362,00
4300104	-0000000066647,00	-0000000004795,00	 0000000000000,00	-0000000006466,00
4300190	 0000000010635,00	 0000000000000,00	 0000000000000,00	 0000000000987,00
4300200	 0000000427682,00	 0000000169816,00	 0000000000792,00	-0000000281059,00
4300300	 0000000216176,00	 0000000018747,00	 0000000000000,00	 0000000040900,00
4300400	 0000000009019,00	 0000000000033,00	 0000000000000,00	-0000000000325,00
4300500	-0000000036929,00	 0000000001606,00	 0000000000000,00	 0000000005185,00
4350000	-0000000158138,00	-0000000005930,00	 0000000015062,00	 0000000085481,00
4350100	-0000000847914,00	 0000000000000,00	-0000000034442,00	-0000000083689,00
4350200	 0000000026260,00	 0000000000244,00	 0000000049504,00	-0000000000260,00
4350900	 0000000663516,00	-0000000006174,00	 0000000000000,00	 0000000169430,00
4400000	 0000000098006,00	 0000000000066,00	 0000000000004,00	 0000000030804,00
4400100	 0000000020468,00	 0000000000000,00	 0000000000000,00	 0000000003067,00
4400200	 0000000002981,00	 0000000000000,00	 0000000000000,00	 0000000000000,00
4400290	 0000000001527,00	 0000000000000,00	 0000000000000,00	 0000000000000,00
4400300	 0000000074557,00	 0000000000066,00	 0000000000004,00	 0000000027737,00
4500000	-0000001783083,00	 0000000010122,00	 0000000000000,00	-0000000084932,00
4500100	-0000001814166,00	-0000000000060,00	 0000000000000,00	-0000000077528,00
4500101	-0000000756954,00	-0000000000016,00	 0000000000000,00	-0000000056107,00
4500111	-0000000052170,00	-0000000000044,00	 0000000000000,00	-0000000002283,00
4500112	-0000001005257,00	 0000000000000,00	 0000000000000,00	-0000000019427,00
4500190	 0000000000215,00	 0000000000000,00	 0000000000000,00	 0000000000289,00
4500200	-0000000021024,00	 0000000000000,00	 0000000000000,00	 0000000003319,00
4500700	-0000000154545,00	 0000000000000,00	 0000000000000,00	-0000000017720,00
4500701	-0000000090468,00	 0000000000000,00	 0000000000000,00	-0000000017720,00
4500702	-0000000014571,00	 0000000000000,00	 0000000000000,00	 0000000000000,00
4500703	-0000000049506,00	 0000000000000,00	 0000000000000,00	 0000000000000,00
4500800	 0000000009697,00	 0000000000000,00	 0000000000000,00	 0000000000000,00
4500801	-0000000000168,00	 0000000000000,00	 0000000000000,00	 0000000000000,00
4500802	 0000000009893,00	 0000000000000,00	 0000000000000,00	 0000000000000,00
4500803	-0000000000028,00	 0000000000000,00	 0000000000000,00	 0000000000000,00
4500900	 0000000196955,00	 0000000010182,00	 0000000000000,00	 0000000006997,00
4500901	 0000000056013,00	 0000000003225,00	 0000000000000,00	 0000000001580,00
4500911	 0000000015360,00	 0000000001947,00	 0000000000000,00	 0000000000243,00
4500921	 0000000125582,00	 0000000005010,00	 0000000000000,00	 0000000005174,00
4500931	 0000000000000,00	 0000000000000,00	 0000000000000,00	 0000000000000,00
4600000	-0000001232607,00	 0000000000000,00	 0000000000000,00	-0000000120497,00
4610000	-0000000852605,00	-0000000000033,00	 0000000000000,00	-0000000089731,00
4610100	-0000000545521,00	-0000000000033,00	 0000000000000,00	-0000000065845,00
4610200	-0000000172619,00	 0000000000000,00	 0000000000000,00	-0000000004546,00
4610300	-0000000007091,00	 0000000000000,00	 0000000000000,00	-0000000000734,00
4610400	-0000000065515,00	 0000000000000,00	 0000000000000,00	-0000000002223,00
4610500	-0000000061859,00	 0000000000000,00	 0000000000000,00	-0000000016383,00
4620000	-0000000269535,00	-0000000026811,00	-0000000003262,00	-0000000032957,00
4630000	-0000000696593,00	-0000000003433,00	 0000000000000,00	-0000000113911,00
4650000	-0000000173229,00	-0000000002273,00	-0000000000008,00	-0000000014624,00
4650100	-0000000028306,00	 0000000000000,00	 0000000000000,00	-0000000002136,00
4650200	-0000000023590,00	 0000000000000,00	 0000000000000,00	-0000000000782,00
4650201	-0000000007810,00	 0000000000000,00	 0000000000000,00	-0000000000700,00
4650211	 0000000000000,00	 0000000000000,00	 0000000000000,00	 0000000000000,00
4650290	-0000000015780,00	 0000000000000,00	 0000000000000,00	-0000000000082,00
4650900	-0000000121333,00	-0000000002273,00	-0000000000008,00	-0000000011706,00
4700000	 0000000004905,00	 0000000000000,00	 0000000000000,00	 0000000000972,00
4700100	 0000000005467,00	 0000000000000,00	 0000000000000,00	 0000000000972,00
4700101	 0000000000000,00	 0000000000000,00	 0000000000000,00	 0000000000000,00
4700103	 0000000004114,00	 0000000000000,00	 0000000000000,00	 0000000000000,00
4700110	 0000000001333,00	 0000000000000,00	 0000000000000,00	 0000000000972,00
4700200	-0000000000562,00	 0000000000000,00	 0000000000000,00	 0000000000000,00
4700201	 0000000000000,00	 0000000000000,00	 0000000000000,00	 0000000000000,00
4700203	-0000000000443,00	 0000000000000,00	 0000000000000,00	 0000000000000,00
4700210	-0000000000099,00	 0000000000000,00	 0000000000000,00	 0000000000000,00
4800000	-0000000344457,00	 0000000000000,00	 0000000000000,00	 0000000016657,00
4800001	-0000000601249,00	 0000000000000,00	 0000000000000,00	-0000000018123,00
4850000	 0000000000000,00	 0000000000000,00	 0000000000000,00	 0000000000000,00
4900000	 0000000022606,00	 0000000000000,00	 0000000000000,00	 0000000000075,00
5003000	 0000002354626,00	 0000001481173,00	 0000000015367,00	 0000000386738,00
5004000	 0000000945697,00	 0000000018861,00	 0000000003533,00	 0000000051632,00
5005000	 0000003994904,00	 0000001774462,00	 0000000034758,00	 0000000332315,00
5006000	 0000002211821,00	 0000001784584,00	 0000000034758,00	 0000000247383,00
5007000	-0000001012748,00	 0000001752034,00	 0000000031488,00	-0000000124337,00
5008000	-0000001007843,00	 0000001752034,00	 0000000031488,00	-0000000123365,00
5009000	-0000001352300,00	 0000001752034,00	 0000000031488,00	-0000000106708,00
5010000	-0000001352300,00	 0000001752034,00	 0000000031488,00	-0000000106708,00
5020000	-0000001374906,00	 0000001752034,00	 0000000031488,00	-0000000106783,00
