014	SCOTIABANK CHILE
1000000	 0000019243463,00	 0000015416842,00	 0000000087988,00	 0000005673583,00
1100000	 0000000850093,00	 0000000000000,00	 0000000000000,00	 0000000433819,00
1100100	 0000000120536,00	 0000000000000,00	 0000000000000,00	 0000000028828,00
1100200	 0000000713888,00	 0000000000000,00	 0000000000000,00	 0000000015783,00
1100300	 0000000015669,00	 0000000000000,00	 0000000000000,00	 0000000000000,00
1100400	 0000000000000,00	 0000000000000,00	 0000000000000,00	 0000000389208,00
1130000	 0000000318769,00	 0000000000000,00	 0000000000000,00	 0000000239780,00
1130100	 0000000025964,00	 0000000000000,00	 0000000000000,00	 0000000008559,00
1130200	 0000000292805,00	 0000000000000,00	 0000000000000,00	 0000000231221,00
1150000	 0000000236623,00	 0000000291394,00	 0000000000000,00	 0000000005392,00
1150100	 0000000022500,00	 0000000046234,00	 0000000000000,00	 0000000000000,00
1150200	 0000000079977,00	 0000000245160,00	 0000000000000,00	 0000000000000,00
1150300	 0000000000000,00	 0000000000000,00	 0000000000000,00	 0000000005392,00
1150400	 0000000134146,00	 0000000000000,00	 0000000000000,00	 0000000000000,00
1160000	 0000000126498,00	 0000000000000,00	 0000000000000,00	 0000000000000,00
1160100	 0000000000000,00	 0000000000000,00	 0000000000000,00	 0000000000000,00
1160200	 0000000126498,00	 0000000000000,00	 0000000000000,00	 0000000000000,00
1250000	 0000006089638,00	 0000000000000,00	 0000000000000,00	 0000000000000,00
1250100	 0000005822777,00	 0000000000000,00	 0000000000000,00	 0000000000000,00
1250200	 0000000266861,00	 0000000000000,00	 0000000000000,00	 0000000000000,00
1270000	-0000000000001,00	 0000000000000,00	 0000000000000,00	 0000000001164,00
1270100	 0000000000000,00	 0000000000000,00	 0000000000000,00	 0000000000000,00
1270112	 0000000000000,00	 0000000000000,00	 0000000000000,00	 0000000000000,00
1270113	 0000000000000,00	 0000000000000,00	 0000000000000,00	 0000000000000,00
1270116	 0000000000000,00	 0000000000000,00	 0000000000000,00	 0000000000000,00
1270117	 0000000000000,00	 0000000000000,00	 0000000000000,00	 0000000000000,00
1270118	 0000000000000,00	 0000000000000,00	 0000000000000,00	 0000000000000,00
1270190	 0000000000000,00	 0000000000000,00	 0000000000000,00	 0000000000000,00
1270200	-0000000000001,00	 0000000000000,00	 0000000000000,00	 0000000001164,00
1270202	 0000000000000,00	 0000000000000,00	 0000000000000,00	 0000000000000,00
1270203	 0000000000000,00	 0000000000000,00	 0000000000000,00	 0000000000000,00
1270206	 0000000000000,00	 0000000000000,00	 0000000000000,00	 0000000001164,00
1270207	 0000000000000,00	 0000000000000,00	 0000000000000,00	 0000000000000,00
1270208	 0000000000000,00	 0000000000000,00	 0000000000000,00	 0000000000000,00
1270290	-0000000000001,00	 0000000000000,00	 0000000000000,00	 0000000000000,00
1270300	 0000000000000,00	 0000000000000,00	 0000000000000,00	 0000000000000,00
1300000	 0000008906140,00	 0000014855785,00	 0000000087988,00	 0000004340329,00
1302000	 0000006186278,00	 0000003415612,00	 0000000087988,00	 0000004325643,00
1302100	 0000005648900,00	 0000002407051,00	 0000000000000,00	 0000002884326,00
1302101	 0000005401061,00	 0000002358144,00	 0000000000000,00	 0000002883249,00
1302102	 0000000247839,00	 0000000000000,00	 0000000000000,00	 0000000001077,00
1302170	 0000000000000,00	 0000000007571,00	 0000000000000,00	 0000000000000,00
1302180	 0000000000000,00	 0000000000644,00	 0000000000000,00	 0000000000000,00
1302200	 0000000049732,00	 0000000000000,00	 0000000000000,00	 0000001382749,00
1302201	 0000000000000,00	 0000000000000,00	 0000000000000,00	 0000000000000,00
1302202	 0000000049712,00	 0000000000000,00	 0000000000000,00	 0000000989099,00
1302241	 0000000000020,00	 0000000000000,00	 0000000000000,00	 0000000023062,00
1302242	 0000000000000,00	 0000000000000,00	 0000000000000,00	 0000000368759,00
1302281	 0000000000000,00	 0000000000000,00	 0000000000000,00	 0000000001829,00
1302282	 0000000000000,00	 0000000000000,00	 0000000000000,00	 0000000000000,00
1302300	 0000000039020,00	 0000000000000,00	 0000000000000,00	 0000000000000,00
1302500	 0000000131134,00	 0000000024574,00	 0000000000000,00	 0000000057773,00
1302600	 0000000000002,00	 0000000692233,00	 0000000000000,00	 0000000000000,00
1302601	 0000000000000,00	 0000000684584,00	 0000000000000,00	 0000000000000,00
1302602	 0000000000000,00	 0000000002875,00	 0000000000000,00	 0000000000000,00
1302604	 0000000000002,00	 0000000004774,00	 0000000000000,00	 0000000000000,00
1302800	 0000000310353,00	 0000000291244,00	 0000000087938,00	 0000000000000,00
1302900	 0000000007137,00	 0000000000510,00	 0000000000050,00	 0000000000795,00
1304000	 0000000018715,00	 0000011419652,00	 0000000000000,00	 0000000000000,00
1304100	 0000000005869,00	 0000000086838,00	 0000000000000,00	 0000000000000,00
1304101	 0000000005869,00	 0000000086838,00	 0000000000000,00	 0000000000000,00
1304102	 0000000000000,00	 0000000000000,00	 0000000000000,00	 0000000000000,00
1304200	 0000000000000,00	 0000000042555,00	 0000000000000,00	 0000000000000,00
1304400	 0000000000000,00	 0000000000000,00	 0000000000000,00	 0000000000000,00
1304500	 0000000012846,00	 0000011174203,00	 0000000000000,00	 0000000000000,00
1304600	 0000000000000,00	 0000000000000,00	 0000000000000,00	 0000000000000,00
1304800	 0000000000000,00	 0000000042135,00	 0000000000000,00	 0000000000000,00
1304900	 0000000000000,00	 0000000073921,00	 0000000000000,00	 0000000000000,00
1305000	 0000003132525,00	 0000000020521,00	 0000000000000,00	 0000000014686,00
1305100	 0000001525671,00	 0000000020521,00	 0000000000000,00	 0000000000000,00
1305300	 0000000059185,00	 0000000000000,00	 0000000000000,00	 0000000000000,00
1305400	 0000001547342,00	 0000000000000,00	 0000000000000,00	 0000000014686,00
1305800	 0000000000000,00	 0000000000000,00	 0000000000000,00	 0000000000000,00
1305900	 0000000000327,00	 0000000000000,00	 0000000000000,00	 0000000000000,00
1309000	-0000000431378,00	 0000000000000,00	 0000000000000,00	 0000000000000,00
1309100	-0000000243528,00	 0000000000000,00	 0000000000000,00	 0000000000000,00
1309200	-0000000035225,00	 0000000000000,00	 0000000000000,00	 0000000000000,00
1309300	-0000000152625,00	 0000000000000,00	 0000000000000,00	 0000000000000,00
1350000	 0000001563925,00	 0000000250563,00	 0000000000000,00	 0000000000000,00
1350100	 0000001535766,00	 0000000250563,00	 0000000000000,00	 0000000000000,00
1350200	 0000000028159,00	 0000000000000,00	 0000000000000,00	 0000000000000,00
1350300	 0000000000000,00	 0000000000000,00	 0000000000000,00	 0000000000000,00
1360000	 0000000000000,00	 0000000000000,00	 0000000000000,00	 0000000000000,00
1360100	 0000000000000,00	 0000000000000,00	 0000000000000,00	 0000000000000,00
1360200	 0000000000000,00	 0000000000000,00	 0000000000000,00	 0000000000000,00
1360300	 0000000000000,00	 0000000000000,00	 0000000000000,00	 0000000000000,00
1400000	 0000000015454,00	 0000000000000,00	 0000000000000,00	 0000000000010,00
1400100	 0000000011629,00	 0000000000000,00	 0000000000000,00	 0000000000000,00
1400101	 0000000000000,00	 0000000000000,00	 0000000000000,00	 0000000000000,00
1400103	 0000000011629,00	 0000000000000,00	 0000000000000,00	 0000000000000,00
1400200	 0000000003825,00	 0000000000000,00	 0000000000000,00	 0000000000010,00
1500000	 0000000221942,00	 0000000000000,00	 0000000000000,00	 0000000000000,00
1500100	 0000000000000,00	 0000000000000,00	 0000000000000,00	 0000000000000,00
1500200	 0000000221942,00	 0000000000000,00	 0000000000000,00	 0000000000000,00
1600000	 0000000097193,00	 0000000000000,00	 0000000000000,00	 0000000000000,00
1600100	 0000000054582,00	 0000000000000,00	 0000000000000,00	 0000000000000,00
1600200	 0000000042611,00	 0000000000000,00	 0000000000000,00	 0000000000000,00
1650000	 0000000181820,00	 0000000000000,00	 0000000000000,00	 0000000000000,00
1650100	 0000000181820,00	 0000000000000,00	 0000000000000,00	 0000000000000,00
1650200	 0000000000000,00	 0000000000000,00	 0000000000000,00	 0000000000000,00
1700000	 0000000003811,00	 0000000000000,00	 0000000000000,00	 0000000000000,00
1750000	 0000000394799,00	 0000000000000,00	 0000000000000,00	 0000000000000,00
1800000	 0000000236759,00	 0000000019100,00	 0000000000000,00	 0000000653089,00
1800100	 0000000005479,00	 0000000000000,00	 0000000000000,00	 0000000000000,00
1800200	 0000000011016,00	 0000000000000,00	 0000000000000,00	 0000000000000,00
1800900	 0000000220264,00	 0000000019100,00	 0000000000000,00	 0000000653089,00
2000000	 0000023219210,00	 0000007199710,00	 0000000000000,00	 0000007236156,00
2100000	 0000006419863,00	 0000000404001,00	 0000000000000,00	 0000000644067,00
2100100	 0000004987529,00	 0000000000000,00	 0000000000000,00	 0000000551539,00
2100109	 0000003557031,00	 0000000000000,00	 0000000000000,00	 0000000491285,00
2100110	 0000001430473,00	 0000000000000,00	 0000000000000,00	 0000000060254,00
2100200	 0000001036000,00	 0000000000000,00	 0000000000000,00	 0000000000000,00
2100300	 0000000396334,00	 0000000404001,00	 0000000000000,00	 0000000092528,00
2130000	 0000000230838,00	 0000000000000,00	 0000000000000,00	 0000000240428,00
2160000	 0000000254390,00	 0000000000000,00	 0000000000000,00	 0000000000003,00
2160100	 0000000000000,00	 0000000000000,00	 0000000000000,00	 0000000000000,00
2160200	 0000000254390,00	 0000000000000,00	 0000000000000,00	 0000000000003,00
2200000	 0000005703293,00	 0000000121068,00	 0000000000000,00	 0000002868429,00
2200100	 0000005703293,00	 0000000014434,00	 0000000000000,00	 0000002868429,00
2200200	 0000000000000,00	 0000000106634,00	 0000000000000,00	 0000000000000,00
2200900	 0000000000000,00	 0000000000000,00	 0000000000000,00	 0000000000000,00
2250000	 0000006358304,00	 0000000000000,00	 0000000000000,00	 0000000000000,00
2250100	 0000005572608,00	 0000000000000,00	 0000000000000,00	 0000000000000,00
2250200	 0000000785696,00	 0000000000000,00	 0000000000000,00	 0000000000000,00
2300000	 0000003030026,00	 0000000000000,00	 0000000000000,00	 0000002758429,00
2301000	 0000000000000,00	 0000000000000,00	 0000000000000,00	 0000000000000,00
2301001	 0000000000000,00	 0000000000000,00	 0000000000000,00	 0000000000000,00
2302000	 0000000000000,00	 0000000000000,00	 0000000000000,00	 0000002758429,00
2302100	 0000000000000,00	 0000000000000,00	 0000000000000,00	 0000001210045,00
2302200	 0000000000000,00	 0000000000000,00	 0000000000000,00	 0000001548384,00
2303000	 0000003030026,00	 0000000000000,00	 0000000000000,00	 0000000000000,00
2303100	 0000003030026,00	 0000000000000,00	 0000000000000,00	 0000000000000,00
2303900	 0000000000000,00	 0000000000000,00	 0000000000000,00	 0000000000000,00
2400000	 0000000370542,00	 0000006482123,00	 0000000000000,00	 0000000486775,00
2401000	 0000000000000,00	 0000000103761,00	 0000000000000,00	 0000000000000,00
2402000	 0000000370542,00	 0000006378362,00	 0000000000000,00	 0000000486775,00
2402100	 0000000370542,00	 0000005614097,00	 0000000000000,00	 0000000486775,00
2402200	 0000000000000,00	 0000000764265,00	 0000000000000,00	 0000000000000,00
2402300	 0000000000000,00	 0000000000000,00	 0000000000000,00	 0000000000000,00
2500000	 0000000078688,00	 0000000004435,00	 0000000000000,00	 0000000002750,00
2500100	 0000000000000,00	 0000000000000,00	 0000000000000,00	 0000000000000,00
2500200	 0000000078688,00	 0000000004435,00	 0000000000000,00	 0000000002750,00
2500300	 0000000000000,00	 0000000000000,00	 0000000000000,00	 0000000000000,00
2550000	 0000000001065,00	 0000000162491,00	 0000000000000,00	 0000000000000,00
2600000	 0000000080189,00	 0000000000000,00	 0000000000000,00	 0000000000000,00
2650000	 0000000000597,00	 0000000000000,00	 0000000000000,00	 0000000000000,00
2700000	 0000000401144,00	 0000000000000,00	 0000000000000,00	 0000000000118,00
2700100	 0000000062350,00	 0000000000000,00	 0000000000000,00	 0000000000118,00
2700200	 0000000115397,00	 0000000000000,00	 0000000000000,00	 0000000000000,00
2700300	 0000000029572,00	 0000000000000,00	 0000000000000,00	 0000000000000,00
2700400	 0000000193825,00	 0000000000000,00	 0000000000000,00	 0000000000000,00
2700401	 0000000000168,00	 0000000000000,00	 0000000000000,00	 0000000000000,00
2700402	 0000000000000,00	 0000000000000,00	 0000000000000,00	 0000000000000,00
2700411	 0000000099138,00	 0000000000000,00	 0000000000000,00	 0000000000000,00
2700412	 0000000032088,00	 0000000000000,00	 0000000000000,00	 0000000000000,00
2700413	 0000000047112,00	 0000000000000,00	 0000000000000,00	 0000000000000,00
2700421	 0000000000000,00	 0000000000000,00	 0000000000000,00	 0000000000000,00
2700422	 0000000000000,00	 0000000000000,00	 0000000000000,00	 0000000000000,00
2700423	 0000000000000,00	 0000000000000,00	 0000000000000,00	 0000000000000,00
2700490	 0000000015319,00	 0000000000000,00	 0000000000000,00	 0000000000000,00
2800000	 0000000290271,00	 0000000025592,00	 0000000000000,00	 0000000235157,00
3000000	 0000002123301,00	 0000000730199,00	-0000000060616,00	-0000000026084,00
3101000	 0000001246706,00	 0000000000000,00	 0000000000000,00	 0000000000000,00
3102000	 0000000496397,00	 0000000000000,00	 0000000000000,00	 0000000000000,00
3103000	-0000000216090,00	 0000000000000,00	 0000000000000,00	 0000000000000,00
3104000	 0000000466790,00	 0000000730199,00	-0000000060616,00	-0000000026084,00
3104100	 0000000841029,00	 0000000000000,00	 0000000000000,00	 0000000000000,00
3104200	-0000000258842,00	 0000000730199,00	-0000000060616,00	-0000000026084,00
3104300	-0000000115397,00	 0000000000000,00	 0000000000000,00	 0000000000000,00
3200000	 0000000129498,00	 0000000000000,00	 0000000000000,00	 0000000000000,00
5001000	 0000001993803,00	 0000000730199,00	-0000000060616,00	-0000000026084,00
5002000	 0000025342511,00	 0000007929909,00	-0000000060616,00	 0000007210072,00
5100000	 0000009337518,00	 0000014855785,00	 0000000087988,00	 0000004340329,00
