999	SISTEMA FINANCIERO
1000000	 0000093280872,00	 0000073461600,00	 0000000690719,00	 0000047405971,00
1100000	 0000004961783,00	 0000000000000,00	 0000000000000,00	 0000007988606,00
1100100	 0000002428172,00	 0000000000000,00	 0000000000000,00	 0000000429242,00
1100200	 0000002485009,00	 0000000000000,00	 0000000000000,00	 0000002260488,00
1100300	 0000000048413,00	 0000000000000,00	 0000000000000,00	 0000000011010,00
1100400	 0000000000189,00	 0000000000000,00	 0000000000000,00	 0000005287866,00
1130000	 0000002229520,00	 0000000000000,00	 0000000000000,00	 0000002020958,00
1130100	 0000000638673,00	 0000000000000,00	 0000000000000,00	 0000000100843,00
1130200	 0000001590847,00	 0000000000000,00	 0000000000000,00	 0000001920115,00
1150000	 0000006191697,00	 0000002155202,00	 0000000000000,00	 0000000688403,00
1150100	 0000002207434,00	 0000001520415,00	 0000000000000,00	 0000000000000,00
1150200	 0000003504092,00	 0000000634787,00	 0000000000000,00	 0000000021771,00
1150300	 0000000000000,00	 0000000000000,00	 0000000000000,00	 0000000643314,00
1150400	 0000000480171,00	 0000000000000,00	 0000000000000,00	 0000000023318,00
1160000	 0000000521341,00	 0000000000000,00	 0000000000000,00	 0000000044170,00
1160100	 0000000000000,00	 0000000000000,00	 0000000000000,00	 0000000000000,00
1160200	 0000000521341,00	 0000000000000,00	 0000000000000,00	 0000000044170,00
1250000	 0000008436138,00	 0000000297921,00	 0000000000000,00	 0000000367832,00
1250100	 0000007836750,00	 0000000269565,00	 0000000000000,00	 0000000360805,00
1250200	 0000000599388,00	 0000000028356,00	 0000000000000,00	 0000000007027,00
1270000	 0000000320483,00	 0000000000000,00	 0000000000000,00	 0000001565358,00
1270100	 0000000275023,00	 0000000000000,00	 0000000000000,00	 0000000043788,00
1270112	 0000000273015,00	 0000000000000,00	 0000000000000,00	 0000000028403,00
1270113	 0000000002231,00	 0000000000000,00	 0000000000000,00	 0000000015330,00
1270116	 0000000000000,00	 0000000000000,00	 0000000000000,00	 0000000000127,00
1270117	 0000000000000,00	 0000000000000,00	 0000000000000,00	 0000000000000,00
1270118	 0000000000000,00	 0000000000000,00	 0000000000000,00	 0000000000000,00
1270190	-0000000000321,00	 0000000000000,00	 0000000000000,00	-0000000000072,00
1270200	-0000000001228,00	 0000000000000,00	 0000000000000,00	 0000001521570,00
1270202	 0000000000000,00	 0000000000000,00	 0000000000000,00	 0000000196381,00
1270203	 0000000000000,00	 0000000000000,00	 0000000000000,00	 0000000640911,00
1270206	 0000000000000,00	 0000000000000,00	 0000000000000,00	 0000000421206,00
1270207	 0000000000000,00	 0000000000000,00	 0000000000000,00	 0000000000000,00
1270208	 0000000000000,00	 0000000000000,00	 0000000000000,00	 0000000065352,00
1270290	-0000000001228,00	 0000000000000,00	 0000000000000,00	-0000000001410,00
1270300	 0000000046688,00	 0000000000000,00	 0000000000000,00	 0000000000000,00
1300000	 0000052474867,00	 0000069331472,00	 0000000581853,00	 0000026313138,00
1302000	 0000036886429,00	 0000028106707,00	 0000000581853,00	 0000024089482,00
1302100	 0000031226984,00	 0000021363048,00	 0000000061261,00	 0000015799631,00
1302101	 0000031221163,00	 0000020468730,00	 0000000061261,00	 0000008478933,00
1302102	 0000000000000,00	 0000000000000,00	 0000000000000,00	 0000005590771,00
1302170	 0000000003917,00	 0000000219275,00	 0000000000000,00	 0000000000000,00
1302180	 0000000001904,00	 0000000675043,00	 0000000000000,00	 0000001729927,00
1302200	 0000000867927,00	 0000000049320,00	 0000000000121,00	 0000006929872,00
1302201	 0000000000808,00	 0000000000000,00	 0000000000000,00	 0000000026013,00
1302202	 0000000693851,00	 0000000045429,00	 0000000000000,00	 0000004244345,00
1302241	 0000000014543,00	 0000000000002,00	 0000000000096,00	 0000000461822,00
1302242	 0000000158725,00	 0000000003889,00	 0000000000025,00	 0000002068079,00
1302281	 0000000000000,00	 0000000000000,00	 0000000000000,00	 0000000023493,00
1302282	 0000000000000,00	 0000000000000,00	 0000000000000,00	 0000000106120,00
1302300	 0000001048907,00	 0000000000000,00	 0000000000000,00	 0000000024358,00
1302500	 0000001508902,00	 0000000124730,00	 0000000000296,00	 0000000593555,00
1302600	 0000000009636,00	 0000002490641,00	 0000000000000,00	 0000000000000,00
1302601	 0000000002223,00	 0000002188582,00	 0000000000000,00	 0000000000000,00
1302602	 0000000000005,00	 0000000096648,00	 0000000000000,00	 0000000000000,00
1302604	 0000000007408,00	 0000000205411,00	 0000000000000,00	 0000000000000,00
1302800	 0000001962056,00	 0000004056893,00	 0000000518324,00	 0000000702148,00
1302900	 0000000262017,00	 0000000022075,00	 0000000001851,00	 0000000039918,00
1304000	 0000000098642,00	 0000041039025,00	 0000000000000,00	 0000001174057,00
1304100	 0000000000020,00	 0000001145453,00	 0000000000000,00	 0000000000000,00
1304101	 0000000000020,00	 0000001141177,00	 0000000000000,00	 0000000000000,00
1304102	 0000000000000,00	 0000000004276,00	 0000000000000,00	 0000000000000,00
1304200	 0000000000497,00	 0000001670671,00	 0000000000000,00	 0000000623251,00
1304400	 0000000000000,00	 0000000103265,00	 0000000000000,00	 0000000000000,00
1304500	 0000000057012,00	 0000037919767,00	 0000000000000,00	 0000000251899,00
1304600	 0000000000000,00	 0000000000011,00	 0000000000000,00	 0000000000000,00
1304800	 0000000039778,00	 0000000028873,00	 0000000000000,00	 0000000298907,00
1304900	 0000000001335,00	 0000000170985,00	 0000000000000,00	 0000000000000,00
1305000	 0000019003277,00	 0000000185931,00	 0000000000000,00	 0000001386733,00
1305100	 0000012561528,00	 0000000182027,00	 0000000000000,00	 0000001003572,00
1305300	 0000001275463,00	 0000000000000,00	 0000000000000,00	 0000000004196,00
1305400	 0000005156583,00	 0000000000000,00	 0000000000000,00	 0000000252066,00
1305800	 0000000006412,00	 0000000003904,00	 0000000000000,00	 0000000015242,00
1305900	 0000000003291,00	 0000000000000,00	 0000000000000,00	 0000000111657,00
1309000	-0000003513481,00	-0000000000191,00	 0000000000000,00	-0000000337134,00
1309100	-0000001916630,00	-0000000000094,00	 0000000000000,00	-0000000248392,00
1309200	-0000000359431,00	-0000000000097,00	 0000000000000,00	-0000000023490,00
1309300	-0000001237420,00	 0000000000000,00	 0000000000000,00	-0000000065252,00
1350000	 0000009556706,00	 0000001578711,00	 0000000012185,00	 0000006015969,00
1350100	 0000005072694,00	 0000000737020,00	 0000000000000,00	 0000000230257,00
1350200	 0000004483749,00	 0000000841691,00	 0000000012185,00	 0000000335891,00
1350300	 0000000000263,00	 0000000000000,00	 0000000000000,00	 0000005449821,00
1360000	 0000000008131,00	 0000000033470,00	 0000000000000,00	 0000000198538,00
1360100	 0000000000000,00	 0000000029916,00	 0000000000000,00	 0000000000000,00
1360200	 0000000008131,00	 0000000003554,00	 0000000000000,00	 0000000000000,00
1360300	 0000000000000,00	 0000000000000,00	 0000000000000,00	 0000000198538,00
1400000	 0000000321065,00	 0000000000529,00	 0000000000000,00	 0000000049992,00
1400100	 0000000098863,00	 0000000000000,00	 0000000000000,00	 0000000000000,00
1400101	 0000000000000,00	 0000000000000,00	 0000000000000,00	 0000000000000,00
1400103	 0000000098863,00	 0000000000000,00	 0000000000000,00	 0000000000000,00
1400200	 0000000222202,00	 0000000000529,00	 0000000000000,00	 0000000049992,00
1500000	 0000002055855,00	 0000000000026,00	 0000000058876,00	 0000000210687,00
1500100	 0000001204817,00	 0000000000000,00	 0000000010729,00	 0000000000000,00
1500200	 0000000851038,00	 0000000000026,00	 0000000048147,00	 0000000210687,00
1600000	 0000001361155,00	 0000000000142,00	 0000000000000,00	 0000000085137,00
1600100	 0000000941377,00	 0000000000000,00	 0000000000000,00	 0000000064608,00
1600200	 0000000419778,00	 0000000000142,00	 0000000000000,00	 0000000020529,00
1700000	 0000000377929,00	 0000000000020,00	 0000000000000,00	 0000000034446,00
1750000	 0000002584561,00	 0000000000000,00	 0000000000000,00	 0000000185865,00
1800000	 0000001879641,00	 0000000064107,00	 0000000037805,00	 0000001636872,00
1800100	 0000000274068,00	 0000000037001,00	 0000000005550,00	 0000000013175,00
1800200	 0000000074575,00	 0000000000000,00	 0000000000000,00	 0000000022750,00
1800900	 0000001530998,00	 0000000027106,00	 0000000032255,00	 0000001600947,00
2000000	 0000104942326,00	 0000042348572,00	 0000000070307,00	 0000049693144,00
2100000	 0000031579904,00	 0000000827299,00	 0000000000113,00	 0000010808671,00
2100100	 0000023862311,00	 0000000000000,00	 0000000000000,00	 0000008755300,00
2100109	 0000015963716,00	 0000000000000,00	 0000000000000,00	 0000008018506,00
2100110	 0000007830971,00	 0000000000000,00	 0000000000000,00	 0000000679599,00
2100200	 0000003802515,00	 0000000000000,00	 0000000000000,00	 0000001501366,00
2100300	 0000003915078,00	 0000000827299,00	 0000000000113,00	 0000000552005,00
2130000	 0000001680078,00	 0000000000000,00	 0000000000000,00	 0000001805972,00
2160000	 0000002901249,00	 0000000015392,00	 0000000000000,00	 0000000635104,00
2160100	 0000000032875,00	 0000000000000,00	 0000000000000,00	 0000000000000,00
2160200	 0000002868374,00	 0000000015392,00	 0000000000000,00	 0000000635104,00
2200000	 0000052252592,00	 0000010286617,00	 0000000000010,00	 0000017499276,00
2200100	 0000050272351,00	 0000007401723,00	 0000000000010,00	 0000017409482,00
2200200	 0000001632690,00	 0000002869881,00	 0000000000000,00	 0000000023279,00
2200900	 0000000347551,00	 0000000015013,00	 0000000000000,00	 0000000066515,00
2250000	 0000008087025,00	 0000000481778,00	 0000000000000,00	 0000000276397,00
2250100	 0000007531958,00	 0000000290141,00	 0000000000000,00	 0000000263405,00
2250200	 0000000555067,00	 0000000191637,00	 0000000000000,00	 0000000012992,00
2300000	 0000000581621,00	 0000000000087,00	 0000000002686,00	 0000008931059,00
2301000	 0000000541398,00	 0000000000079,00	 0000000002657,00	 0000000376550,00
2301001	 0000000302229,00	 0000000000000,00	 0000000000000,00	 0000000376550,00
2302000	-0000000001217,00	 0000000000000,00	 0000000000029,00	 0000008554509,00
2302100	 0000000000096,00	 0000000000000,00	 0000000000029,00	 0000003505855,00
2302200	-0000000001313,00	 0000000000000,00	 0000000000000,00	 0000005048654,00
2303000	 0000000041440,00	 0000000000008,00	 0000000000000,00	 0000000000000,00
2303100	 0000000041440,00	 0000000000000,00	 0000000000000,00	 0000000000000,00
2303900	 0000000000000,00	 0000000000008,00	 0000000000000,00	 0000000000000,00
2400000	 0000002889525,00	 0000030359767,00	 0000000000000,00	 0000007976924,00
2401000	 0000000000000,00	 0000001323257,00	 0000000000000,00	 0000000000000,00
2402000	 0000002889525,00	 0000029036510,00	 0000000000000,00	 0000007976924,00
2402100	 0000002888927,00	 0000023554207,00	 0000000000000,00	 0000007749639,00
2402200	 0000000000598,00	 0000005381107,00	 0000000000000,00	 0000000227285,00
2402300	 0000000000000,00	 0000000101196,00	 0000000000000,00	 0000000000000,00
2500000	 0000000544665,00	 0000000100635,00	 0000000059584,00	 0000000657884,00
2500100	 0000000148735,00	 0000000091665,00	 0000000059584,00	 0000000005839,00
2500200	 0000000393497,00	 0000000008970,00	 0000000000000,00	 0000000092985,00
2500300	 0000000002433,00	 0000000000000,00	 0000000000000,00	 0000000559060,00
2600000	 0000000220323,00	 0000000000000,00	 0000000000000,00	 0000000002233,00
2650000	 0000000650743,00	 0000000000704,00	 0000000000000,00	 0000000098457,00
2700000	 0000001918481,00	 0000000000000,00	 0000000000000,00	 0000000113510,00
2700100	 0000000311883,00	 0000000000000,00	 0000000000000,00	 0000000075484,00
2700200	 0000000395824,00	 0000000000000,00	 0000000000000,00	 0000000000000,00
2700300	 0000000220293,00	 0000000000000,00	 0000000000000,00	 0000000026981,00
2700400	 0000000990481,00	 0000000000000,00	 0000000000000,00	 0000000011045,00
2700401	 0000000011624,00	 0000000000000,00	 0000000000000,00	 0000000007007,00
2700402	 0000000000000,00	 0000000000000,00	 0000000000000,00	 0000000000000,00
2700411	 0000000412280,00	 0000000000000,00	 0000000000000,00	 0000000000919,00
2700412	 0000000349932,00	 0000000000000,00	 0000000000000,00	 0000000002204,00
2700413	 0000000048268,00	 0000000000000,00	 0000000000000,00	 0000000000000,00
2700421	 0000000000000,00	 0000000000000,00	 0000000000000,00	 0000000000000,00
2700422	 0000000000226,00	 0000000000000,00	 0000000000000,00	 0000000000000,00
2700423	 0000000000002,00	 0000000000000,00	 0000000000000,00	 0000000000000,00
2700490	 0000000168149,00	 0000000000000,00	 0000000000000,00	 0000000000915,00
2800000	 0000001636120,00	 0000000276293,00	 0000000007914,00	 0000000887657,00
3000000	 0000016810551,00	 0000000766331,00	 0000000001032,00	 0000000206899,00
3101000	 0000009969469,00	 0000000000000,00	 0000000000000,00	 0000000000000,00
3102000	 0000005431168,00	 0000000000000,00	 0000000000000,00	 0000000000000,00
3103000	 0000000027928,00	 0000000000677,00	 0000000000000,00	 0000000000841,00
3104000	 0000001039933,00	 0000000765654,00	 0000000001032,00	 0000000204677,00
3104100	 0000001599327,00	 0000000000000,00	 0000000000000,00	 0000000000000,00
3104200	-0000000163574,00	 0000000765654,00	 0000000001032,00	 0000000204677,00
3104300	-0000000395820,00	 0000000000000,00	 0000000000000,00	 0000000000000,00
3200000	 0000000342053,00	 0000000000000,00	 0000000000000,00	 0000000001381,00
5001000	 0000016468498,00	 0000000766331,00	 0000000001032,00	 0000000205518,00
5002000	 0000121752877,00	 0000043114903,00	 0000000071339,00	 0000049900043,00
5100000	 0000055988348,00	 0000069331663,00	 0000000581853,00	 0000026650272,00
