009	BANCO INTERNACIONAL                                                     
1000000	 0000000267395,00	 0000000095363,00	 0000000000000,00	 0000000080620,00
1100000	 0000000018431,00	 0000000000000,00	 0000000000000,00	 0000000006805,00
1100100	 0000000000790,00	 0000000000000,00	 0000000000000,00	 0000000000770,00
1100200	 0000000017587,00	 0000000000000,00	 0000000000000,00	 0000000000272,00
1100300	 0000000000054,00	 0000000000000,00	 0000000000000,00	 0000000000000,00
1100400	 0000000000000,00	 0000000000000,00	 0000000000000,00	 0000000005763,00
1130000	 0000000033128,00	 0000000000000,00	 0000000000000,00	 0000000024308,00
1130100	 0000000003366,00	 0000000000000,00	 0000000000000,00	 0000000000500,00
1130200	 0000000029762,00	 0000000000000,00	 0000000000000,00	 0000000023808,00
1150000	 0000000013690,00	 0000000020025,00	 0000000000000,00	 0000000000000,00
1150100	 0000000000000,00	 0000000006500,00	 0000000000000,00	 0000000000000,00
1150200	 0000000013690,00	 0000000013525,00	 0000000000000,00	 0000000000000,00
1150300	 0000000000000,00	 0000000000000,00	 0000000000000,00	 0000000000000,00
1150400	 0000000000000,00	 0000000000000,00	 0000000000000,00	 0000000000000,00
1160000	 0000000000000,00	 0000000000000,00	 0000000000000,00	 0000000000000,00
1160100	 0000000000000,00	 0000000000000,00	 0000000000000,00	 0000000000000,00
1160200	 0000000000000,00	 0000000000000,00	 0000000000000,00	 0000000000000,00
1250000	 0000000028091,00	 0000000000000,00	 0000000000000,00	 0000000000000,00
1250100	 0000000028091,00	 0000000000000,00	 0000000000000,00	 0000000000000,00
1250200	 0000000000000,00	 0000000000000,00	 0000000000000,00	 0000000000000,00
1270000	 0000000000000,00	 0000000000000,00	 0000000000000,00	 0000000000000,00
1270100	 0000000000000,00	 0000000000000,00	 0000000000000,00	 0000000000000,00
1270101	 0000000000000,00	 0000000000000,00	 0000000000000,00	 0000000000000,00
1270111	 0000000000000,00	 0000000000000,00	 0000000000000,00	 0000000000000,00
1270190	 0000000000000,00	 0000000000000,00	 0000000000000,00	 0000000000000,00
1270200	 0000000000000,00	 0000000000000,00	 0000000000000,00	 0000000000000,00
1270201	 0000000000000,00	 0000000000000,00	 0000000000000,00	 0000000000000,00
1270290	 0000000000000,00	 0000000000000,00	 0000000000000,00	 0000000000000,00
1300000	 0000000155594,00	 0000000075206,00	 0000000000000,00	 0000000048217,00
1302000	 0000000160826,00	 0000000074433,00	 0000000000000,00	 0000000048217,00
1302100	 0000000121666,00	 0000000051496,00	 0000000000000,00	 0000000003838,00
1302101	 0000000121666,00	 0000000042756,00	 0000000000000,00	 0000000003838,00
1302102	 0000000000000,00	 0000000000000,00	 0000000000000,00	 0000000000000,00
1302170	 0000000000000,00	 0000000008740,00	 0000000000000,00	 0000000000000,00
1302180	 0000000000000,00	 0000000000000,00	 0000000000000,00	 0000000000000,00
1302200	 0000000004254,00	 0000000000002,00	 0000000000000,00	 0000000044379,00
1302202	 0000000000000,00	 0000000000000,00	 0000000000000,00	 0000000000000,00
1302300	 0000000008740,00	 0000000000000,00	 0000000000000,00	 0000000000000,00
1302500	 0000000024800,00	 0000000000000,00	 0000000000000,00	 0000000000000,00
1302800	 0000000001170,00	 0000000022935,00	 0000000000000,00	 0000000000000,00
1302900	 0000000000196,00	 0000000000000,00	 0000000000000,00	 0000000000000,00
1304000	 0000000000000,00	 0000000000602,00	 0000000000000,00	 0000000000000,00
1304100	 0000000000000,00	 0000000000461,00	 0000000000000,00	 0000000000000,00
1304101	 0000000000000,00	 0000000000461,00	 0000000000000,00	 0000000000000,00
1304102	 0000000000000,00	 0000000000000,00	 0000000000000,00	 0000000000000,00
1304200	 0000000000000,00	 0000000000139,00	 0000000000000,00	 0000000000000,00
1304300	 0000000000000,00	 0000000000000,00	 0000000000000,00	 0000000000000,00
1304800	 0000000000000,00	 0000000000000,00	 0000000000000,00	 0000000000000,00
1304900	 0000000000000,00	 0000000000002,00	 0000000000000,00	 0000000000000,00
1305000	 0000000000225,00	 0000000000171,00	 0000000000000,00	 0000000000000,00
1305100	 0000000000225,00	 0000000000168,00	 0000000000000,00	 0000000000000,00
1305300	 0000000000000,00	 0000000000000,00	 0000000000000,00	 0000000000000,00
1305400	 0000000000000,00	 0000000000000,00	 0000000000000,00	 0000000000000,00
1305800	 0000000000000,00	 0000000000003,00	 0000000000000,00	 0000000000000,00
1305900	 0000000000000,00	 0000000000000,00	 0000000000000,00	 0000000000000,00
1309000	-0000000005457,00	 0000000000000,00	 0000000000000,00	 0000000000000,00
1309001	-0000000005454,00	 0000000000000,00	 0000000000000,00	 0000000000000,00
1309002	-0000000000003,00	 0000000000000,00	 0000000000000,00	 0000000000000,00
1309003	 0000000000000,00	 0000000000000,00	 0000000000000,00	 0000000000000,00
1350000	 0000000000000,00	 0000000000132,00	 0000000000000,00	 0000000000000,00
1350100	 0000000000000,00	 0000000000000,00	 0000000000000,00	 0000000000000,00
1350200	 0000000000000,00	 0000000000132,00	 0000000000000,00	 0000000000000,00
1350300	 0000000000000,00	 0000000000000,00	 0000000000000,00	 0000000000000,00
1360000	 0000000000000,00	 0000000000000,00	 0000000000000,00	 0000000000000,00
1360100	 0000000000000,00	 0000000000000,00	 0000000000000,00	 0000000000000,00
1360200	 0000000000000,00	 0000000000000,00	 0000000000000,00	 0000000000000,00
1360300	 0000000000000,00	 0000000000000,00	 0000000000000,00	 0000000000000,00
1400000	 0000000000199,00	 0000000000000,00	 0000000000000,00	 0000000000000,00
1400100	 0000000000006,00	 0000000000000,00	 0000000000000,00	 0000000000000,00
1400101	 0000000000000,00	 0000000000000,00	 0000000000000,00	 0000000000000,00
1400103	 0000000000006,00	 0000000000000,00	 0000000000000,00	 0000000000000,00
1400200	 0000000000193,00	 0000000000000,00	 0000000000000,00	 0000000000000,00
1500000	 0000000000266,00	 0000000000000,00	 0000000000000,00	 0000000000000,00
1500100	 0000000000000,00	 0000000000000,00	 0000000000000,00	 0000000000000,00
1500200	 0000000000266,00	 0000000000000,00	 0000000000000,00	 0000000000000,00
1600000	 0000000009007,00	 0000000000000,00	 0000000000000,00	 0000000000000,00
1600100	 0000000008357,00	 0000000000000,00	 0000000000000,00	 0000000000000,00
1600200	 0000000000650,00	 0000000000000,00	 0000000000000,00	 0000000000000,00
1700000	 0000000000000,00	 0000000000000,00	 0000000000000,00	 0000000000000,00
1750000	 0000000001104,00	 0000000000000,00	 0000000000000,00	 0000000000000,00
1800000	 0000000007885,00	 0000000000000,00	 0000000000000,00	 0000000001290,00
1800100	 0000000000009,00	 0000000000000,00	 0000000000000,00	 0000000000000,00
1800200	 0000000000804,00	 0000000000000,00	 0000000000000,00	 0000000000000,00
1800900	 0000000007072,00	 0000000000000,00	 0000000000000,00	 0000000001290,00
2000000	 0000000283801,00	 0000000053396,00	 0000000000000,00	 0000000077912,00
2100000	 0000000019507,00	 0000000002439,00	 0000000000000,00	 0000000003356,00
2100100	 0000000013401,00	 0000000000000,00	 0000000000000,00	 0000000000858,00
2100109	 0000000011797,00	 0000000000000,00	 0000000000000,00	 0000000000645,00
2100110	 0000000001604,00	 0000000000000,00	 0000000000000,00	 0000000000213,00
2100200	 0000000002681,00	 0000000000000,00	 0000000000000,00	 0000000000000,00
2100300	 0000000003425,00	 0000000002439,00	 0000000000000,00	 0000000002498,00
2130000	 0000000028996,00	 0000000000000,00	 0000000000000,00	 0000000028307,00
2160000	 0000000000000,00	 0000000000000,00	 0000000000000,00	 0000000000000,00
2160100	 0000000000000,00	 0000000000000,00	 0000000000000,00	 0000000000000,00
2160200	 0000000000000,00	 0000000000000,00	 0000000000000,00	 0000000000000,00
2200000	 0000000201289,00	 0000000025402,00	 0000000000000,00	 0000000039993,00
2200100	 0000000201288,00	 0000000024307,00	 0000000000000,00	 0000000039993,00
2200200	 0000000000000,00	 0000000001090,00	 0000000000000,00	 0000000000000,00
2200900	 0000000000001,00	 0000000000005,00	 0000000000000,00	 0000000000000,00
2250000	 0000000023908,00	 0000000000000,00	 0000000000000,00	 0000000000000,00
2250100	 0000000023908,00	 0000000000000,00	 0000000000000,00	 0000000000000,00
2250200	 0000000000000,00	 0000000000000,00	 0000000000000,00	 0000000000000,00
2300000	 0000000006137,00	 0000000000000,00	 0000000000000,00	 0000000006250,00
2301000	 0000000000000,00	 0000000000000,00	 0000000000000,00	 0000000000000,00
2301001	 0000000000000,00	 0000000000000,00	 0000000000000,00	 0000000000000,00
2302000	 0000000000000,00	 0000000000000,00	 0000000000000,00	 0000000006250,00
2302100	 0000000000000,00	 0000000000000,00	 0000000000000,00	 0000000006250,00
2302200	 0000000000000,00	 0000000000000,00	 0000000000000,00	 0000000000000,00
2303000	 0000000006137,00	 0000000000000,00	 0000000000000,00	 0000000000000,00
2303100	 0000000006137,00	 0000000000000,00	 0000000000000,00	 0000000000000,00
2303900	 0000000000000,00	 0000000000000,00	 0000000000000,00	 0000000000000,00
2400000	 0000000000000,00	 0000000024016,00	 0000000000000,00	 0000000000000,00
2401000	 0000000000000,00	 0000000006008,00	 0000000000000,00	 0000000000000,00
2402000	 0000000000000,00	 0000000018008,00	 0000000000000,00	 0000000000000,00
2402100	 0000000000000,00	 0000000000000,00	 0000000000000,00	 0000000000000,00
2402200	 0000000000000,00	 0000000018008,00	 0000000000000,00	 0000000000000,00
2500000	 0000000000002,00	 0000000001539,00	 0000000000000,00	 0000000000001,00
2500100	 0000000000000,00	 0000000001539,00	 0000000000000,00	 0000000000000,00
2500200	 0000000000002,00	 0000000000000,00	 0000000000000,00	 0000000000001,00
2500300	 0000000000000,00	 0000000000000,00	 0000000000000,00	 0000000000000,00
2600000	 0000000000070,00	 0000000000000,00	 0000000000000,00	 0000000000000,00
2650000	 0000000000419,00	 0000000000000,00	 0000000000000,00	 0000000000000,00
2700000	 0000000001887,00	 0000000000000,00	 0000000000000,00	 0000000000000,00
2700100	 0000000000734,00	 0000000000000,00	 0000000000000,00	 0000000000000,00
2700200	 0000000000857,00	 0000000000000,00	 0000000000000,00	 0000000000000,00
2700300	 0000000000271,00	 0000000000000,00	 0000000000000,00	 0000000000000,00
2700400	 0000000000025,00	 0000000000000,00	 0000000000000,00	 0000000000000,00
2700401	 0000000000000,00	 0000000000000,00	 0000000000000,00	 0000000000000,00
2700402	 0000000000000,00	 0000000000000,00	 0000000000000,00	 0000000000000,00
2700403	 0000000000025,00	 0000000000000,00	 0000000000000,00	 0000000000000,00
2700490	 0000000000000,00	 0000000000000,00	 0000000000000,00	 0000000000000,00
2800000	 0000000001586,00	 0000000000000,00	 0000000000000,00	 0000000000005,00
3000000	 0000000028269,00	 0000000000000,00	 0000000000000,00	 0000000000000,00
3101000	 0000000016779,00	 0000000000000,00	 0000000000000,00	 0000000000000,00
3102000	 0000000009491,00	 0000000000000,00	 0000000000000,00	 0000000000000,00
3103000	 0000000000000,00	 0000000000000,00	 0000000000000,00	 0000000000000,00
3104000	 0000000001999,00	 0000000000000,00	 0000000000000,00	 0000000000000,00
3104100	 0000000000000,00	 0000000000000,00	 0000000000000,00	 0000000000000,00
3104200	 0000000002856,00	 0000000000000,00	 0000000000000,00	 0000000000000,00
3104300	-0000000000857,00	 0000000000000,00	 0000000000000,00	 0000000000000,00
3200000	 0000000000000,00	 0000000000000,00	 0000000000000,00	 0000000000000,00
5001000	 0000000028269,00	 0000000000000,00	 0000000000000,00	 0000000000000,00
5002000	 0000000312070,00	 0000000053396,00	 0000000000000,00	 0000000077912,00
5100000	 0000000161051,00	 0000000075206,00	 0000000000000,00	 0000000048217,00
