012	BANCO DEL ESTADO DE CHILE
1000000	 0000033721451,00	 0000016752127,00	 0000000075558,00	 0000005658246,00
1100000	 0000005759266,00	 0000000000000,00	 0000000000000,00	 0000002533668,00
1100100	 0000000788257,00	 0000000000000,00	 0000000000000,00	 0000000024839,00
1100200	 0000004970358,00	 0000000000000,00	 0000000000000,00	 0000000133121,00
1100300	 0000000000651,00	 0000000000000,00	 0000000000000,00	 0000000000000,00
1100400	 0000000000000,00	 0000000000000,00	 0000000000000,00	 0000002375708,00
1130000	 0000000501154,00	 0000000000000,00	 0000000000000,00	 0000000258981,00
1130100	 0000000024266,00	 0000000000000,00	 0000000000000,00	 0000000002406,00
1130200	 0000000476888,00	 0000000000000,00	 0000000000000,00	 0000000256575,00
1150000	 0000000516654,00	 0000000242492,00	 0000000000000,00	 0000000000145,00
1150100	 0000000087700,00	 0000000116510,00	 0000000000000,00	 0000000000000,00
1150200	 0000000422977,00	 0000000125982,00	 0000000000000,00	 0000000000000,00
1150300	 0000000000000,00	 0000000000000,00	 0000000000000,00	 0000000000000,00
1150400	 0000000005977,00	 0000000000000,00	 0000000000000,00	 0000000000145,00
1160000	 0000000253737,00	 0000000000000,00	 0000000000000,00	 0000000000000,00
1160100	 0000000000267,00	 0000000000000,00	 0000000000000,00	 0000000000000,00
1160200	 0000000253470,00	 0000000000000,00	 0000000000000,00	 0000000000000,00
1250000	 0000002240701,00	 0000000000000,00	 0000000000000,00	 0000000000000,00
1250100	 0000001666183,00	 0000000000000,00	 0000000000000,00	 0000000000000,00
1250200	 0000000574518,00	 0000000000000,00	 0000000000000,00	 0000000000000,00
1270000	-0000000004466,00	 0000000000000,00	 0000000000000,00	 0000000807955,00
1270100	 0000000000000,00	 0000000000000,00	 0000000000000,00	 0000000000000,00
1270112	 0000000000000,00	 0000000000000,00	 0000000000000,00	 0000000000000,00
1270113	 0000000000000,00	 0000000000000,00	 0000000000000,00	 0000000000000,00
1270116	 0000000000000,00	 0000000000000,00	 0000000000000,00	 0000000000000,00
1270117	 0000000000000,00	 0000000000000,00	 0000000000000,00	 0000000000000,00
1270118	 0000000000000,00	 0000000000000,00	 0000000000000,00	 0000000000000,00
1270190	 0000000000000,00	 0000000000000,00	 0000000000000,00	 0000000000000,00
1270200	-0000000004466,00	 0000000000000,00	 0000000000000,00	 0000000807955,00
1270202	 0000000000000,00	 0000000000000,00	 0000000000000,00	 0000000246981,00
1270203	 0000000000000,00	 0000000000000,00	 0000000000000,00	 0000000000000,00
1270206	 0000000000000,00	 0000000000000,00	 0000000000000,00	 0000000002740,00
1270207	 0000000000000,00	 0000000000000,00	 0000000000000,00	 0000000000000,00
1270208	 0000000000000,00	 0000000000000,00	 0000000000000,00	 0000000000000,00
1270290	-0000000004466,00	 0000000000000,00	 0000000000000,00	 0000000000000,00
1270300	 0000000000000,00	 0000000000000,00	 0000000000000,00	 0000000000000,00
1300000	 0000009656190,00	 0000015749322,00	 0000000068644,00	 0000001429130,00
1302000	 0000008636064,00	 0000004495943,00	 0000000068644,00	 0000001421678,00
1302100	 0000008107059,00	 0000002889457,00	 0000000000000,00	 0000000637418,00
1302101	 0000008107059,00	 0000002626285,00	 0000000000000,00	 0000000607066,00
1302102	 0000000000000,00	 0000000000000,00	 0000000000000,00	 0000000030352,00
1302170	 0000000000000,00	 0000000136098,00	 0000000000000,00	 0000000000000,00
1302180	 0000000000000,00	 0000000000058,00	 0000000000000,00	 0000000000000,00
1302200	 0000000107070,00	 0000000000011,00	 0000000000000,00	 0000000643018,00
1302201	 0000000000000,00	 0000000000000,00	 0000000000000,00	 0000000000000,00
1302202	 0000000103478,00	 0000000000011,00	 0000000000000,00	 0000000442576,00
1302241	 0000000000000,00	 0000000000000,00	 0000000000000,00	 0000000023978,00
1302242	 0000000003592,00	 0000000000000,00	 0000000000000,00	 0000000175888,00
1302281	 0000000000000,00	 0000000000000,00	 0000000000000,00	 0000000000000,00
1302282	 0000000000000,00	 0000000000000,00	 0000000000000,00	 0000000000576,00
1302300	 0000000060901,00	 0000000000000,00	 0000000000000,00	 0000000000000,00
1302500	 0000000055016,00	 0000000105986,00	 0000000000000,00	 0000000141084,00
1302600	 0000000000004,00	 0000001037080,00	 0000000000000,00	 0000000000000,00
1302601	 0000000000000,00	 0000001011751,00	 0000000000000,00	 0000000000000,00
1302602	 0000000000000,00	 0000000003610,00	 0000000000000,00	 0000000000000,00
1302604	 0000000000004,00	 0000000021719,00	 0000000000000,00	 0000000000000,00
1302800	 0000000302938,00	 0000000460814,00	 0000000068644,00	 0000000000000,00
1302900	 0000000003076,00	 0000000002595,00	 0000000000000,00	 0000000000158,00
1304000	 0000000001917,00	 0000011253379,00	 0000000000000,00	 0000000000000,00
1304100	 0000000000000,00	 0000000285713,00	 0000000000000,00	 0000000000000,00
1304101	 0000000000000,00	 0000000285713,00	 0000000000000,00	 0000000000000,00
1304102	 0000000000000,00	 0000000000000,00	 0000000000000,00	 0000000000000,00
1304200	 0000000000000,00	 0000000491658,00	 0000000000000,00	 0000000000000,00
1304400	 0000000000000,00	 0000000000000,00	 0000000000000,00	 0000000000000,00
1304500	 0000000001728,00	 0000010284705,00	 0000000000000,00	 0000000000000,00
1304600	 0000000000000,00	 0000000000000,00	 0000000000000,00	 0000000000000,00
1304800	 0000000000000,00	 0000000000000,00	 0000000000000,00	 0000000000000,00
1304900	 0000000000189,00	 0000000191303,00	 0000000000000,00	 0000000000000,00
1305000	 0000001905225,00	 0000000000000,00	 0000000000000,00	 0000000007452,00
1305100	 0000001603532,00	 0000000000000,00	 0000000000000,00	 0000000000000,00
1305300	 0000000055572,00	 0000000000000,00	 0000000000000,00	 0000000000000,00
1305400	 0000000246121,00	 0000000000000,00	 0000000000000,00	 0000000007452,00
1305800	 0000000000000,00	 0000000000000,00	 0000000000000,00	 0000000000000,00
1305900	 0000000000000,00	 0000000000000,00	 0000000000000,00	 0000000000000,00
1309000	-0000000887016,00	 0000000000000,00	 0000000000000,00	 0000000000000,00
1309100	-0000000559313,00	 0000000000000,00	 0000000000000,00	 0000000000000,00
1309200	-0000000157525,00	 0000000000000,00	 0000000000000,00	 0000000000000,00
1309300	-0000000170178,00	 0000000000000,00	 0000000000000,00	 0000000000000,00
1350000	 0000012668142,00	 0000000732304,00	 0000000000000,00	 0000000360218,00
1350100	 0000011454325,00	 0000000413315,00	 0000000000000,00	 0000000000000,00
1350200	 0000001212387,00	 0000000318989,00	 0000000000000,00	 0000000000000,00
1350300	 0000000001430,00	 0000000000000,00	 0000000000000,00	 0000000360218,00
1360000	 0000000000000,00	 0000000014361,00	 0000000000000,00	 0000000000000,00
1360100	 0000000000000,00	 0000000014361,00	 0000000000000,00	 0000000000000,00
1360200	 0000000000000,00	 0000000000000,00	 0000000000000,00	 0000000000000,00
1360300	 0000000000000,00	 0000000000000,00	 0000000000000,00	 0000000000000,00
1400000	 0000000016457,00	 0000000000000,00	 0000000000000,00	 0000000000000,00
1400100	 0000000014677,00	 0000000000000,00	 0000000000000,00	 0000000000000,00
1400101	 0000000000000,00	 0000000000000,00	 0000000000000,00	 0000000000000,00
1400103	 0000000014677,00	 0000000000000,00	 0000000000000,00	 0000000000000,00
1400200	 0000000001780,00	 0000000000000,00	 0000000000000,00	 0000000000000,00
1500000	 0000000056397,00	 0000000000000,00	 0000000000000,00	 0000000000000,00
1500100	 0000000000000,00	 0000000000000,00	 0000000000000,00	 0000000000000,00
1500200	 0000000056397,00	 0000000000000,00	 0000000000000,00	 0000000000000,00
1600000	 0000000349400,00	 0000000000000,00	 0000000000000,00	 0000000000000,00
1600100	 0000000185485,00	 0000000000000,00	 0000000000000,00	 0000000000000,00
1600200	 0000000163915,00	 0000000000000,00	 0000000000000,00	 0000000000000,00
1650000	 0000000080090,00	 0000000000000,00	 0000000000000,00	 0000000000000,00
1650100	 0000000080090,00	 0000000000000,00	 0000000000000,00	 0000000000000,00
1650200	 0000000000000,00	 0000000000000,00	 0000000000000,00	 0000000000000,00
1700000	 0000000002635,00	 0000000000000,00	 0000000000000,00	 0000000000000,00
1750000	 0000001306486,00	 0000000000000,00	 0000000000000,00	 0000000000000,00
1800000	 0000000318608,00	 0000000013648,00	 0000000006914,00	 0000000268149,00
1800100	 0000000015072,00	 0000000012168,00	 0000000006489,00	 0000000000000,00
1800200	 0000000000666,00	 0000000000000,00	 0000000000000,00	 0000000000000,00
1800900	 0000000302870,00	 0000000001480,00	 0000000000425,00	 0000000268149,00
2000000	 0000036495171,00	 0000010918871,00	 0000000000021,00	 0000006565133,00
2100000	 0000017098101,00	 0000000000021,00	 0000000000000,00	 0000000889290,00
2100100	 0000008020118,00	 0000000000000,00	 0000000000000,00	 0000000843006,00
2100109	 0000005677596,00	 0000000000000,00	 0000000000000,00	 0000000838361,00
2100110	 0000002319666,00	 0000000000000,00	 0000000000000,00	 0000000004497,00
2100200	 0000007837249,00	 0000000000000,00	 0000000000000,00	 0000000000000,00
2100300	 0000001240734,00	 0000000000021,00	 0000000000000,00	 0000000046284,00
2130000	 0000002091153,00	 0000000000000,00	 0000000000000,00	 0000000215187,00
2160000	 0000000758578,00	 0000000000000,00	 0000000000000,00	 0000000224933,00
2160100	 0000000000000,00	 0000000000000,00	 0000000000000,00	 0000000000000,00
2160200	 0000000758578,00	 0000000000000,00	 0000000000000,00	 0000000224933,00
2200000	 0000008701853,00	 0000005841702,00	 0000000000000,00	 0000000857597,00
2200100	 0000003980756,00	 0000000255126,00	 0000000000000,00	 0000000852186,00
2200200	 0000004718584,00	 0000005578899,00	 0000000000000,00	 0000000000000,00
2200900	 0000000002513,00	 0000000007677,00	 0000000000000,00	 0000000005411,00
2250000	 0000001711169,00	 0000000000000,00	 0000000000000,00	 0000000000000,00
2250100	 0000001667043,00	 0000000000000,00	 0000000000000,00	 0000000000000,00
2250200	 0000000044126,00	 0000000000000,00	 0000000000000,00	 0000000000000,00
2300000	 0000003989726,00	 0000000000000,00	 0000000000000,00	 0000000355496,00
2301000	 0000000000000,00	 0000000000000,00	 0000000000000,00	 0000000000000,00
2301001	 0000000000000,00	 0000000000000,00	 0000000000000,00	 0000000000000,00
2302000	 0000000000000,00	 0000000000000,00	 0000000000000,00	 0000000355496,00
2302100	 0000000000000,00	 0000000000000,00	 0000000000000,00	 0000000022618,00
2302200	 0000000000000,00	 0000000000000,00	 0000000000000,00	 0000000332878,00
2303000	 0000003989726,00	 0000000000000,00	 0000000000000,00	 0000000000000,00
2303100	 0000003989726,00	 0000000000000,00	 0000000000000,00	 0000000000000,00
2303900	 0000000000000,00	 0000000000000,00	 0000000000000,00	 0000000000000,00
2400000	 0000000143874,00	 0000005056867,00	 0000000000000,00	 0000003587428,00
2401000	 0000000000000,00	 0000000452137,00	 0000000000000,00	 0000000000000,00
2402000	 0000000143874,00	 0000004604730,00	 0000000000000,00	 0000003587428,00
2402100	 0000000143874,00	 0000003579667,00	 0000000000000,00	 0000003587428,00
2402200	 0000000000000,00	 0000001025063,00	 0000000000000,00	 0000000000000,00
2402300	 0000000000000,00	 0000000000000,00	 0000000000000,00	 0000000000000,00
2500000	 0000000029458,00	 0000000000000,00	 0000000000000,00	 0000000006590,00
2500100	 0000000000000,00	 0000000000000,00	 0000000000000,00	 0000000000000,00
2500200	 0000000029458,00	 0000000000000,00	 0000000000000,00	 0000000006590,00
2500300	 0000000000000,00	 0000000000000,00	 0000000000000,00	 0000000000000,00
2550000	 0000000068496,00	 0000000000000,00	 0000000000000,00	 0000000000000,00
2600000	 0000000406684,00	 0000000000000,00	 0000000000000,00	 0000000000000,00
2650000	 0000000000000,00	 0000000000000,00	 0000000000000,00	 0000000000000,00
2700000	 0000001015443,00	 0000000000000,00	 0000000000000,00	 0000000000000,00
2700100	 0000000151175,00	 0000000000000,00	 0000000000000,00	 0000000000000,00
2700200	 0000000182828,00	 0000000000000,00	 0000000000000,00	 0000000000000,00
2700300	 0000000048290,00	 0000000000000,00	 0000000000000,00	 0000000000000,00
2700400	 0000000633150,00	 0000000000000,00	 0000000000000,00	 0000000000000,00
2700401	 0000000003291,00	 0000000000000,00	 0000000000000,00	 0000000000000,00
2700402	 0000000000000,00	 0000000000000,00	 0000000000000,00	 0000000000000,00
2700411	 0000000232529,00	 0000000000000,00	 0000000000000,00	 0000000000000,00
2700412	 0000000286476,00	 0000000000000,00	 0000000000000,00	 0000000000000,00
2700413	 0000000066900,00	 0000000000000,00	 0000000000000,00	 0000000000000,00
2700421	 0000000000000,00	 0000000000000,00	 0000000000000,00	 0000000000000,00
2700422	 0000000000000,00	 0000000000000,00	 0000000000000,00	 0000000000000,00
2700423	 0000000000000,00	 0000000000000,00	 0000000000000,00	 0000000000000,00
2700490	 0000000043954,00	 0000000000000,00	 0000000000000,00	 0000000000000,00
2800000	 0000000480636,00	 0000000020281,00	 0000000000021,00	 0000000428612,00
3000000	 0000001740842,00	 0000000494086,00	 0000000011363,00	-0000000018105,00
3101000	 0000000970337,00	 0000000000000,00	 0000000000000,00	 0000000000000,00
3102000	 0000001148357,00	 0000000000000,00	 0000000000000,00	 0000000000000,00
3103000	 0000000062164,00	 0000000000000,00	 0000000000000,00	 0000000000000,00
3104000	-0000000450777,00	 0000000494086,00	 0000000011363,00	-0000000018105,00
3104100	 0000000000000,00	 0000000000000,00	 0000000000000,00	 0000000000000,00
3104200	-0000000267949,00	 0000000494086,00	 0000000011363,00	-0000000018105,00
3104300	-0000000182828,00	 0000000000000,00	 0000000000000,00	 0000000000000,00
3200000	 0000000010761,00	 0000000000000,00	 0000000000000,00	 0000000000000,00
5001000	 0000001730081,00	 0000000494086,00	 0000000011363,00	-0000000018105,00
5002000	 0000038236013,00	 0000011412957,00	 0000000011384,00	 0000006547028,00
5100000	 0000010543206,00	 0000015749322,00	 0000000068644,00	 0000001429130,00
