507	BANCO DEL DESARROLLO                                                    
1000000	 0000001204721,00	 0000001585626,00	 0000000001038,00	 0000000099795,00
1100000	 0000000044595,00	 0000000000000,00	 0000000000000,00	 0000000019172,00
1100100	 0000000013775,00	 0000000000000,00	 0000000000000,00	 0000000001173,00
1100200	 0000000030628,00	 0000000000000,00	 0000000000000,00	 0000000000939,00
1100300	 0000000000192,00	 0000000000000,00	 0000000000000,00	 0000000000000,00
1100400	 0000000000000,00	 0000000000000,00	 0000000000000,00	 0000000017060,00
1130000	 0000000009198,00	 0000000000000,00	 0000000000000,00	 0000000000302,00
1130100	 0000000009074,00	 0000000000000,00	 0000000000000,00	 0000000000201,00
1130200	 0000000000124,00	 0000000000000,00	 0000000000000,00	 0000000000101,00
1150000	 0000000000492,00	 0000000000700,00	 0000000000000,00	 0000000000000,00
1150100	 0000000000000,00	 0000000000700,00	 0000000000000,00	 0000000000000,00
1150200	 0000000000000,00	 0000000000000,00	 0000000000000,00	 0000000000000,00
1150300	 0000000000000,00	 0000000000000,00	 0000000000000,00	 0000000000000,00
1150400	 0000000000492,00	 0000000000000,00	 0000000000000,00	 0000000000000,00
1160000	 0000000000000,00	 0000000000000,00	 0000000000000,00	 0000000000000,00
1160100	 0000000000000,00	 0000000000000,00	 0000000000000,00	 0000000000000,00
1160200	 0000000000000,00	 0000000000000,00	 0000000000000,00	 0000000000000,00
1250000	 0000000004621,00	 0000000000000,00	 0000000000000,00	 0000000000000,00
1250100	 0000000004621,00	 0000000000000,00	 0000000000000,00	 0000000000000,00
1250200	 0000000000000,00	 0000000000000,00	 0000000000000,00	 0000000000000,00
1270000	 0000000047998,00	 0000000000000,00	 0000000000000,00	 0000000000000,00
1270100	 0000000047998,00	 0000000000000,00	 0000000000000,00	 0000000000000,00
1270101	 0000000028000,00	 0000000000000,00	 0000000000000,00	 0000000000000,00
1270111	 0000000020003,00	 0000000000000,00	 0000000000000,00	 0000000000000,00
1270190	-0000000000005,00	 0000000000000,00	 0000000000000,00	 0000000000000,00
1270200	 0000000000000,00	 0000000000000,00	 0000000000000,00	 0000000000000,00
1270201	 0000000000000,00	 0000000000000,00	 0000000000000,00	 0000000000000,00
1270290	 0000000000000,00	 0000000000000,00	 0000000000000,00	 0000000000000,00
1300000	 0000000853435,00	 0000001512894,00	 0000000001038,00	 0000000080120,00
1302000	 0000000880820,00	 0000000885636,00	 0000000001038,00	 0000000080097,00
1302100	 0000000822589,00	 0000000709473,00	 0000000000742,00	 0000000030801,00
1302101	 0000000822589,00	 0000000440937,00	 0000000000742,00	 0000000026136,00
1302102	 0000000000000,00	 0000000000000,00	 0000000000000,00	 0000000004665,00
1302170	 0000000000000,00	 0000000241288,00	 0000000000000,00	 0000000000000,00
1302180	 0000000000000,00	 0000000027248,00	 0000000000000,00	 0000000000000,00
1302200	 0000000001887,00	 0000000000000,00	 0000000000001,00	 0000000049262,00
1302202	 0000000001887,00	 0000000000000,00	 0000000000000,00	 0000000032875,00
1302300	 0000000026802,00	 0000000000000,00	 0000000000000,00	 0000000000000,00
1302500	 0000000016953,00	 0000000000000,00	 0000000000000,00	 0000000000000,00
1302800	 0000000004947,00	 0000000105591,00	 0000000000261,00	 0000000000000,00
1302900	 0000000007642,00	 0000000070572,00	 0000000000034,00	 0000000000034,00
1304000	 0000000000336,00	 0000000626928,00	 0000000000000,00	 0000000000000,00
1304100	 0000000000000,00	 0000000343905,00	 0000000000000,00	 0000000000000,00
1304101	 0000000000000,00	 0000000343905,00	 0000000000000,00	 0000000000000,00
1304102	 0000000000000,00	 0000000000000,00	 0000000000000,00	 0000000000000,00
1304200	 0000000000000,00	 0000000112866,00	 0000000000000,00	 0000000000000,00
1304300	 0000000000000,00	 0000000064337,00	 0000000000000,00	 0000000000000,00
1304800	 0000000000000,00	 0000000046738,00	 0000000000000,00	 0000000000000,00
1304900	 0000000000336,00	 0000000059082,00	 0000000000000,00	 0000000000000,00
1305000	 0000000068622,00	 0000000000330,00	 0000000000000,00	 0000000000023,00
1305100	 0000000051340,00	 0000000000330,00	 0000000000000,00	 0000000000000,00
1305300	 0000000006263,00	 0000000000000,00	 0000000000000,00	 0000000000000,00
1305400	 0000000007848,00	 0000000000000,00	 0000000000000,00	 0000000000023,00
1305800	 0000000000000,00	 0000000000000,00	 0000000000000,00	 0000000000000,00
1305900	 0000000003171,00	 0000000000000,00	 0000000000000,00	 0000000000000,00
1309000	-0000000096343,00	 0000000000000,00	 0000000000000,00	 0000000000000,00
1309001	-0000000076756,00	 0000000000000,00	 0000000000000,00	 0000000000000,00
1309002	-0000000004155,00	 0000000000000,00	 0000000000000,00	 0000000000000,00
1309003	-0000000015432,00	 0000000000000,00	 0000000000000,00	 0000000000000,00
1350000	 0000000106205,00	 0000000051407,00	 0000000000000,00	 0000000000000,00
1350100	 0000000001828,00	 0000000047794,00	 0000000000000,00	 0000000000000,00
1350200	 0000000104377,00	 0000000003613,00	 0000000000000,00	 0000000000000,00
1350300	 0000000000000,00	 0000000000000,00	 0000000000000,00	 0000000000000,00
1360000	 0000000000000,00	 0000000000000,00	 0000000000000,00	 0000000000000,00
1360100	 0000000000000,00	 0000000000000,00	 0000000000000,00	 0000000000000,00
1360200	 0000000000000,00	 0000000000000,00	 0000000000000,00	 0000000000000,00
1360300	 0000000000000,00	 0000000000000,00	 0000000000000,00	 0000000000000,00
1400000	 0000000000923,00	 0000000000000,00	 0000000000000,00	 0000000000011,00
1400100	 0000000000000,00	 0000000000000,00	 0000000000000,00	 0000000000000,00
1400101	 0000000000000,00	 0000000000000,00	 0000000000000,00	 0000000000000,00
1400103	 0000000000000,00	 0000000000000,00	 0000000000000,00	 0000000000000,00
1400200	 0000000000923,00	 0000000000000,00	 0000000000000,00	 0000000000011,00
1500000	 0000000001496,00	 0000000000000,00	 0000000000000,00	 0000000000000,00
1500100	 0000000001212,00	 0000000000000,00	 0000000000000,00	 0000000000000,00
1500200	 0000000000284,00	 0000000000000,00	 0000000000000,00	 0000000000000,00
1600000	 0000000041259,00	 0000000000000,00	 0000000000000,00	 0000000000000,00
1600100	 0000000035487,00	 0000000000000,00	 0000000000000,00	 0000000000000,00
1600200	 0000000005772,00	 0000000000000,00	 0000000000000,00	 0000000000000,00
1700000	 0000000009365,00	 0000000000000,00	 0000000000000,00	 0000000000000,00
1750000	 0000000061181,00	 0000000000000,00	 0000000000000,00	 0000000000000,00
1800000	 0000000023953,00	 0000000020625,00	 0000000000000,00	 0000000000190,00
1800100	 0000000004896,00	 0000000000000,00	 0000000000000,00	 0000000000000,00
1800200	 0000000001911,00	 0000000000000,00	 0000000000000,00	 0000000000000,00
1800900	 0000000017146,00	 0000000020625,00	 0000000000000,00	 0000000000190,00
2000000	 0000001198048,00	 0000001389254,00	 0000000000736,00	 0000000135009,00
2100000	 0000000183579,00	 0000000006929,00	 0000000000000,00	 0000000003507,00
2100100	 0000000136808,00	 0000000000000,00	 0000000000000,00	 0000000002410,00
2100109	 0000000087972,00	 0000000000000,00	 0000000000000,00	 0000000002173,00
2100110	 0000000048836,00	 0000000000000,00	 0000000000000,00	 0000000000237,00
2100200	 0000000017952,00	 0000000000000,00	 0000000000000,00	 0000000000000,00
2100300	 0000000028819,00	 0000000006929,00	 0000000000000,00	 0000000001097,00
2130000	 0000000000142,00	 0000000000000,00	 0000000000000,00	 0000000000131,00
2160000	 0000000000000,00	 0000000000000,00	 0000000000000,00	 0000000000000,00
2160100	 0000000000000,00	 0000000000000,00	 0000000000000,00	 0000000000000,00
2160200	 0000000000000,00	 0000000000000,00	 0000000000000,00	 0000000000000,00
2200000	 0000000732052,00	 0000000440386,00	 0000000000000,00	 0000000021651,00
2200100	 0000000731822,00	 0000000395250,00	 0000000000000,00	 0000000021651,00
2200200	 0000000000000,00	 0000000044593,00	 0000000000000,00	 0000000000000,00
2200900	 0000000000230,00	 0000000000543,00	 0000000000000,00	 0000000000000,00
2250000	 0000000010893,00	 0000000000000,00	 0000000000000,00	 0000000000000,00
2250100	 0000000010893,00	 0000000000000,00	 0000000000000,00	 0000000000000,00
2250200	 0000000000000,00	 0000000000000,00	 0000000000000,00	 0000000000000,00
2300000	 0000000046467,00	 0000000000021,00	 0000000000138,00	 0000000109701,00
2301000	 0000000046467,00	 0000000000021,00	 0000000000000,00	 0000000000000,00
2301001	 0000000046466,00	 0000000000000,00	 0000000000000,00	 0000000000000,00
2302000	 0000000000000,00	 0000000000000,00	 0000000000138,00	 0000000109701,00
2302100	 0000000000000,00	 0000000000000,00	 0000000000000,00	 0000000027675,00
2302200	 0000000000000,00	 0000000000000,00	 0000000000138,00	 0000000082026,00
2303000	 0000000000000,00	 0000000000000,00	 0000000000000,00	 0000000000000,00
2303100	 0000000000000,00	 0000000000000,00	 0000000000000,00	 0000000000000,00
2303900	 0000000000000,00	 0000000000000,00	 0000000000000,00	 0000000000000,00
2400000	 0000000039465,00	 0000000813553,00	 0000000000000,00	 0000000000000,00
2401000	 0000000000000,00	 0000000565456,00	 0000000000000,00	 0000000000000,00
2402000	 0000000039465,00	 0000000248097,00	 0000000000000,00	 0000000000000,00
2402100	 0000000039465,00	 0000000129827,00	 0000000000000,00	 0000000000000,00
2402200	 0000000000000,00	 0000000118270,00	 0000000000000,00	 0000000000000,00
2500000	 0000000103728,00	 0000000125802,00	 0000000000598,00	 0000000000000,00
2500100	 0000000102604,00	 0000000125802,00	 0000000000598,00	 0000000000000,00
2500200	 0000000001124,00	 0000000000000,00	 0000000000000,00	 0000000000000,00
2500300	 0000000000000,00	 0000000000000,00	 0000000000000,00	 0000000000000,00
2600000	 0000000000000,00	 0000000000000,00	 0000000000000,00	 0000000000000,00
2650000	 0000000028036,00	 0000000000000,00	 0000000000000,00	 0000000000000,00
2700000	 0000000045334,00	 0000000000854,00	 0000000000000,00	 0000000000000,00
2700100	 0000000002903,00	 0000000000000,00	 0000000000000,00	 0000000000000,00
2700200	 0000000001895,00	 0000000000000,00	 0000000000000,00	 0000000000000,00
2700300	 0000000001612,00	 0000000000000,00	 0000000000000,00	 0000000000000,00
2700400	 0000000038924,00	 0000000000854,00	 0000000000000,00	 0000000000000,00
2700401	 0000000000000,00	 0000000000000,00	 0000000000000,00	 0000000000000,00
2700402	 0000000000000,00	 0000000000000,00	 0000000000000,00	 0000000000000,00
2700403	 0000000038654,00	 0000000000000,00	 0000000000000,00	 0000000000000,00
2700490	 0000000000270,00	 0000000000854,00	 0000000000000,00	 0000000000000,00
2800000	 0000000008352,00	 0000000001709,00	 0000000000000,00	 0000000000019,00
3000000	 0000000162721,00	 0000000005247,00	-0000000000293,00	 0000000000458,00
3101000	 0000000160806,00	 0000000000000,00	 0000000000000,00	 0000000000000,00
3102000	 0000000000000,00	 0000000000000,00	 0000000000000,00	 0000000000000,00
3103000	 0000000002820,00	 0000000000000,00	 0000000000000,00	 0000000000000,00
3104000	-0000000000990,00	 0000000005247,00	-0000000000293,00	 0000000000458,00
3104100	 0000000000000,00	 0000000000000,00	 0000000000000,00	 0000000000000,00
3104200	 0000000000905,00	 0000000005247,00	-0000000000293,00	 0000000000458,00
3104300	-0000000001895,00	 0000000000000,00	 0000000000000,00	 0000000000000,00
3200000	 0000000000085,00	 0000000000000,00	 0000000000000,00	 0000000000000,00
5001000	 0000000162636,00	 0000000005247,00	-0000000000293,00	 0000000000458,00
5002000	 0000001360769,00	 0000001394501,00	 0000000000443,00	 0000000135467,00
5100000	 0000000949778,00	 0000001512894,00	 0000000001038,00	 0000000080120,00
