001	BANCO DE CHILE
1000000	 0000017061130,00	 0000014615731,00	 0000000083828,00	 0000004143949,00
1100000	 0000000734845,00	 0000000000000,00	 0000000000000,00	 0000000670516,00
1100100	 0000000626438,00	 0000000000000,00	 0000000000000,00	 0000000039453,00
1100200	 0000000103247,00	 0000000000000,00	 0000000000000,00	 0000000100120,00
1100300	 0000000005160,00	 0000000000000,00	 0000000000000,00	 0000000005642,00
1100400	 0000000000000,00	 0000000000000,00	 0000000000000,00	 0000000525301,00
1130000	 0000000544686,00	 0000000000000,00	 0000000000000,00	 0000000192781,00
1130100	 0000000146629,00	 0000000000000,00	 0000000000000,00	 0000000017720,00
1130200	 0000000398057,00	 0000000000000,00	 0000000000000,00	 0000000175061,00
1150000	 0000001016005,00	 0000000136323,00	 0000000000000,00	 0000000000047,00
1150100	 0000000831085,00	 0000000115688,00	 0000000000000,00	 0000000000000,00
1150200	 0000000111488,00	 0000000020635,00	 0000000000000,00	 0000000000000,00
1150300	 0000000000000,00	 0000000000000,00	 0000000000000,00	 0000000000000,00
1150400	 0000000073432,00	 0000000000000,00	 0000000000000,00	 0000000000047,00
1160000	 0000000074518,00	 0000000000000,00	 0000000000000,00	 0000000000000,00
1160100	 0000000000000,00	 0000000000000,00	 0000000000000,00	 0000000000000,00
1160200	 0000000074518,00	 0000000000000,00	 0000000000000,00	 0000000000000,00
1250000	 0000001075305,00	 0000000000000,00	 0000000000000,00	 0000000110403,00
1250100	 0000001068690,00	 0000000000000,00	 0000000000000,00	 0000000109639,00
1250200	 0000000006615,00	 0000000000000,00	 0000000000000,00	 0000000000764,00
1270000	 0000001248782,00	 0000000000000,00	 0000000000000,00	 0000000328693,00
1270100	 0000000249891,00	 0000000000000,00	 0000000000000,00	 0000000000000,00
1270112	 0000000250000,00	 0000000000000,00	 0000000000000,00	 0000000000000,00
1270113	 0000000000000,00	 0000000000000,00	 0000000000000,00	 0000000000000,00
1270116	 0000000000000,00	 0000000000000,00	 0000000000000,00	 0000000000000,00
1270117	 0000000000000,00	 0000000000000,00	 0000000000000,00	 0000000000000,00
1270118	 0000000000000,00	 0000000000000,00	 0000000000000,00	 0000000000000,00
1270190	-0000000000109,00	 0000000000000,00	 0000000000000,00	 0000000000000,00
1270200	-0000000001109,00	 0000000000000,00	 0000000000000,00	 0000000328693,00
1270202	 0000000000000,00	 0000000000000,00	 0000000000000,00	 0000000000000,00
1270203	 0000000000000,00	 0000000000000,00	 0000000000000,00	 0000000242904,00
1270206	 0000000000000,00	 0000000000000,00	 0000000000000,00	 0000000029800,00
1270207	 0000000000000,00	 0000000000000,00	 0000000000000,00	 0000000000000,00
1270208	 0000000000000,00	 0000000000000,00	 0000000000000,00	 0000000055989,00
1270290	-0000000001109,00	 0000000000000,00	 0000000000000,00	 0000000000000,00
1270300	 0000001000000,00	 0000000000000,00	 0000000000000,00	 0000000000000,00
1300000	 0000010842055,00	 0000014036214,00	 0000000081598,00	 0000002402760,00
1302000	 0000007108812,00	 0000005882808,00	 0000000081598,00	 0000002361822,00
1302100	 0000005606603,00	 0000004925456,00	 0000000000126,00	 0000000970326,00
1302101	 0000005606603,00	 0000004917565,00	 0000000000126,00	 0000000871854,00
1302102	 0000000000000,00	 0000000000000,00	 0000000000000,00	 0000000098472,00
1302170	 0000000000000,00	 0000000004087,00	 0000000000000,00	 0000000000000,00
1302180	 0000000000000,00	 0000000003804,00	 0000000000000,00	 0000000000000,00
1302200	 0000000097681,00	 0000000003365,00	 0000000000010,00	 0000001250980,00
1302201	 0000000000000,00	 0000000000000,00	 0000000000000,00	 0000000000000,00
1302202	 0000000093832,00	 0000000001615,00	 0000000000000,00	 0000000680328,00
1302241	 0000000003849,00	 0000000000501,00	 0000000000000,00	 0000000000136,00
1302242	 0000000000000,00	 0000000001249,00	 0000000000010,00	 0000000570483,00
1302281	 0000000000000,00	 0000000000000,00	 0000000000000,00	 0000000000000,00
1302282	 0000000000000,00	 0000000000000,00	 0000000000000,00	 0000000000033,00
1302300	 0000000253931,00	 0000000000000,00	 0000000000000,00	 0000000001514,00
1302500	 0000000459527,00	 0000000020993,00	 0000000000000,00	 0000000134017,00
1302600	 0000000000010,00	 0000000051920,00	 0000000000000,00	 0000000000000,00
1302601	 0000000000000,00	 0000000000000,00	 0000000000000,00	 0000000000000,00
1302602	 0000000000000,00	 0000000000774,00	 0000000000000,00	 0000000000000,00
1302604	 0000000000010,00	 0000000051146,00	 0000000000000,00	 0000000000000,00
1302800	 0000000611280,00	 0000000876839,00	 0000000081462,00	 0000000000000,00
1302900	 0000000079780,00	 0000000004235,00	 0000000000000,00	 0000000004985,00
1304000	 0000000028759,00	 0000008091548,00	 0000000000000,00	 0000000000000,00
1304100	 0000000000000,00	 0000000020721,00	 0000000000000,00	 0000000000000,00
1304101	 0000000000000,00	 0000000020721,00	 0000000000000,00	 0000000000000,00
1304102	 0000000000000,00	 0000000000000,00	 0000000000000,00	 0000000000000,00
1304200	 0000000000003,00	 0000000041259,00	 0000000000000,00	 0000000000000,00
1304400	 0000000000000,00	 0000000000000,00	 0000000000000,00	 0000000000000,00
1304500	 0000000028047,00	 0000008019853,00	 0000000000000,00	 0000000000000,00
1304600	 0000000000000,00	 0000000000006,00	 0000000000000,00	 0000000000000,00
1304800	 0000000000000,00	 0000000000000,00	 0000000000000,00	 0000000000000,00
1304900	 0000000000709,00	 0000000009709,00	 0000000000000,00	 0000000000000,00
1305000	 0000004317327,00	 0000000061858,00	 0000000000000,00	 0000000040938,00
1305100	 0000002892322,00	 0000000061858,00	 0000000000000,00	 0000000000000,00
1305300	 0000000314395,00	 0000000000000,00	 0000000000000,00	 0000000000129,00
1305400	 0000001109786,00	 0000000000000,00	 0000000000000,00	 0000000040809,00
1305800	 0000000000009,00	 0000000000000,00	 0000000000000,00	 0000000000000,00
1305900	 0000000000815,00	 0000000000000,00	 0000000000000,00	 0000000000000,00
1309000	-0000000612843,00	 0000000000000,00	 0000000000000,00	 0000000000000,00
1309100	-0000000288088,00	 0000000000000,00	 0000000000000,00	 0000000000000,00
1309200	-0000000027143,00	 0000000000000,00	 0000000000000,00	 0000000000000,00
1309300	-0000000297612,00	 0000000000000,00	 0000000000000,00	 0000000000000,00
1350000	 0000000471101,00	 0000000395614,00	 0000000000000,00	 0000000209225,00
1350100	 0000000109022,00	 0000000027808,00	 0000000000000,00	 0000000000000,00
1350200	 0000000362079,00	 0000000367806,00	 0000000000000,00	 0000000103559,00
1350300	 0000000000000,00	 0000000000000,00	 0000000000000,00	 0000000105666,00
1360000	 0000000000000,00	 0000000000000,00	 0000000000000,00	 0000000000000,00
1360100	 0000000000000,00	 0000000000000,00	 0000000000000,00	 0000000000000,00
1360200	 0000000000000,00	 0000000000000,00	 0000000000000,00	 0000000000000,00
1360300	 0000000000000,00	 0000000000000,00	 0000000000000,00	 0000000000000,00
1400000	 0000000044520,00	 0000000000000,00	 0000000000000,00	 0000000000084,00
1400100	 0000000042300,00	 0000000000000,00	 0000000000000,00	 0000000000000,00
1400101	 0000000000000,00	 0000000000000,00	 0000000000000,00	 0000000000000,00
1400103	 0000000042300,00	 0000000000000,00	 0000000000000,00	 0000000000000,00
1400200	 0000000002220,00	 0000000000000,00	 0000000000000,00	 0000000000084,00
1500000	 0000000052181,00	 0000000000000,00	 0000000000000,00	 0000000000000,00
1500100	 0000000000000,00	 0000000000000,00	 0000000000000,00	 0000000000000,00
1500200	 0000000052181,00	 0000000000000,00	 0000000000000,00	 0000000000000,00
1600000	 0000000215122,00	 0000000000000,00	 0000000000000,00	 0000000000000,00
1600100	 0000000168507,00	 0000000000000,00	 0000000000000,00	 0000000000000,00
1600200	 0000000046615,00	 0000000000000,00	 0000000000000,00	 0000000000000,00
1650000	 0000000144067,00	 0000000000000,00	 0000000000000,00	 0000000000000,00
1650100	 0000000144067,00	 0000000000000,00	 0000000000000,00	 0000000000000,00
1650200	 0000000000000,00	 0000000000000,00	 0000000000000,00	 0000000000000,00
1700000	 0000000000688,00	 0000000000000,00	 0000000000000,00	 0000000000000,00
1750000	 0000000279280,00	 0000000000000,00	 0000000000000,00	 0000000000000,00
1800000	 0000000317975,00	 0000000047580,00	 0000000002230,00	 0000000229440,00
1800100	 0000000063680,00	 0000000046231,00	 0000000002230,00	 0000000000554,00
1800200	 0000000015975,00	 0000000000000,00	 0000000000000,00	 0000000000000,00
1800900	 0000000238320,00	 0000000001349,00	 0000000000000,00	 0000000228886,00
2000000	 0000018502524,00	 0000008299818,00	 0000000000161,00	 0000005780758,00
2100000	 0000007714500,00	 0000000434844,00	 0000000000000,00	 0000001130727,00
2100100	 0000006146959,00	 0000000000000,00	 0000000000000,00	 0000001060551,00
2100109	 0000003681335,00	 0000000000000,00	 0000000000000,00	 0000000853053,00
2100110	 0000002457892,00	 0000000000000,00	 0000000000000,00	 0000000205909,00
2100200	 0000000707297,00	 0000000000000,00	 0000000000000,00	 0000000000000,00
2100300	 0000000860244,00	 0000000434844,00	 0000000000000,00	 0000000070176,00
2130000	 0000000394847,00	 0000000000000,00	 0000000000000,00	 0000000289062,00
2160000	 0000000178479,00	 0000000000000,00	 0000000000000,00	 0000000023851,00
2160100	 0000000000000,00	 0000000000000,00	 0000000000000,00	 0000000000000,00
2160200	 0000000178479,00	 0000000000000,00	 0000000000000,00	 0000000023851,00
2200000	 0000007671906,00	 0000001924632,00	 0000000000000,00	 0000001118931,00
2200100	 0000007657000,00	 0000001712912,00	 0000000000000,00	 0000001045609,00
2200200	 0000000013422,00	 0000000210159,00	 0000000000000,00	 0000000000000,00
2200900	 0000000001484,00	 0000000001561,00	 0000000000000,00	 0000000073322,00
2250000	 0000001197546,00	 0000000000000,00	 0000000000000,00	 0000000120907,00
2250100	 0000001121951,00	 0000000000000,00	 0000000000000,00	 0000000116708,00
2250200	 0000000075595,00	 0000000000000,00	 0000000000000,00	 0000000004199,00
2300000	 0000000000322,00	 0000000000000,00	 0000000000063,00	 0000001459949,00
2301000	 0000000000322,00	 0000000000000,00	 0000000000000,00	 0000000000000,00
2301001	 0000000000000,00	 0000000000000,00	 0000000000000,00	 0000000000000,00
2302000	 0000000000000,00	 0000000000000,00	 0000000000063,00	 0000001459949,00
2302100	 0000000000000,00	 0000000000000,00	 0000000000063,00	 0000001290900,00
2302200	 0000000000000,00	 0000000000000,00	 0000000000000,00	 0000000169049,00
2303000	 0000000000000,00	 0000000000000,00	 0000000000000,00	 0000000000000,00
2303100	 0000000000000,00	 0000000000000,00	 0000000000000,00	 0000000000000,00
2303900	 0000000000000,00	 0000000000000,00	 0000000000000,00	 0000000000000,00
2400000	 0000000020445,00	 0000005936877,00	 0000000000000,00	 0000001537078,00
2401000	 0000000000000,00	 0000000014633,00	 0000000000000,00	 0000000000000,00
2402000	 0000000020445,00	 0000005922244,00	 0000000000000,00	 0000001537078,00
2402100	 0000000020445,00	 0000005241167,00	 0000000000000,00	 0000001537078,00
2402200	 0000000000000,00	 0000000681077,00	 0000000000000,00	 0000000000000,00
2402300	 0000000000000,00	 0000000000000,00	 0000000000000,00	 0000000000000,00
2500000	 0000000098296,00	 0000000002971,00	 0000000000098,00	 0000000047992,00
2500100	 0000000018892,00	 0000000002971,00	 0000000000098,00	 0000000000000,00
2500200	 0000000079404,00	 0000000000000,00	 0000000000000,00	 0000000047992,00
2500300	 0000000000000,00	 0000000000000,00	 0000000000000,00	 0000000000000,00
2550000	 0000000142177,00	 0000000000000,00	 0000000000000,00	 0000000000000,00
2600000	 0000000028060,00	 0000000000000,00	 0000000000000,00	 0000000000000,00
2650000	 0000000000000,00	 0000000000000,00	 0000000000000,00	 0000000000000,00
2700000	 0000000691640,00	 0000000000000,00	 0000000000000,00	 0000000000000,00
2700100	 0000000090774,00	 0000000000000,00	 0000000000000,00	 0000000000000,00
2700200	 0000000328180,00	 0000000000000,00	 0000000000000,00	 0000000000000,00
2700300	 0000000054343,00	 0000000000000,00	 0000000000000,00	 0000000000000,00
2700400	 0000000218343,00	 0000000000000,00	 0000000000000,00	 0000000000000,00
2700401	 0000000004624,00	 0000000000000,00	 0000000000000,00	 0000000000000,00
2700402	 0000000000000,00	 0000000000000,00	 0000000000000,00	 0000000000000,00
2700411	 0000000213252,00	 0000000000000,00	 0000000000000,00	 0000000000000,00
2700412	 0000000000000,00	 0000000000000,00	 0000000000000,00	 0000000000000,00
2700413	 0000000000000,00	 0000000000000,00	 0000000000000,00	 0000000000000,00
2700421	 0000000000000,00	 0000000000000,00	 0000000000000,00	 0000000000000,00
2700422	 0000000000000,00	 0000000000000,00	 0000000000000,00	 0000000000000,00
2700423	 0000000000000,00	 0000000000000,00	 0000000000000,00	 0000000000000,00
2700490	 0000000000467,00	 0000000000000,00	 0000000000000,00	 0000000000000,00
2800000	 0000000364306,00	 0000000000494,00	 0000000000000,00	 0000000052261,00
3000000	 0000003328049,00	 0000000015471,00	-0000000002532,00	-0000000019611,00
3101000	 0000002418833,00	 0000000000000,00	 0000000000000,00	 0000000000000,00
3102000	 0000000617597,00	 0000000000000,00	 0000000000000,00	 0000000000000,00
3103000	-0000000033835,00	 0000000000000,00	 0000000000000,00	 0000000000000,00
3104000	 0000000325453,00	 0000000015471,00	-0000000002532,00	-0000000019611,00
3104100	 0000000612353,00	 0000000000000,00	 0000000000000,00	 0000000000000,00
3104200	 0000000041280,00	 0000000015471,00	-0000000002532,00	-0000000019611,00
3104300	-0000000328180,00	 0000000000000,00	 0000000000000,00	 0000000000000,00
3200000	 0000000000001,00	 0000000000000,00	 0000000000000,00	 0000000000000,00
5001000	 0000003328048,00	 0000000015471,00	-0000000002532,00	-0000000019611,00
5002000	 0000021830573,00	 0000008315289,00	-0000000002371,00	 0000005761147,00
5100000	 0000011454898,00	 0000014036214,00	 0000000081598,00	 0000002402760,00
