037	BANCO SANTANDER-CHILE                                                   
1000000	 0000008974998,00	 0000007684588,00	 0000000034678,00	 0000001593491,00
1100000	 0000000606864,00	 0000000000000,00	 0000000000000,00	 0000000241015,00
1100100	 0000000259191,00	 0000000000000,00	 0000000000000,00	 0000000023051,00
1100200	 0000000347090,00	 0000000000000,00	 0000000000000,00	 0000000068984,00
1100300	 0000000000583,00	 0000000000000,00	 0000000000000,00	 0000000000000,00
1100400	 0000000000000,00	 0000000000000,00	 0000000000000,00	 0000000148980,00
1130000	 0000000250571,00	 0000000000000,00	 0000000000000,00	 0000000145573,00
1130100	 0000000162677,00	 0000000000000,00	 0000000000000,00	 0000000004917,00
1130200	 0000000087894,00	 0000000000000,00	 0000000000000,00	 0000000140656,00
1150000	 0000000247098,00	 0000000392501,00	 0000000000000,00	 0000000048695,00
1150100	 0000000177653,00	 0000000360989,00	 0000000000000,00	 0000000000000,00
1150200	 0000000000241,00	 0000000031512,00	 0000000000000,00	 0000000000000,00
1150300	 0000000000000,00	 0000000000000,00	 0000000000000,00	 0000000048695,00
1150400	 0000000069204,00	 0000000000000,00	 0000000000000,00	 0000000000000,00
1160000	 0000000077784,00	 0000000000000,00	 0000000000000,00	 0000000000000,00
1160100	 0000000067753,00	 0000000000000,00	 0000000000000,00	 0000000000000,00
1160200	 0000000010031,00	 0000000000000,00	 0000000000000,00	 0000000000000,00
1250000	 0000001071249,00	 0000000000000,00	 0000000000000,00	 0000000000000,00
1250100	 0000001065141,00	 0000000000000,00	 0000000000000,00	 0000000000000,00
1250200	 0000000006108,00	 0000000000000,00	 0000000000000,00	 0000000000000,00
1270000	 0000000000000,00	 0000000000000,00	 0000000000000,00	 0000000059997,00
1270100	 0000000000000,00	 0000000000000,00	 0000000000000,00	 0000000000000,00
1270190	 0000000000000,00	 0000000000000,00	 0000000000000,00	 0000000000000,00
1270200	 0000000000000,00	 0000000000000,00	 0000000000000,00	 0000000059997,00
1270290	 0000000000000,00	 0000000000000,00	 0000000000000,00	-0000000000025,00
1300000	 0000004859401,00	 0000006723530,00	 0000000034678,00	 0000000994700,00
1302000	 0000003027412,00	 0000003067254,00	 0000000034678,00	 0000000985976,00
1302100	 0000002162084,00	 0000002358884,00	 0000000000094,00	 0000000144422,00
1302101	 0000002162084,00	 0000002233867,00	 0000000000094,00	 0000000144422,00
1302102	 0000000000000,00	 0000000000000,00	 0000000000000,00	 0000000000000,00
1302170	 0000000000000,00	 0000000107198,00	 0000000000000,00	 0000000000000,00
1302180	 0000000000000,00	 0000000017819,00	 0000000000000,00	 0000000000000,00
1302200	 0000000191471,00	 0000000019621,00	 0000000000024,00	 0000000781140,00
1302202	 0000000103909,00	 0000000014557,00	 0000000000000,00	 0000000485393,00
1302300	 0000000243295,00	 0000000000000,00	 0000000000000,00	 0000000005892,00
1302500	 0000000189376,00	 0000000000769,00	 0000000000000,00	 0000000053052,00
1302800	 0000000192395,00	 0000000682702,00	 0000000034538,00	 0000000000000,00
1302900	 0000000048791,00	 0000000005278,00	 0000000000022,00	 0000000001470,00
1304000	 0000000025132,00	 0000003538531,00	 0000000000000,00	 0000000000000,00
1304100	 0000000000000,00	 0000000242595,00	 0000000000000,00	 0000000000000,00
1304101	 0000000000000,00	 0000000242595,00	 0000000000000,00	 0000000000000,00
1304102	 0000000000000,00	 0000000000000,00	 0000000000000,00	 0000000000000,00
1304200	 0000000021258,00	 0000000123719,00	 0000000000000,00	 0000000000000,00
1304300	 0000000003874,00	 0000002985542,00	 0000000000000,00	 0000000000000,00
1304800	 0000000000000,00	 0000000000000,00	 0000000000000,00	 0000000000000,00
1304900	 0000000000000,00	 0000000186675,00	 0000000000000,00	 0000000000000,00
1305000	 0000002059359,00	 0000000117745,00	 0000000000000,00	 0000000008724,00
1305100	 0000001260532,00	 0000000114446,00	 0000000000000,00	 0000000000000,00
1305300	 0000000217428,00	 0000000000000,00	 0000000000000,00	 0000000000022,00
1305400	 0000000559958,00	 0000000000000,00	 0000000000000,00	 0000000008702,00
1305800	 0000000001637,00	 0000000003299,00	 0000000000000,00	 0000000000000,00
1305900	 0000000019804,00	 0000000000000,00	 0000000000000,00	 0000000000000,00
1309000	-0000000252502,00	 0000000000000,00	 0000000000000,00	 0000000000000,00
1309001	-0000000098746,00	 0000000000000,00	 0000000000000,00	 0000000000000,00
1309002	-0000000009852,00	 0000000000000,00	 0000000000000,00	 0000000000000,00
1309003	-0000000143904,00	 0000000000000,00	 0000000000000,00	 0000000000000,00
1350000	 0000000745137,00	 0000000568547,00	 0000000000000,00	 0000000102861,00
1350100	 0000000745137,00	 0000000298449,00	 0000000000000,00	 0000000000000,00
1350200	 0000000000000,00	 0000000270098,00	 0000000000000,00	 0000000000000,00
1350300	 0000000000000,00	 0000000000000,00	 0000000000000,00	 0000000102861,00
1360000	 0000000000000,00	 0000000000000,00	 0000000000000,00	 0000000000000,00
1360100	 0000000000000,00	 0000000000000,00	 0000000000000,00	 0000000000000,00
1360200	 0000000000000,00	 0000000000000,00	 0000000000000,00	 0000000000000,00
1360300	 0000000000000,00	 0000000000000,00	 0000000000000,00	 0000000000000,00
1400000	 0000000006650,00	 0000000000000,00	 0000000000000,00	 0000000000040,00
1400100	 0000000005846,00	 0000000000000,00	 0000000000000,00	 0000000000000,00
1400101	 0000000000000,00	 0000000000000,00	 0000000000000,00	 0000000000000,00
1400103	 0000000005846,00	 0000000000000,00	 0000000000000,00	 0000000000000,00
1400200	 0000000000804,00	 0000000000000,00	 0000000000000,00	 0000000000040,00
1500000	 0000000061310,00	 0000000000000,00	 0000000000000,00	 0000000000000,00
1500100	 0000000000000,00	 0000000000000,00	 0000000000000,00	 0000000000000,00
1500200	 0000000061310,00	 0000000000000,00	 0000000000000,00	 0000000000000,00
1600000	 0000000246964,00	 0000000000000,00	 0000000000000,00	 0000000000000,00
1600100	 0000000214044,00	 0000000000000,00	 0000000000000,00	 0000000000000,00
1600200	 0000000032920,00	 0000000000000,00	 0000000000000,00	 0000000000000,00
1700000	 0000000016054,00	 0000000000000,00	 0000000000000,00	 0000000000000,00
1750000	 0000000058809,00	 0000000000000,00	 0000000000000,00	 0000000000000,00
1800000	 0000000727107,00	 0000000000010,00	 0000000000000,00	 0000000000610,00
1800100	 0000000074271,00	 0000000000000,00	 0000000000000,00	 0000000000521,00
1800200	 0000000007415,00	 0000000000000,00	 0000000000000,00	 0000000000000,00
1800900	 0000000645421,00	 0000000000010,00	 0000000000000,00	 0000000000089,00
2000000	 0000007930578,00	 0000005401820,00	 0000000001480,00	 0000003597638,00
2100000	 0000002581044,00	 0000000182673,00	 0000000000000,00	 0000000187706,00
2100100	 0000001877493,00	 0000000000000,00	 0000000000000,00	 0000000162740,00
2100200	 0000000205292,00	 0000000000000,00	 0000000000000,00	 0000000000000,00
2100300	 0000000498259,00	 0000000182673,00	 0000000000000,00	 0000000024966,00
2130000	 0000000092455,00	 0000000000000,00	 0000000000000,00	 0000000130413,00
2160000	 0000000488469,00	 0000000010226,00	 0000000000000,00	 0000000046407,00
2160100	 0000000122664,00	 0000000000003,00	 0000000000000,00	 0000000000000,00
2160200	 0000000365805,00	 0000000010223,00	 0000000000000,00	 0000000046407,00
2200000	 0000003476953,00	 0000003320955,00	 0000000000000,00	 0000001351963,00
2200100	 0000003476217,00	 0000003223272,00	 0000000000000,00	 0000001351963,00
2200200	 0000000000699,00	 0000000097673,00	 0000000000000,00	 0000000000000,00
2200900	 0000000000037,00	 0000000000010,00	 0000000000000,00	 0000000000000,00
2250000	 0000001015289,00	 0000000000000,00	 0000000000000,00	 0000000000000,00
2250100	 0000000899138,00	 0000000000000,00	 0000000000000,00	 0000000000000,00
2250200	 0000000116151,00	 0000000000000,00	 0000000000000,00	 0000000000000,00
2300000	 0000000007976,00	 0000000003345,00	 0000000000000,00	 0000001206807,00
2301000	 0000000005953,00	 0000000000000,00	 0000000000000,00	 0000000000000,00
2302000	 0000000002023,00	 0000000000000,00	 0000000000000,00	 0000001206807,00
2302100	 0000000000000,00	 0000000000000,00	 0000000000000,00	 0000001158631,00
2302200	 0000000002023,00	 0000000000000,00	 0000000000000,00	 0000000048176,00
2303000	 0000000000000,00	 0000000003345,00	 0000000000000,00	 0000000000000,00
2303100	 0000000000000,00	 0000000000000,00	 0000000000000,00	 0000000000000,00
2303900	 0000000000000,00	 0000000003345,00	 0000000000000,00	 0000000000000,00
2400000	 0000000008736,00	 0000001856994,00	 0000000000000,00	 0000000443628,00
2401000	 0000000000000,00	 0000000396436,00	 0000000000000,00	 0000000000000,00
2402000	 0000000008736,00	 0000001460558,00	 0000000000000,00	 0000000443628,00
2402100	 0000000003162,00	 0000001224365,00	 0000000000000,00	 0000000193203,00
2402200	 0000000005574,00	 0000000236193,00	 0000000000000,00	 0000000250425,00
2500000	 0000000047387,00	 0000000012060,00	 0000000000463,00	 0000000041913,00
2500100	 0000000025769,00	 0000000012060,00	 0000000000463,00	 0000000000000,00
2500200	 0000000021618,00	 0000000000000,00	 0000000000000,00	 0000000000000,00
2500300	 0000000000000,00	 0000000000000,00	 0000000000000,00	 0000000041913,00
2600000	 0000000000602,00	 0000000000000,00	 0000000000000,00	 0000000000000,00
2650000	 0000000024784,00	 0000000000000,00	 0000000000000,00	 0000000000000,00
2700000	 0000000080436,00	 0000000000000,00	 0000000000000,00	 0000000000000,00
2700100	 0000000015368,00	 0000000000000,00	 0000000000000,00	 0000000000000,00
2700200	 0000000038167,00	 0000000000000,00	 0000000000000,00	 0000000000000,00
2700300	 0000000002545,00	 0000000000000,00	 0000000000000,00	 0000000000000,00
2700400	 0000000024356,00	 0000000000000,00	 0000000000000,00	 0000000000000,00
2700401	 0000000000000,00	 0000000000000,00	 0000000000000,00	 0000000000000,00
2700402	 0000000000000,00	 0000000000000,00	 0000000000000,00	 0000000000000,00
2700403	 0000000000000,00	 0000000000000,00	 0000000000000,00	 0000000000000,00
2700490	 0000000024356,00	 0000000000000,00	 0000000000000,00	 0000000000000,00
2800000	 0000000106447,00	 0000000015567,00	 0000000001017,00	 0000000188801,00
3000000	 0000001167809,00	 0000000123872,00	 0000000012151,00	 0000000052407,00
3101000	 0000000818535,00	 0000000000000,00	 0000000000000,00	 0000000000000,00
3102000	 0000000074755,00	 0000000000000,00	 0000000000000,00	 0000000000000,00
3103000	-0000000029161,00	 0000000000000,00	 0000000000000,00	 0000000000000,00
3104000	 0000000281655,00	 0000000123872,00	 0000000012151,00	 0000000052407,00
3104100	 0000000381030,00	 0000000000000,00	 0000000000000,00	 0000000000000,00
3104200	-0000000061208,00	 0000000123872,00	 0000000012151,00	 0000000052407,00
3104300	-0000000038167,00	 0000000000000,00	 0000000000000,00	 0000000000000,00
3200000	 0000000022025,00	 0000000000000,00	 0000000000000,00	 0000000000000,00
5001000	 0000001145784,00	 0000000123872,00	 0000000012151,00	 0000000052407,00
5002000	 0000009098387,00	 0000005525692,00	 0000000013631,00	 0000003650045,00
5100000	 0000005111903,00	 0000006723530,00	 0000000034678,00	 0000000994700,00
