028	BANCO BICE.                                                             
1000000	 0000001131463,00	 0000001151415,00	 0000000063274,00	 0000000485079,00
1100000	 0000000095207,00	 0000000000000,00	 0000000000000,00	 0000000043344,00
1100100	 0000000005415,00	 0000000000000,00	 0000000000000,00	 0000000003438,00
1100200	 0000000089496,00	 0000000000000,00	 0000000000000,00	 0000000000716,00
1100300	 0000000000296,00	 0000000000000,00	 0000000000000,00	 0000000000000,00
1100400	 0000000000000,00	 0000000000000,00	 0000000000000,00	 0000000039190,00
1130000	 0000000033551,00	 0000000000000,00	 0000000000000,00	 0000000035425,00
1130100	 0000000018565,00	 0000000000000,00	 0000000000000,00	 0000000010041,00
1130200	 0000000014986,00	 0000000000000,00	 0000000000000,00	 0000000025384,00
1150000	 0000000039118,00	 0000000263063,00	 0000000000523,00	 0000000000956,00
1150100	 0000000010543,00	 0000000122910,00	 0000000000000,00	 0000000000000,00
1150200	 0000000014060,00	 0000000140153,00	 0000000000523,00	 0000000000956,00
1150300	 0000000000000,00	 0000000000000,00	 0000000000000,00	 0000000000000,00
1150400	 0000000014515,00	 0000000000000,00	 0000000000000,00	 0000000000000,00
1160000	 0000000000926,00	 0000000000000,00	 0000000000000,00	 0000000000000,00
1160100	 0000000000000,00	 0000000000000,00	 0000000000000,00	 0000000000000,00
1160200	 0000000000926,00	 0000000000000,00	 0000000000000,00	 0000000000000,00
1250000	 0000000156505,00	 0000000000000,00	 0000000000000,00	 0000000000749,00
1250100	 0000000155669,00	 0000000000000,00	 0000000000000,00	 0000000000749,00
1250200	 0000000000836,00	 0000000000000,00	 0000000000000,00	 0000000000000,00
1270000	 0000000000000,00	 0000000000000,00	 0000000000000,00	 0000000000000,00
1270100	 0000000000000,00	 0000000000000,00	 0000000000000,00	 0000000000000,00
1270101	 0000000000000,00	 0000000000000,00	 0000000000000,00	 0000000000000,00
1270111	 0000000000000,00	 0000000000000,00	 0000000000000,00	 0000000000000,00
1270190	 0000000000000,00	 0000000000000,00	 0000000000000,00	 0000000000000,00
1270200	 0000000000000,00	 0000000000000,00	 0000000000000,00	 0000000000000,00
1270201	 0000000000000,00	 0000000000000,00	 0000000000000,00	 0000000000000,00
1270290	 0000000000000,00	 0000000000000,00	 0000000000000,00	 0000000000000,00
1300000	 0000000693410,00	 0000000888351,00	 0000000062751,00	 0000000371943,00
1302000	 0000000672898,00	 0000000694791,00	 0000000062751,00	 0000000371253,00
1302100	 0000000603881,00	 0000000557671,00	 0000000043737,00	 0000000083502,00
1302101	 0000000603881,00	 0000000500073,00	 0000000043737,00	 0000000061608,00
1302102	 0000000000000,00	 0000000000000,00	 0000000000000,00	 0000000021894,00
1302170	 0000000000000,00	 0000000022581,00	 0000000000000,00	 0000000000000,00
1302180	 0000000000000,00	 0000000035017,00	 0000000000000,00	 0000000000000,00
1302200	 0000000029924,00	 0000000000691,00	 0000000000028,00	 0000000287246,00
1302202	 0000000029924,00	 0000000000691,00	 0000000000000,00	 0000000161791,00
1302300	 0000000029349,00	 0000000000000,00	 0000000000000,00	 0000000000096,00
1302500	 0000000002845,00	 0000000000160,00	 0000000000000,00	 0000000000409,00
1302800	 0000000005112,00	 0000000136269,00	 0000000018914,00	 0000000000000,00
1302900	 0000000001787,00	 0000000000000,00	 0000000000072,00	 0000000000000,00
1304000	 0000000000000,00	 0000000187901,00	 0000000000000,00	 0000000000000,00
1304100	 0000000000000,00	 0000000014265,00	 0000000000000,00	 0000000000000,00
1304101	 0000000000000,00	 0000000014265,00	 0000000000000,00	 0000000000000,00
1304102	 0000000000000,00	 0000000000000,00	 0000000000000,00	 0000000000000,00
1304200	 0000000000000,00	 0000000173611,00	 0000000000000,00	 0000000000000,00
1304300	 0000000000000,00	 0000000000000,00	 0000000000000,00	 0000000000000,00
1304800	 0000000000000,00	 0000000000000,00	 0000000000000,00	 0000000000000,00
1304900	 0000000000000,00	 0000000000025,00	 0000000000000,00	 0000000000000,00
1305000	 0000000043117,00	 0000000005659,00	 0000000000000,00	 0000000000690,00
1305100	 0000000021246,00	 0000000005659,00	 0000000000000,00	 0000000000000,00
1305300	 0000000013158,00	 0000000000000,00	 0000000000000,00	 0000000000000,00
1305400	 0000000008713,00	 0000000000000,00	 0000000000000,00	 0000000000690,00
1305800	 0000000000000,00	 0000000000000,00	 0000000000000,00	 0000000000000,00
1305900	 0000000000000,00	 0000000000000,00	 0000000000000,00	 0000000000000,00
1309000	-0000000022605,00	 0000000000000,00	 0000000000000,00	 0000000000000,00
1309001	-0000000021627,00	 0000000000000,00	 0000000000000,00	 0000000000000,00
1309002	-0000000000196,00	 0000000000000,00	 0000000000000,00	 0000000000000,00
1309003	-0000000000782,00	 0000000000000,00	 0000000000000,00	 0000000000000,00
1350000	 0000000000000,00	 0000000000000,00	 0000000000000,00	 0000000000000,00
1350100	 0000000000000,00	 0000000000000,00	 0000000000000,00	 0000000000000,00
1350200	 0000000000000,00	 0000000000000,00	 0000000000000,00	 0000000000000,00
1350300	 0000000000000,00	 0000000000000,00	 0000000000000,00	 0000000000000,00
1360000	 0000000000000,00	 0000000000000,00	 0000000000000,00	 0000000000000,00
1360100	 0000000000000,00	 0000000000000,00	 0000000000000,00	 0000000000000,00
1360200	 0000000000000,00	 0000000000000,00	 0000000000000,00	 0000000000000,00
1360300	 0000000000000,00	 0000000000000,00	 0000000000000,00	 0000000000000,00
1400000	 0000000000584,00	 0000000000000,00	 0000000000000,00	 0000000000008,00
1400100	 0000000000000,00	 0000000000000,00	 0000000000000,00	 0000000000000,00
1400101	 0000000000000,00	 0000000000000,00	 0000000000000,00	 0000000000000,00
1400103	 0000000000000,00	 0000000000000,00	 0000000000000,00	 0000000000000,00
1400200	 0000000000584,00	 0000000000000,00	 0000000000000,00	 0000000000008,00
1500000	 0000000002232,00	 0000000000000,00	 0000000000000,00	 0000000000000,00
1500100	 0000000001306,00	 0000000000000,00	 0000000000000,00	 0000000000000,00
1500200	 0000000000926,00	 0000000000000,00	 0000000000000,00	 0000000000000,00
1600000	 0000000019555,00	 0000000000000,00	 0000000000000,00	 0000000000000,00
1600100	 0000000015879,00	 0000000000000,00	 0000000000000,00	 0000000000000,00
1600200	 0000000003676,00	 0000000000000,00	 0000000000000,00	 0000000000000,00
1700000	 0000000000290,00	 0000000000000,00	 0000000000000,00	 0000000000000,00
1750000	 0000000035648,00	 0000000000000,00	 0000000000000,00	 0000000000000,00
1800000	 0000000054437,00	 0000000000001,00	 0000000000000,00	 0000000032654,00
1800100	 0000000016296,00	 0000000000000,00	 0000000000000,00	 0000000003084,00
1800200	 0000000000465,00	 0000000000000,00	 0000000000000,00	 0000000000000,00
1800900	 0000000037676,00	 0000000000001,00	 0000000000000,00	 0000000029570,00
2000000	 0000001401809,00	 0000000708868,00	 0000000042530,00	 0000000487547,00
2100000	 0000000207786,00	 0000000003021,00	 0000000000018,00	 0000000044585,00
2100100	 0000000165464,00	 0000000000000,00	 0000000000000,00	 0000000040948,00
2100109	 0000000120427,00	 0000000000000,00	 0000000000000,00	 0000000035888,00
2100110	 0000000044910,00	 0000000000000,00	 0000000000000,00	 0000000005060,00
2100200	 0000000010811,00	 0000000000000,00	 0000000000000,00	 0000000000000,00
2100300	 0000000031511,00	 0000000003021,00	 0000000000018,00	 0000000003637,00
2130000	 0000000021617,00	 0000000000000,00	 0000000000000,00	 0000000004244,00
2160000	 0000000062777,00	 0000000000298,00	 0000000000000,00	 0000000000282,00
2160100	 0000000000000,00	 0000000000000,00	 0000000000000,00	 0000000000000,00
2160200	 0000000062777,00	 0000000000298,00	 0000000000000,00	 0000000000282,00
2200000	 0000000843234,00	 0000000462691,00	 0000000000000,00	 0000000152048,00
2200100	 0000000843234,00	 0000000457404,00	 0000000000000,00	 0000000152048,00
2200200	 0000000000000,00	 0000000005287,00	 0000000000000,00	 0000000000000,00
2200900	 0000000000000,00	 0000000000000,00	 0000000000000,00	 0000000000000,00
2250000	 0000000168025,00	 0000000000000,00	 0000000000000,00	 0000000002642,00
2250100	 0000000168025,00	 0000000000000,00	 0000000000000,00	 0000000002642,00
2250200	 0000000000000,00	 0000000000000,00	 0000000000000,00	 0000000000000,00
2300000	 0000000000000,00	 0000000000024,00	 0000000000000,00	 0000000243513,00
2301000	 0000000000000,00	 0000000000000,00	 0000000000000,00	 0000000003308,00
2301001	 0000000000000,00	 0000000000000,00	 0000000000000,00	 0000000000000,00
2302000	 0000000000000,00	 0000000000000,00	 0000000000000,00	 0000000240205,00
2302100	 0000000000000,00	 0000000000000,00	 0000000000000,00	 0000000220667,00
2302200	 0000000000000,00	 0000000000000,00	 0000000000000,00	 0000000019538,00
2303000	 0000000000000,00	 0000000000024,00	 0000000000000,00	 0000000000000,00
2303100	 0000000000000,00	 0000000000000,00	 0000000000000,00	 0000000000000,00
2303900	 0000000000000,00	 0000000000024,00	 0000000000000,00	 0000000000000,00
2400000	 0000000000000,00	 0000000237867,00	 0000000000000,00	 0000000000000,00
2401000	 0000000000000,00	 0000000037925,00	 0000000000000,00	 0000000000000,00
2402000	 0000000000000,00	 0000000199942,00	 0000000000000,00	 0000000000000,00
2402100	 0000000000000,00	 0000000128060,00	 0000000000000,00	 0000000000000,00
2402200	 0000000000000,00	 0000000071882,00	 0000000000000,00	 0000000000000,00
2500000	 0000000001064,00	 0000000004945,00	 0000000042512,00	 0000000040160,00
2500100	 0000000000000,00	 0000000004945,00	 0000000042512,00	 0000000000000,00
2500200	 0000000001064,00	 0000000000000,00	 0000000000000,00	 0000000006889,00
2500300	 0000000000000,00	 0000000000000,00	 0000000000000,00	 0000000033271,00
2600000	 0000000002475,00	 0000000000000,00	 0000000000000,00	 0000000000000,00
2650000	 0000000031898,00	 0000000000000,00	 0000000000000,00	 0000000000000,00
2700000	 0000000026439,00	 0000000000000,00	 0000000000000,00	 0000000000000,00
2700100	 0000000004196,00	 0000000000000,00	 0000000000000,00	 0000000000000,00
2700200	 0000000013806,00	 0000000000000,00	 0000000000000,00	 0000000000000,00
2700300	 0000000001325,00	 0000000000000,00	 0000000000000,00	 0000000000000,00
2700400	 0000000007112,00	 0000000000000,00	 0000000000000,00	 0000000000000,00
2700401	 0000000000004,00	 0000000000000,00	 0000000000000,00	 0000000000000,00
2700402	 0000000000000,00	 0000000000000,00	 0000000000000,00	 0000000000000,00
2700403	 0000000007047,00	 0000000000000,00	 0000000000000,00	 0000000000000,00
2700490	 0000000000061,00	 0000000000000,00	 0000000000000,00	 0000000000000,00
2800000	 0000000036494,00	 0000000000022,00	 0000000000000,00	 0000000000073,00
3000000	 0000000190477,00	 0000000000000,00	 0000000000000,00	 0000000000000,00
3101000	 0000000029515,00	 0000000000000,00	 0000000000000,00	 0000000000000,00
3102000	 0000000008703,00	 0000000000000,00	 0000000000000,00	 0000000000000,00
3103000	 0000000000000,00	 0000000000000,00	 0000000000000,00	 0000000000000,00
3104000	 0000000152240,00	 0000000000000,00	 0000000000000,00	 0000000000000,00
3104100	 0000000138434,00	 0000000000000,00	 0000000000000,00	 0000000000000,00
3104200	 0000000027612,00	 0000000000000,00	 0000000000000,00	 0000000000000,00
3104300	-0000000013806,00	 0000000000000,00	 0000000000000,00	 0000000000000,00
3200000	 0000000000019,00	 0000000000000,00	 0000000000000,00	 0000000000000,00
5001000	 0000000190458,00	 0000000000000,00	 0000000000000,00	 0000000000000,00
5002000	 0000001592286,00	 0000000708868,00	 0000000042530,00	 0000000487547,00
5100000	 0000000716015,00	 0000000888351,00	 0000000062751,00	 0000000371943,00
