028	BANCO BICE.                             
4100000	 0000000057968,00	 0000000117380,00	 0000000002840,00	 0000000013583,00
4100100	 0000000000329,00	 0000000000000,00	 0000000000000,00	 0000000000114,00
4100200	 0000000000313,00	 0000000000000,00	 0000000000000,00	 0000000000000,00
4100300	 0000000047558,00	 0000000098360,00	 0000000002840,00	 0000000013095,00
4100399	 0000000000649,00	 0000000000000,00	 0000000000000,00	 0000000000000,00
4100400	 0000000000266,00	 0000000018236,00	 0000000000000,00	 0000000000000,00
4100499	 0000000000000,00	 0000000000000,00	 0000000000000,00	 0000000000000,00
4100500	 0000000007136,00	 0000000000784,00	 0000000000000,00	 0000000000000,00
4100599	 0000000000030,00	 0000000000000,00	 0000000000000,00	 0000000000000,00
4100600	 0000000000000,00	 0000000000000,00	 0000000000000,00	 0000000000000,00
4100800	 0000000002366,00	 0000000000000,00	 0000000000000,00	 0000000000374,00
4100900	 0000000000000,00	 0000000000000,00	 0000000000000,00	 0000000000000,00
4150000	-0000000055958,00	-0000000074707,00	-0000000002345,00	-0000000009081,00
4150100	 0000000000000,00	-0000000000770,00	 0000000000000,00	 0000000000000,00
4150200	-0000000000527,00	-0000000003977,00	 0000000000000,00	-0000000000231,00
4150300	-0000000055238,00	-0000000035577,00	 0000000000000,00	-0000000003376,00
4150400	-0000000002562,00	-0000000000003,00	-0000000000243,00	-0000000005465,00
4150500	 0000000000000,00	-0000000033011,00	 0000000000000,00	 0000000000000,00
4150600	 0000000000000,00	-0000000001369,00	-0000000002102,00	 0000000000000,00
4150800	 0000000000000,00	 0000000000000,00	 0000000000000,00	-0000000000009,00
4150900	 0000000002369,00	 0000000000000,00	 0000000000000,00	 0000000000000,00
4200000	 0000000021615,00	 0000000000000,00	 0000000000124,00	 0000000000310,00
4200100	 0000000002671,00	 0000000000000,00	 0000000000000,00	 0000000000000,00
4200200	 0000000000434,00	 0000000000000,00	 0000000000124,00	 0000000000081,00
4200300	 0000000002077,00	 0000000000000,00	 0000000000000,00	 0000000000000,00
4200400	 0000000000072,00	 0000000000000,00	 0000000000000,00	 0000000000000,00
4200500	 0000000001996,00	 0000000000000,00	 0000000000000,00	 0000000000063,00
4200600	 0000000010358,00	 0000000000000,00	 0000000000000,00	 0000000000000,00
4200700	 0000000000000,00	 0000000000000,00	 0000000000000,00	 0000000000000,00
4200800	 0000000001072,00	 0000000000000,00	 0000000000000,00	 0000000000000,00
4200900	 0000000002935,00	 0000000000000,00	 0000000000000,00	 0000000000166,00
4250000	-0000000001643,00	 0000000000000,00	 0000000000000,00	-0000000000237,00
4250100	-0000000001208,00	 0000000000000,00	 0000000000000,00	 0000000000000,00
4250200	-0000000000359,00	 0000000000000,00	 0000000000000,00	 0000000000000,00
4250300	-0000000000076,00	 0000000000000,00	 0000000000000,00	-0000000000237,00
4300000	-0000000015096,00	 0000000036472,00	 0000000000029,00	-0000000000941,00
4300100	 0000000003037,00	 0000000036472,00	 0000000000029,00	 0000000000385,00
4300200	-0000000018142,00	 0000000000000,00	 0000000000000,00	-0000000001326,00
4300300	 0000000000000,00	 0000000000000,00	 0000000000000,00	 0000000000000,00
4300400	 0000000000012,00	 0000000000000,00	 0000000000000,00	 0000000000000,00
4300500	-0000000000003,00	 0000000000000,00	 0000000000000,00	 0000000000000,00
4350000	-0000000013507,00	 0000000013313,00	 0000000005024,00	 0000000000001,00
4350100	-0000000013507,00	 0000000013313,00	 0000000000000,00	 0000000000001,00
4350200	 0000000000000,00	 0000000000000,00	 0000000005024,00	 0000000000000,00
4350900	 0000000000000,00	 0000000000000,00	 0000000000000,00	 0000000000000,00
4400000	 0000000003956,00	 0000000000000,00	 0000000000000,00	 0000000000537,00
4400100	 0000000000164,00	 0000000000000,00	 0000000000000,00	 0000000000000,00
4400200	 0000000000003,00	 0000000000000,00	 0000000000000,00	 0000000000000,00
4400300	 0000000003789,00	 0000000000000,00	 0000000000000,00	 0000000000537,00
4500000	-0000000011497,00	 0000000000000,00	 0000000000000,00	 0000000000000,00
4500100	-0000000011842,00	 0000000000000,00	 0000000000000,00	 0000000000000,00
4500200	-0000000000304,00	 0000000000000,00	 0000000000000,00	 0000000000000,00
4500900	 0000000000649,00	 0000000000000,00	 0000000000000,00	 0000000000000,00
4500901	 0000000000311,00	 0000000000000,00	 0000000000000,00	 0000000000000,00
4500911	 0000000000081,00	 0000000000000,00	 0000000000000,00	 0000000000000,00
4500921	 0000000000257,00	 0000000000000,00	 0000000000000,00	 0000000000000,00
4600000	-0000000023749,00	 0000000000000,00	 0000000000000,00	 0000000000000,00
4610000	-0000000012683,00	 0000000000000,00	 0000000000000,00	 0000000000000,00
4610100	-0000000008257,00	 0000000000000,00	 0000000000000,00	 0000000000000,00
4610200	-0000000000834,00	 0000000000000,00	 0000000000000,00	 0000000000000,00
4610300	-0000000000552,00	 0000000000000,00	 0000000000000,00	 0000000000000,00
4610400	-0000000001633,00	 0000000000000,00	 0000000000000,00	 0000000000000,00
4610500	-0000000001407,00	 0000000000000,00	 0000000000000,00	 0000000000000,00
4620000	-0000000002624,00	 0000000000000,00	 0000000000000,00	 0000000000000,00
4630000	 0000000000000,00	 0000000000000,00	 0000000000000,00	 0000000000000,00
4650000	-0000000004538,00	 0000000000000,00	 0000000000000,00	-0000000000001,00
4650100	-0000000000202,00	 0000000000000,00	 0000000000000,00	 0000000000000,00
4650200	-0000000002047,00	 0000000000000,00	 0000000000000,00	 0000000000000,00
4650201	 0000000000000,00	 0000000000000,00	 0000000000000,00	 0000000000000,00
4650211	 0000000000000,00	 0000000000000,00	 0000000000000,00	 0000000000000,00
4650212	-0000000002047,00	 0000000000000,00	 0000000000000,00	 0000000000000,00
4650290	 0000000000000,00	 0000000000000,00	 0000000000000,00	 0000000000000,00
4650900	-0000000002289,00	 0000000000000,00	 0000000000000,00	-0000000000001,00
4700000	 0000000000127,00	 0000000000000,00	 0000000000000,00	 0000000000000,00
4700100	 0000000000129,00	 0000000000000,00	 0000000000000,00	 0000000000000,00
4700101	 0000000000000,00	 0000000000000,00	 0000000000000,00	 0000000000000,00
4700102	 0000000000000,00	 0000000000000,00	 0000000000000,00	 0000000000000,00
4700103	 0000000000000,00	 0000000000000,00	 0000000000000,00	 0000000000000,00
4700110	 0000000000129,00	 0000000000000,00	 0000000000000,00	 0000000000000,00
4700200	-0000000000002,00	 0000000000000,00	 0000000000000,00	 0000000000000,00
4700201	 0000000000000,00	 0000000000000,00	 0000000000000,00	 0000000000000,00
4700202	 0000000000000,00	 0000000000000,00	 0000000000000,00	 0000000000000,00
4700203	 0000000000000,00	 0000000000000,00	 0000000000000,00	 0000000000000,00
4700210	-0000000000002,00	 0000000000000,00	 0000000000000,00	 0000000000000,00
4710000	-0000000012278,00	 0000000000000,00	 0000000000000,00	 0000000000000,00
4800000	-0000000004779,00	 0000000000000,00	 0000000000000,00	 0000000000000,00
4800001	-0000000007666,00	 0000000000000,00	 0000000000000,00	 0000000000000,00
4850000	 0000000000000,00	 0000000000000,00	 0000000000000,00	 0000000000000,00
4900000	 0000000000003,00	 0000000000000,00	 0000000000000,00	 0000000000000,00
5003000	 0000000002010,00	 0000000042673,00	 0000000000495,00	 0000000004502,00
5004000	 0000000019972,00	 0000000000000,00	 0000000000124,00	 0000000000073,00
5005000	-0000000002665,00	 0000000092458,00	 0000000005672,00	 0000000004172,00
5006000	-0000000014162,00	 0000000092458,00	 0000000005672,00	 0000000004172,00
5007000	-0000000057756,00	 0000000092458,00	 0000000005672,00	 0000000004171,00
5008000	-0000000069907,00	 0000000092458,00	 0000000005672,00	 0000000004171,00
5009000	-0000000074686,00	 0000000092458,00	 0000000005672,00	 0000000004171,00
5010000	-0000000074686,00	 0000000092458,00	 0000000005672,00	 0000000004171,00
