900	BANCOS                                                                  
1000000	 0000041350968,00	 0000033119618,00	 0000000405807,00	 0000010833679,00
1100000	 0000002586997,00	 0000000000000,00	 0000000000000,00	 0000002004708,00
1100100	 0000000924025,00	 0000000000000,00	 0000000000000,00	 0000000099787,00
1100200	 0000001557215,00	 0000000000000,00	 0000000000000,00	 0000000264456,00
1100300	 0000000105755,00	 0000000000000,00	 0000000000000,00	 0000000004525,00
1100400	 0000000000002,00	 0000000000000,00	 0000000000000,00	 0000001635940,00
1130000	 0000001427251,00	 0000000008273,00	 0000000000000,00	 0000001218827,00
1130100	 0000000535358,00	 0000000000000,00	 0000000000000,00	 0000000046189,00
1130200	 0000000891893,00	 0000000008273,00	 0000000000000,00	 0000001172638,00
1150000	 0000001755919,00	 0000003465345,00	 0000000008939,00	 0000000093125,00
1150100	 0000000832860,00	 0000002139407,00	 0000000000000,00	 0000000000000,00
1150200	 0000000298412,00	 0000001325938,00	 0000000008939,00	 0000000006410,00
1150300	 0000000000545,00	 0000000000000,00	 0000000000000,00	 0000000015674,00
1150400	 0000000624102,00	 0000000000000,00	 0000000000000,00	 0000000071041,00
1160000	 0000000388401,00	 0000000125777,00	 0000000000000,00	 0000000013616,00
1160100	 0000000120747,00	 0000000036879,00	 0000000000000,00	 0000000001199,00
1160200	 0000000267654,00	 0000000088898,00	 0000000000000,00	 0000000012417,00
1250000	 0000003789695,00	 0000000289954,00	 0000000000000,00	 0000000125065,00
1250100	 0000003737915,00	 0000000289954,00	 0000000000000,00	 0000000124875,00
1250200	 0000000051780,00	 0000000000000,00	 0000000000000,00	 0000000000190,00
1270000	 0000000908455,00	 0000000000000,00	 0000000000000,00	 0000000614660,00
1270100	 0000000909885,00	 0000000000000,00	 0000000000000,00	 0000000022030,00
1270101	 0000000617205,00	 0000000000000,00	 0000000000000,00	 0000000000000,00
1270111	 0000000282401,00	 0000000000000,00	 0000000000000,00	 0000000022030,00
1270190	-0000000000084,00	 0000000000000,00	 0000000000000,00	 0000000000000,00
1270200	-0000000001430,00	 0000000000000,00	 0000000000000,00	 0000000592630,00
1270201	 0000000000000,00	 0000000000000,00	 0000000000000,00	 0000000365021,00
1270290	-0000000001430,00	 0000000000000,00	 0000000000000,00	-0000000000269,00
1300000	 0000023781916,00	 0000026590188,00	 0000000382658,00	 0000006008175,00
1302000	 0000017871363,00	 0000013022916,00	 0000000382658,00	 0000005975815,00
1302100	 0000015271733,00	 0000010358981,00	 0000000125401,00	 0000002196228,00
1302101	 0000015270352,00	 0000009239631,00	 0000000125365,00	 0000001470563,00
1302102	 0000000001187,00	 0000000000000,00	 0000000000036,00	 0000000725665,00
1302170	 0000000000024,00	 0000000735419,00	 0000000000000,00	 0000000000000,00
1302180	 0000000000170,00	 0000000383931,00	 0000000000000,00	 0000000000000,00
1302200	 0000000332073,00	 0000000018094,00	 0000000000186,00	 0000003644171,00
1302202	 0000000189764,00	 0000000010659,00	 0000000000000,00	 0000001786821,00
1302300	 0000000636932,00	 0000000000000,00	 0000000000000,00	 0000000002846,00
1302500	 0000000771457,00	 0000000097385,00	 0000000000000,00	 0000000121484,00
1302800	 0000000757020,00	 0000002297379,00	 0000000255475,00	 0000000006239,00
1302900	 0000000102148,00	 0000000251077,00	 0000000001596,00	 0000000004847,00
1304000	 0000000080283,00	 0000013192306,00	 0000000000000,00	 0000000000000,00
1304100	 0000000000066,00	 0000001264473,00	 0000000000000,00	 0000000000000,00
1304101	 0000000000037,00	 0000001233265,00	 0000000000000,00	 0000000000000,00
1304102	 0000000000029,00	 0000000031208,00	 0000000000000,00	 0000000000000,00
1304200	 0000000011754,00	 0000000911447,00	 0000000000000,00	 0000000000000,00
1304300	 0000000036777,00	 0000010820315,00	 0000000000000,00	 0000000000000,00
1304800	 0000000030859,00	 0000000046903,00	 0000000000000,00	 0000000000000,00
1304900	 0000000000827,00	 0000000149168,00	 0000000000000,00	 0000000000000,00
1305000	 0000007213823,00	 0000000375138,00	 0000000000000,00	 0000000034949,00
1305100	 0000005174168,00	 0000000373316,00	 0000000000000,00	 0000000000997,00
1305300	 0000000686931,00	 0000000000000,00	 0000000000000,00	 0000000000008,00
1305400	 0000001279839,00	 0000000000000,00	 0000000000000,00	 0000000033944,00
1305800	 0000000003714,00	 0000000001822,00	 0000000000000,00	 0000000000000,00
1305900	 0000000069171,00	 0000000000000,00	 0000000000000,00	 0000000000000,00
1309000	-0000001383553,00	-0000000000172,00	 0000000000000,00	-0000000002589,00
1309001	-0000000838561,00	 0000000000000,00	 0000000000000,00	-0000000002589,00
1309002	-0000000067169,00	-0000000000084,00	 0000000000000,00	 0000000000000,00
1309003	-0000000477823,00	-0000000000088,00	 0000000000000,00	 0000000000000,00
1350000	 0000003697292,00	 0000002598224,00	 0000000013606,00	 0000000440516,00
1350100	 0000002370782,00	 0000001100708,00	 0000000000000,00	 0000000000000,00
1350200	 0000001326510,00	 0000001497516,00	 0000000013606,00	 0000000001049,00
1350300	 0000000000000,00	 0000000000000,00	 0000000000000,00	 0000000439467,00
1360000	 0000000000000,00	 0000000000000,00	 0000000000000,00	 0000000000000,00
1360100	 0000000000000,00	 0000000000000,00	 0000000000000,00	 0000000000000,00
1360200	 0000000000000,00	 0000000000000,00	 0000000000000,00	 0000000000000,00
1360300	 0000000000000,00	 0000000000000,00	 0000000000000,00	 0000000000000,00
1400000	 0000000092544,00	 0000000000478,00	 0000000000000,00	 0000000000027,00
1400100	 0000000028693,00	 0000000000000,00	 0000000000000,00	 0000000000000,00
1400101	 0000000000000,00	 0000000000000,00	 0000000000000,00	 0000000000000,00
1400103	 0000000026853,00	 0000000000000,00	 0000000000000,00	 0000000000000,00
1400200	 0000000063851,00	 0000000000478,00	 0000000000000,00	 0000000000027,00
1500000	 0000000280542,00	 0000000000002,00	 0000000000000,00	 0000000000373,00
1500100	 0000000020193,00	 0000000000000,00	 0000000000000,00	 0000000000000,00
1500200	 0000000260349,00	 0000000000002,00	 0000000000000,00	 0000000000373,00
1600000	 0000000893513,00	 0000000000062,00	 0000000000000,00	 0000000000412,00
1600100	 0000000687773,00	 0000000000104,00	 0000000000000,00	 0000000000019,00
1600200	 0000000205740,00	-0000000000042,00	 0000000000000,00	 0000000000393,00
1700000	 0000000054508,00	 0000000000085,00	 0000000000000,00	 0000000000000,00
1750000	 0000000609590,00	 0000000000000,00	 0000000000000,00	 0000000002027,00
1800000	 0000001084345,00	 0000000041230,00	 0000000000604,00	 0000000312148,00
1800100	 0000000174555,00	 0000000025781,00	 0000000000604,00	 0000000002993,00
1800200	 0000000061885,00	 0000000000000,00	 0000000000000,00	 0000000000000,00
1800900	 0000000847905,00	 0000000015449,00	 0000000000000,00	 0000000309155,00
2000000	 0000043169643,00	 0000019364555,00	 0000000141351,00	 0000015848619,00
2100000	 0000011159208,00	 0000000378531,00	 0000000000043,00	 0000001420189,00
2100100	 0000008941426,00	 0000000000000,00	 0000000000000,00	 0000001278677,00
2100109	 0000005197546,00	 0000000000000,00	 0000000000000,00	 0000001142599,00
2100110	 0000003728663,00	 0000000000000,00	 0000000000000,00	 0000000134817,00
2100200	 0000001067006,00	 0000000000000,00	 0000000000000,00	 0000000000000,00
2100300	 0000001150776,00	 0000000378531,00	 0000000000043,00	 0000000141512,00
2130000	 0000001060729,00	 0000000006586,00	 0000000029434,00	 0000000902016,00
2160000	 0000003173597,00	 0000000145235,00	 0000000000000,00	 0000000082809,00
2160100	 0000002399071,00	 0000000061524,00	 0000000000000,00	 0000000001473,00
2160200	 0000000774526,00	 0000000083711,00	 0000000000000,00	 0000000081336,00
2200000	 0000020451634,00	 0000009456712,00	 0000000000001,00	 0000005478262,00
2200100	 0000020443136,00	 0000009015790,00	 0000000000001,00	 0000005474537,00
2200200	 0000000001067,00	 0000000436781,00	 0000000000000,00	 0000000000000,00
2200900	 0000000007431,00	 0000000004141,00	 0000000000000,00	 0000000003725,00
2250000	 0000003528845,00	 0000000218855,00	 0000000000000,00	 0000000136361,00
2250100	 0000003484578,00	 0000000212028,00	 0000000000000,00	 0000000126178,00
2250200	 0000000044267,00	 0000000006827,00	 0000000000000,00	 0000000010183,00
2300000	 0000001161422,00	 0000000002322,00	 0000000000228,00	 0000006664790,00
2301000	 0000000413356,00	 0000000000000,00	 0000000000000,00	 0000000128116,00
2301001	 0000000404060,00	 0000000000000,00	 0000000000000,00	 0000000119748,00
2302000	 0000000000005,00	 0000000000000,00	 0000000000228,00	 0000006536660,00
2302100	 0000000000000,00	 0000000000000,00	 0000000000080,00	 0000004526366,00
2302200	 0000000000005,00	 0000000000000,00	 0000000000148,00	 0000002010294,00
2303000	 0000000748061,00	 0000000002322,00	 0000000000000,00	 0000000000014,00
2303100	 0000000748061,00	 0000000000000,00	 0000000000000,00	 0000000000014,00
2303900	 0000000000000,00	 0000000002322,00	 0000000000000,00	 0000000000000,00
2400000	 0000000041858,00	 0000008728597,00	 0000000000000,00	 0000000922067,00
2401000	 0000000000825,00	 0000001954146,00	 0000000000000,00	 0000000000000,00
2402000	 0000000041033,00	 0000006774451,00	 0000000000000,00	 0000000922067,00
2402100	 0000000015921,00	 0000004805246,00	 0000000000000,00	 0000000527988,00
2402200	 0000000025112,00	 0000001969205,00	 0000000000000,00	 0000000394079,00
2500000	 0000000303311,00	 0000000375565,00	 0000000107864,00	 0000000110366,00
2500100	 0000000187644,00	 0000000373035,00	 0000000107864,00	 0000000005027,00
2500200	 0000000115645,00	 0000000002530,00	 0000000000000,00	 0000000073816,00
2500300	 0000000000022,00	 0000000000000,00	 0000000000000,00	 0000000031523,00
2600000	 0000000195348,00	 0000000000000,00	 0000000000000,00	 0000000000000,00
2650000	 0000000317900,00	 0000000000000,00	 0000000000000,00	 0000000000000,00
2700000	 0000000963322,00	 0000000000000,00	 0000000000000,00	 0000000003071,00
2700100	 0000000097792,00	 0000000000000,00	 0000000000000,00	 0000000002441,00
2700200	 0000000545280,00	 0000000000000,00	 0000000000000,00	 0000000000000,00
2700300	 0000000028571,00	 0000000000000,00	 0000000000000,00	 0000000000008,00
2700400	 0000000291679,00	 0000000000000,00	 0000000000000,00	 0000000000622,00
2700401	 0000000003619,00	 0000000000000,00	 0000000000000,00	 0000000000499,00
2700402	 0000000000000,00	 0000000000000,00	 0000000000000,00	 0000000000000,00
2700403	 0000000232989,00	 0000000000000,00	 0000000000000,00	 0000000000000,00
2700490	 0000000055071,00	 0000000000000,00	 0000000000000,00	 0000000000123,00
2800000	 0000000812469,00	 0000000052152,00	 0000000003781,00	 0000000128688,00
3000000	 0000006981442,00	 0000000156974,00	-0000000009414,00	 0000000056902,00
3101000	 0000004870941,00	 0000000002670,00	 0000000000000,00	 0000000000000,00
3102000	 0000000639771,00	 0000000000000,00	 0000000000000,00	 0000000000000,00
3103000	-0000000020830,00	 0000000000975,00	 0000000000000,00	 0000000000012,00
3104000	 0000001460538,00	 0000000153329,00	-0000000009414,00	 0000000056890,00
3104100	 0000001952596,00	 0000000000000,00	 0000000000000,00	 0000000000000,00
3104200	 0000000053221,00	 0000000153329,00	-0000000009414,00	 0000000056890,00
3104300	-0000000545279,00	 0000000000000,00	 0000000000000,00	 0000000000000,00
3200000	 0000000031022,00	 0000000000000,00	 0000000000000,00	 0000000000000,00
5001000	 0000006950420,00	 0000000156974,00	-0000000009414,00	 0000000056902,00
5002000	 0000050151085,00	 0000019521529,00	 0000000131937,00	 0000015905521,00
5100000	 0000025165469,00	 0000026590360,00	 0000000382658,00	 0000006010764,00
