028	BANCO BICE
1000000	 0000004330204,00	 0000003669449,00	 0000000122764,00	 0000001870037,00
1100000	 0000000556542,00	 0000000000000,00	 0000000000000,00	 0000000533987,00
1100100	 0000000018224,00	 0000000000000,00	 0000000000000,00	 0000000015088,00
1100200	 0000000531103,00	 0000000000000,00	 0000000000000,00	 0000000499750,00
1100300	 0000000007215,00	 0000000000000,00	 0000000000000,00	 0000000000866,00
1100400	 0000000000000,00	 0000000000000,00	 0000000000000,00	 0000000018283,00
1130000	 0000000041131,00	 0000000000000,00	 0000000000000,00	 0000000051527,00
1130100	 0000000015092,00	 0000000000000,00	 0000000000000,00	 0000000008502,00
1130200	 0000000026039,00	 0000000000000,00	 0000000000000,00	 0000000043025,00
1150000	 0000000132119,00	 0000000136771,00	 0000000000000,00	 0000000260077,00
1150100	 0000000080544,00	 0000000013377,00	 0000000000000,00	 0000000000000,00
1150200	 0000000005638,00	 0000000123394,00	 0000000000000,00	 0000000000000,00
1150300	 0000000000000,00	 0000000000000,00	 0000000000000,00	 0000000260077,00
1150400	 0000000045937,00	 0000000000000,00	 0000000000000,00	 0000000000000,00
1160000	 0000000000696,00	 0000000000000,00	 0000000000000,00	 0000000000000,00
1160100	 0000000000000,00	 0000000000000,00	 0000000000000,00	 0000000000000,00
1160200	 0000000000696,00	 0000000000000,00	 0000000000000,00	 0000000000000,00
1250000	 0000000127934,00	 0000000001141,00	 0000000000000,00	 0000000011695,00
1250100	 0000000124423,00	 0000000000000,00	 0000000000000,00	 0000000011695,00
1250200	 0000000003511,00	 0000000001141,00	 0000000000000,00	 0000000000000,00
1270000	 0000000000000,00	 0000000000000,00	 0000000000000,00	 0000000000000,00
1270100	 0000000000000,00	 0000000000000,00	 0000000000000,00	 0000000000000,00
1270112	 0000000000000,00	 0000000000000,00	 0000000000000,00	 0000000000000,00
1270113	 0000000000000,00	 0000000000000,00	 0000000000000,00	 0000000000000,00
1270116	 0000000000000,00	 0000000000000,00	 0000000000000,00	 0000000000000,00
1270117	 0000000000000,00	 0000000000000,00	 0000000000000,00	 0000000000000,00
1270118	 0000000000000,00	 0000000000000,00	 0000000000000,00	 0000000000000,00
1270190	 0000000000000,00	 0000000000000,00	 0000000000000,00	 0000000000000,00
1270200	 0000000000000,00	 0000000000000,00	 0000000000000,00	 0000000000000,00
1270202	 0000000000000,00	 0000000000000,00	 0000000000000,00	 0000000000000,00
1270203	 0000000000000,00	 0000000000000,00	 0000000000000,00	 0000000000000,00
1270206	 0000000000000,00	 0000000000000,00	 0000000000000,00	 0000000000000,00
1270207	 0000000000000,00	 0000000000000,00	 0000000000000,00	 0000000000000,00
1270208	 0000000000000,00	 0000000000000,00	 0000000000000,00	 0000000000000,00
1270290	 0000000000000,00	 0000000000000,00	 0000000000000,00	 0000000000000,00
1270300	 0000000000000,00	 0000000000000,00	 0000000000000,00	 0000000000000,00
1300000	 0000002530158,00	 0000003414223,00	 0000000122764,00	 0000000876581,00
1302000	 0000002462607,00	 0000001966572,00	 0000000122764,00	 0000000872689,00
1302100	 0000002186920,00	 0000001670762,00	 0000000065579,00	 0000000552758,00
1302101	 0000002186920,00	 0000001555107,00	 0000000065579,00	 0000000527985,00
1302102	 0000000000000,00	 0000000000000,00	 0000000000000,00	 0000000024773,00
1302170	 0000000000000,00	 0000000000133,00	 0000000000000,00	 0000000000000,00
1302180	 0000000000000,00	 0000000115522,00	 0000000000000,00	 0000000000000,00
1302200	 0000000006167,00	 0000000000000,00	 0000000000028,00	 0000000289560,00
1302201	 0000000000000,00	 0000000000000,00	 0000000000000,00	 0000000029484,00
1302202	 0000000006167,00	 0000000000000,00	 0000000000000,00	 0000000143847,00
1302241	 0000000000000,00	 0000000000000,00	 0000000000028,00	 0000000012533,00
1302242	 0000000000000,00	 0000000000000,00	 0000000000000,00	 0000000097264,00
1302281	 0000000000000,00	 0000000000000,00	 0000000000000,00	 0000000000590,00
1302282	 0000000000000,00	 0000000000000,00	 0000000000000,00	 0000000005842,00
1302300	 0000000046096,00	 0000000000000,00	 0000000000000,00	 0000000007817,00
1302500	 0000000092199,00	 0000000000602,00	 0000000000000,00	 0000000021961,00
1302600	 0000000000000,00	 0000000006819,00	 0000000000000,00	 0000000000000,00
1302601	 0000000000000,00	 0000000000000,00	 0000000000000,00	 0000000000000,00
1302602	 0000000000000,00	 0000000000011,00	 0000000000000,00	 0000000000000,00
1302604	 0000000000000,00	 0000000006808,00	 0000000000000,00	 0000000000000,00
1302800	 0000000126585,00	 0000000287864,00	 0000000056901,00	 0000000000000,00
1302900	 0000000004640,00	 0000000000525,00	 0000000000256,00	 0000000000593,00
1304000	 0000000000020,00	 0000001442927,00	 0000000000000,00	 0000000000000,00
1304100	 0000000000000,00	 0000000000263,00	 0000000000000,00	 0000000000000,00
1304101	 0000000000000,00	 0000000000263,00	 0000000000000,00	 0000000000000,00
1304102	 0000000000000,00	 0000000000000,00	 0000000000000,00	 0000000000000,00
1304200	 0000000000000,00	 0000000558433,00	 0000000000000,00	 0000000000000,00
1304400	 0000000000000,00	 0000000000000,00	 0000000000000,00	 0000000000000,00
1304500	 0000000000000,00	 0000000876735,00	 0000000000000,00	 0000000000000,00
1304600	 0000000000000,00	 0000000000000,00	 0000000000000,00	 0000000000000,00
1304800	 0000000000000,00	 0000000000134,00	 0000000000000,00	 0000000000000,00
1304900	 0000000000020,00	 0000000007362,00	 0000000000000,00	 0000000000000,00
1305000	 0000000185715,00	 0000000004724,00	 0000000000000,00	 0000000003892,00
1305100	 0000000125534,00	 0000000004724,00	 0000000000000,00	 0000000000000,00
1305300	 0000000009978,00	 0000000000000,00	 0000000000000,00	 0000000000000,00
1305400	 0000000050203,00	 0000000000000,00	 0000000000000,00	 0000000003892,00
1305800	 0000000000000,00	 0000000000000,00	 0000000000000,00	 0000000000000,00
1305900	 0000000000000,00	 0000000000000,00	 0000000000000,00	 0000000000000,00
1309000	-0000000118184,00	 0000000000000,00	 0000000000000,00	 0000000000000,00
1309100	-0000000113278,00	 0000000000000,00	 0000000000000,00	 0000000000000,00
1309200	-0000000001295,00	 0000000000000,00	 0000000000000,00	 0000000000000,00
1309300	-0000000003611,00	 0000000000000,00	 0000000000000,00	 0000000000000,00
1350000	 0000000665951,00	 0000000043100,00	 0000000000000,00	 0000000132336,00
1350100	 0000000633683,00	 0000000000000,00	 0000000000000,00	 0000000002215,00
1350200	 0000000032268,00	 0000000043100,00	 0000000000000,00	 0000000011066,00
1350300	 0000000000000,00	 0000000000000,00	 0000000000000,00	 0000000119055,00
1360000	 0000000000000,00	 0000000000000,00	 0000000000000,00	 0000000000000,00
1360100	 0000000000000,00	 0000000000000,00	 0000000000000,00	 0000000000000,00
1360200	 0000000000000,00	 0000000000000,00	 0000000000000,00	 0000000000000,00
1360300	 0000000000000,00	 0000000000000,00	 0000000000000,00	 0000000000000,00
1400000	 0000000000501,00	 0000000000000,00	 0000000000000,00	 0000000000000,00
1400100	 0000000000000,00	 0000000000000,00	 0000000000000,00	 0000000000000,00
1400101	 0000000000000,00	 0000000000000,00	 0000000000000,00	 0000000000000,00
1400103	 0000000000000,00	 0000000000000,00	 0000000000000,00	 0000000000000,00
1400200	 0000000000501,00	 0000000000000,00	 0000000000000,00	 0000000000000,00
1500000	 0000000010042,00	 0000000000000,00	 0000000000000,00	 0000000000000,00
1500100	 0000000000000,00	 0000000000000,00	 0000000000000,00	 0000000000000,00
1500200	 0000000010042,00	 0000000000000,00	 0000000000000,00	 0000000000000,00
1600000	 0000000041742,00	 0000000000000,00	 0000000000000,00	 0000000000000,00
1600100	 0000000014868,00	 0000000000000,00	 0000000000000,00	 0000000000000,00
1600200	 0000000026874,00	 0000000000000,00	 0000000000000,00	 0000000000000,00
1650000	 0000000000996,00	 0000000073572,00	 0000000000000,00	 0000000000000,00
1650100	 0000000000996,00	 0000000073572,00	 0000000000000,00	 0000000000000,00
1650200	 0000000000000,00	 0000000000000,00	 0000000000000,00	 0000000000000,00
1700000	 0000000001401,00	 0000000000000,00	 0000000000000,00	 0000000000000,00
1750000	 0000000044955,00	 0000000000000,00	 0000000000000,00	 0000000000000,00
1800000	 0000000176036,00	 0000000000642,00	 0000000000000,00	 0000000003834,00
1800100	 0000000025340,00	 0000000000000,00	 0000000000000,00	 0000000000833,00
1800200	 0000000000641,00	 0000000000000,00	 0000000000000,00	 0000000000000,00
1800900	 0000000150055,00	 0000000000642,00	 0000000000000,00	 0000000003001,00
2000000	 0000005074940,00	 0000002285413,00	 0000000069073,00	 0000001916331,00
2100000	 0000001807556,00	 0000000008815,00	 0000000000041,00	 0000000769315,00
2100100	 0000001578192,00	 0000000000000,00	 0000000000000,00	 0000000641487,00
2100109	 0000001193288,00	 0000000000000,00	 0000000000000,00	 0000000499858,00
2100110	 0000000384904,00	 0000000000000,00	 0000000000000,00	 0000000141629,00
2100200	 0000000147635,00	 0000000000000,00	 0000000000000,00	 0000000000000,00
2100300	 0000000081729,00	 0000000008815,00	 0000000000041,00	 0000000127828,00
2130000	 0000000052600,00	 0000000000000,00	 0000000000000,00	 0000000016005,00
2160000	 0000000063153,00	 0000000000000,00	 0000000000000,00	 0000000000000,00
2160100	 0000000049917,00	 0000000000000,00	 0000000000000,00	 0000000000000,00
2160200	 0000000013236,00	 0000000000000,00	 0000000000000,00	 0000000000000,00
2200000	 0000001670839,00	 0000000567640,00	 0000000000000,00	 0000000460207,00
2200100	 0000001670839,00	 0000000562804,00	 0000000000000,00	 0000000460207,00
2200200	 0000000000000,00	 0000000004836,00	 0000000000000,00	 0000000000000,00
2200900	 0000000000000,00	 0000000000000,00	 0000000000000,00	 0000000000000,00
2250000	 0000000184850,00	 0000000003377,00	 0000000000000,00	 0000000011477,00
2250100	 0000000164473,00	 0000000000000,00	 0000000000000,00	 0000000011477,00
2250200	 0000000020377,00	 0000000003377,00	 0000000000000,00	 0000000000000,00
2300000	 0000001059919,00	 0000000000000,00	 0000000000000,00	 0000000248244,00
2301000	 0000000016030,00	 0000000000000,00	 0000000000000,00	 0000000000000,00
2301001	 0000000000000,00	 0000000000000,00	 0000000000000,00	 0000000000000,00
2302000	 0000000000000,00	 0000000000000,00	 0000000000000,00	 0000000248244,00
2302100	 0000000000000,00	 0000000000000,00	 0000000000000,00	 0000000212678,00
2302200	 0000000000000,00	 0000000000000,00	 0000000000000,00	 0000000035566,00
2303000	 0000001043889,00	 0000000000000,00	 0000000000000,00	 0000000000000,00
2303100	 0000001043889,00	 0000000000000,00	 0000000000000,00	 0000000000000,00
2303900	 0000000000000,00	 0000000000000,00	 0000000000000,00	 0000000000000,00
2400000	 0000000035260,00	 0000001634751,00	 0000000000000,00	 0000000300801,00
2401000	 0000000000000,00	 0000000000526,00	 0000000000000,00	 0000000000000,00
2402000	 0000000035260,00	 0000001634225,00	 0000000000000,00	 0000000300801,00
2402100	 0000000035260,00	 0000001407578,00	 0000000000000,00	 0000000300801,00
2402200	 0000000000000,00	 0000000226647,00	 0000000000000,00	 0000000000000,00
2402300	 0000000000000,00	 0000000000000,00	 0000000000000,00	 0000000000000,00
2500000	 0000000006878,00	 0000000000003,00	 0000000065687,00	 0000000053545,00
2500100	 0000000000000,00	 0000000000003,00	 0000000065687,00	 0000000000000,00
2500200	 0000000006878,00	 0000000000000,00	 0000000000000,00	 0000000029484,00
2500300	 0000000000000,00	 0000000000000,00	 0000000000000,00	 0000000024061,00
2550000	 0000000000000,00	 0000000070782,00	 0000000000000,00	 0000000000000,00
2600000	 0000000011741,00	 0000000000000,00	 0000000000000,00	 0000000000000,00
2650000	 0000000000299,00	 0000000000000,00	 0000000000000,00	 0000000000000,00
2700000	 0000000112162,00	 0000000000000,00	 0000000000000,00	 0000000000000,00
2700100	 0000000015792,00	 0000000000000,00	 0000000000000,00	 0000000000000,00
2700200	 0000000031544,00	 0000000000000,00	 0000000000000,00	 0000000000000,00
2700300	 0000000010276,00	 0000000000000,00	 0000000000000,00	 0000000000000,00
2700400	 0000000054550,00	 0000000000000,00	 0000000000000,00	 0000000000000,00
2700401	 0000000000429,00	 0000000000000,00	 0000000000000,00	 0000000000000,00
2700402	 0000000000000,00	 0000000000000,00	 0000000000000,00	 0000000000000,00
2700411	 0000000043413,00	 0000000000000,00	 0000000000000,00	 0000000000000,00
2700412	 0000000008817,00	 0000000000000,00	 0000000000000,00	 0000000000000,00
2700413	 0000000001873,00	 0000000000000,00	 0000000000000,00	 0000000000000,00
2700421	 0000000000000,00	 0000000000000,00	 0000000000000,00	 0000000000000,00
2700422	 0000000000000,00	 0000000000000,00	 0000000000000,00	 0000000000000,00
2700423	 0000000000000,00	 0000000000000,00	 0000000000000,00	 0000000000000,00
2700490	 0000000000018,00	 0000000000000,00	 0000000000000,00	 0000000000000,00
2800000	 0000000069683,00	 0000000000045,00	 0000000003345,00	 0000000056737,00
3000000	 0000000649006,00	-0000000002309,00	 0000000000000,00	 0000000000000,00
3101000	 0000000032142,00	 0000000000000,00	 0000000000000,00	 0000000000000,00
3102000	 0000000005922,00	 0000000000000,00	 0000000000000,00	 0000000000000,00
3103000	-0000000046360,00	-0000000002309,00	 0000000000000,00	 0000000000000,00
3104000	 0000000657249,00	 0000000000000,00	 0000000000000,00	 0000000000000,00
3104100	 0000000583657,00	 0000000000000,00	 0000000000000,00	 0000000000000,00
3104200	 0000000105131,00	 0000000000000,00	 0000000000000,00	 0000000000000,00
3104300	-0000000031539,00	 0000000000000,00	 0000000000000,00	 0000000000000,00
3200000	 0000000000053,00	 0000000000000,00	 0000000000000,00	 0000000000000,00
5001000	 0000000648953,00	-0000000002309,00	 0000000000000,00	 0000000000000,00
5002000	 0000005723946,00	 0000002283104,00	 0000000069073,00	 0000001916331,00
5100000	 0000002648342,00	 0000003414223,00	 0000000122764,00	 0000000876581,00
