051	BANCO FALABELLA
1000000	 0000001776635,00	 0000000668321,00	 0000000000000,00	 0000000035846,00
1100000	 0000000084039,00	 0000000000000,00	 0000000000000,00	 0000000005026,00
1100100	 0000000071998,00	 0000000000000,00	 0000000000000,00	 0000000001866,00
1100200	 0000000011093,00	 0000000000000,00	 0000000000000,00	 0000000001882,00
1100300	 0000000000948,00	 0000000000000,00	 0000000000000,00	 0000000000167,00
1100400	 0000000000000,00	 0000000000000,00	 0000000000000,00	 0000000001111,00
1130000	 0000000035833,00	 0000000000000,00	 0000000000000,00	 0000000029798,00
1130100	 0000000003497,00	 0000000000000,00	 0000000000000,00	 0000000000000,00
1130200	 0000000032336,00	 0000000000000,00	 0000000000000,00	 0000000029798,00
1150000	 0000000106129,00	 0000000027229,00	 0000000000000,00	 0000000000000,00
1150100	 0000000007229,00	 0000000027229,00	 0000000000000,00	 0000000000000,00
1150200	 0000000000000,00	 0000000000000,00	 0000000000000,00	 0000000000000,00
1150300	 0000000000000,00	 0000000000000,00	 0000000000000,00	 0000000000000,00
1150400	 0000000098900,00	 0000000000000,00	 0000000000000,00	 0000000000000,00
1160000	 0000000000000,00	 0000000000000,00	 0000000000000,00	 0000000000000,00
1160100	 0000000000000,00	 0000000000000,00	 0000000000000,00	 0000000000000,00
1160200	 0000000000000,00	 0000000000000,00	 0000000000000,00	 0000000000000,00
1250000	 0000000026254,00	 0000000000000,00	 0000000000000,00	 0000000000059,00
1250100	 0000000026254,00	 0000000000000,00	 0000000000000,00	 0000000000059,00
1250200	 0000000000000,00	 0000000000000,00	 0000000000000,00	 0000000000000,00
1270000	 0000000000000,00	 0000000000000,00	 0000000000000,00	 0000000000000,00
1270100	 0000000000000,00	 0000000000000,00	 0000000000000,00	 0000000000000,00
1270112	 0000000000000,00	 0000000000000,00	 0000000000000,00	 0000000000000,00
1270113	 0000000000000,00	 0000000000000,00	 0000000000000,00	 0000000000000,00
1270116	 0000000000000,00	 0000000000000,00	 0000000000000,00	 0000000000000,00
1270117	 0000000000000,00	 0000000000000,00	 0000000000000,00	 0000000000000,00
1270118	 0000000000000,00	 0000000000000,00	 0000000000000,00	 0000000000000,00
1270190	 0000000000000,00	 0000000000000,00	 0000000000000,00	 0000000000000,00
1270200	 0000000000000,00	 0000000000000,00	 0000000000000,00	 0000000000000,00
1270202	 0000000000000,00	 0000000000000,00	 0000000000000,00	 0000000000000,00
1270203	 0000000000000,00	 0000000000000,00	 0000000000000,00	 0000000000000,00
1270206	 0000000000000,00	 0000000000000,00	 0000000000000,00	 0000000000000,00
1270207	 0000000000000,00	 0000000000000,00	 0000000000000,00	 0000000000000,00
1270208	 0000000000000,00	 0000000000000,00	 0000000000000,00	 0000000000000,00
1270290	 0000000000000,00	 0000000000000,00	 0000000000000,00	 0000000000000,00
1270300	 0000000000000,00	 0000000000000,00	 0000000000000,00	 0000000000000,00
1300000	 0000000964318,00	 0000000551916,00	 0000000000000,00	 0000000000787,00
1302000	 0000000000055,00	 0000000113414,00	 0000000000000,00	 0000000000000,00
1302100	 0000000000020,00	 0000000007308,00	 0000000000000,00	 0000000000000,00
1302101	 0000000000020,00	 0000000004306,00	 0000000000000,00	 0000000000000,00
1302102	 0000000000000,00	 0000000000000,00	 0000000000000,00	 0000000000000,00
1302170	 0000000000000,00	 0000000000813,00	 0000000000000,00	 0000000000000,00
1302180	 0000000000000,00	 0000000002189,00	 0000000000000,00	 0000000000000,00
1302200	 0000000000000,00	 0000000000000,00	 0000000000000,00	 0000000000000,00
1302201	 0000000000000,00	 0000000000000,00	 0000000000000,00	 0000000000000,00
1302202	 0000000000000,00	 0000000000000,00	 0000000000000,00	 0000000000000,00
1302241	 0000000000000,00	 0000000000000,00	 0000000000000,00	 0000000000000,00
1302242	 0000000000000,00	 0000000000000,00	 0000000000000,00	 0000000000000,00
1302281	 0000000000000,00	 0000000000000,00	 0000000000000,00	 0000000000000,00
1302282	 0000000000000,00	 0000000000000,00	 0000000000000,00	 0000000000000,00
1302300	 0000000000029,00	 0000000000000,00	 0000000000000,00	 0000000000000,00
1302500	 0000000000000,00	 0000000000000,00	 0000000000000,00	 0000000000000,00
1302600	 0000000000006,00	 0000000106106,00	 0000000000000,00	 0000000000000,00
1302601	 0000000000006,00	 0000000078724,00	 0000000000000,00	 0000000000000,00
1302602	 0000000000000,00	 0000000019457,00	 0000000000000,00	 0000000000000,00
1302604	 0000000000000,00	 0000000007925,00	 0000000000000,00	 0000000000000,00
1302800	 0000000000000,00	 0000000000000,00	 0000000000000,00	 0000000000000,00
1302900	 0000000000000,00	 0000000000000,00	 0000000000000,00	 0000000000000,00
1304000	 0000000000077,00	 0000000438502,00	 0000000000000,00	 0000000000000,00
1304100	 0000000000019,00	 0000000094087,00	 0000000000000,00	 0000000000000,00
1304101	 0000000000019,00	 0000000094087,00	 0000000000000,00	 0000000000000,00
1304102	 0000000000000,00	 0000000000000,00	 0000000000000,00	 0000000000000,00
1304200	 0000000000008,00	 0000000081651,00	 0000000000000,00	 0000000000000,00
1304400	 0000000000000,00	 0000000000000,00	 0000000000000,00	 0000000000000,00
1304500	 0000000000046,00	 0000000238150,00	 0000000000000,00	 0000000000000,00
1304600	 0000000000000,00	 0000000000000,00	 0000000000000,00	 0000000000000,00
1304800	 0000000000000,00	 0000000000000,00	 0000000000000,00	 0000000000000,00
1304900	 0000000000004,00	 0000000024614,00	 0000000000000,00	 0000000000000,00
1305000	 0000001042830,00	 0000000000000,00	 0000000000000,00	 0000000000787,00
1305100	 0000000974452,00	 0000000000000,00	 0000000000000,00	 0000000000000,00
1305300	 0000000051675,00	 0000000000000,00	 0000000000000,00	 0000000000000,00
1305400	 0000000016703,00	 0000000000000,00	 0000000000000,00	 0000000000787,00
1305800	 0000000000000,00	 0000000000000,00	 0000000000000,00	 0000000000000,00
1305900	 0000000000000,00	 0000000000000,00	 0000000000000,00	 0000000000000,00
1309000	-0000000078644,00	 0000000000000,00	 0000000000000,00	 0000000000000,00
1309100	-0000000004972,00	 0000000000000,00	 0000000000000,00	 0000000000000,00
1309200	-0000000004431,00	 0000000000000,00	 0000000000000,00	 0000000000000,00
1309300	-0000000069241,00	 0000000000000,00	 0000000000000,00	 0000000000000,00
1350000	 0000000486044,00	 0000000088771,00	 0000000000000,00	 0000000000000,00
1350100	 0000000179888,00	 0000000010222,00	 0000000000000,00	 0000000000000,00
1350200	 0000000306156,00	 0000000078549,00	 0000000000000,00	 0000000000000,00
1350300	 0000000000000,00	 0000000000000,00	 0000000000000,00	 0000000000000,00
1360000	 0000000000000,00	 0000000000000,00	 0000000000000,00	 0000000000000,00
1360100	 0000000000000,00	 0000000000000,00	 0000000000000,00	 0000000000000,00
1360200	 0000000000000,00	 0000000000000,00	 0000000000000,00	 0000000000000,00
1360300	 0000000000000,00	 0000000000000,00	 0000000000000,00	 0000000000000,00
1400000	 0000000000240,00	 0000000000000,00	 0000000000000,00	 0000000000000,00
1400100	 0000000000000,00	 0000000000000,00	 0000000000000,00	 0000000000000,00
1400101	 0000000000000,00	 0000000000000,00	 0000000000000,00	 0000000000000,00
1400103	 0000000000000,00	 0000000000000,00	 0000000000000,00	 0000000000000,00
1400200	 0000000000240,00	 0000000000000,00	 0000000000000,00	 0000000000000,00
1500000	 0000000023868,00	 0000000000000,00	 0000000000000,00	 0000000000000,00
1500100	 0000000000000,00	 0000000000000,00	 0000000000000,00	 0000000000000,00
1500200	 0000000023868,00	 0000000000000,00	 0000000000000,00	 0000000000000,00
1600000	 0000000014486,00	 0000000000000,00	 0000000000000,00	 0000000000000,00
1600100	 0000000007497,00	 0000000000000,00	 0000000000000,00	 0000000000000,00
1600200	 0000000006989,00	 0000000000000,00	 0000000000000,00	 0000000000000,00
1700000	 0000000000000,00	 0000000000000,00	 0000000000000,00	 0000000000000,00
1750000	 0000000023609,00	 0000000000000,00	 0000000000000,00	 0000000000000,00
1800000	 0000000011815,00	 0000000000405,00	 0000000000000,00	 0000000000176,00
1800100	 0000000000000,00	 0000000000000,00	 0000000000000,00	 0000000000000,00
1800200	 0000000000336,00	 0000000000000,00	 0000000000000,00	 0000000000000,00
1800900	 0000000011479,00	 0000000000405,00	 0000000000000,00	 0000000000176,00
2000000	 0000001624742,00	 0000000412997,00	 0000000000000,00	 0000000208410,00
2100000	 0000000357986,00	 0000000009624,00	 0000000000000,00	 0000000000108,00
2100100	 0000000256617,00	 0000000000000,00	 0000000000000,00	 0000000000000,00
2100109	 0000000005639,00	 0000000000000,00	 0000000000000,00	 0000000000000,00
2100110	 0000000250978,00	 0000000000000,00	 0000000000000,00	 0000000000000,00
2100200	 0000000080987,00	 0000000000000,00	 0000000000000,00	 0000000000000,00
2100300	 0000000020382,00	 0000000009624,00	 0000000000000,00	 0000000000108,00
2130000	 0000000039052,00	 0000000000000,00	 0000000000000,00	 0000000032234,00
2160000	 0000000000000,00	 0000000000000,00	 0000000000000,00	 0000000000000,00
2160100	 0000000000000,00	 0000000000000,00	 0000000000000,00	 0000000000000,00
2160200	 0000000000000,00	 0000000000000,00	 0000000000000,00	 0000000000000,00
2200000	 0000001103524,00	 0000000065609,00	 0000000000000,00	 0000000175980,00
2200100	 0000000788589,00	 0000000006719,00	 0000000000000,00	 0000000175962,00
2200200	 0000000000000,00	 0000000058268,00	 0000000000000,00	 0000000000000,00
2200900	 0000000314935,00	 0000000000622,00	 0000000000000,00	 0000000000018,00
2250000	 0000000035083,00	 0000000000000,00	 0000000000000,00	 0000000000066,00
2250100	 0000000035083,00	 0000000000000,00	 0000000000000,00	 0000000000066,00
2250200	 0000000000000,00	 0000000000000,00	 0000000000000,00	 0000000000000,00
2300000	 0000000000000,00	 0000000000000,00	 0000000000000,00	 0000000000000,00
2301000	 0000000000000,00	 0000000000000,00	 0000000000000,00	 0000000000000,00
2301001	 0000000000000,00	 0000000000000,00	 0000000000000,00	 0000000000000,00
2302000	 0000000000000,00	 0000000000000,00	 0000000000000,00	 0000000000000,00
2302100	 0000000000000,00	 0000000000000,00	 0000000000000,00	 0000000000000,00
2302200	 0000000000000,00	 0000000000000,00	 0000000000000,00	 0000000000000,00
2303000	 0000000000000,00	 0000000000000,00	 0000000000000,00	 0000000000000,00
2303100	 0000000000000,00	 0000000000000,00	 0000000000000,00	 0000000000000,00
2303900	 0000000000000,00	 0000000000000,00	 0000000000000,00	 0000000000000,00
2400000	 0000000031107,00	 0000000297654,00	 0000000000000,00	 0000000000000,00
2401000	 0000000000000,00	 0000000096872,00	 0000000000000,00	 0000000000000,00
2402000	 0000000031107,00	 0000000200782,00	 0000000000000,00	 0000000000000,00
2402100	 0000000030543,00	 0000000162962,00	 0000000000000,00	 0000000000000,00
2402200	 0000000000564,00	 0000000037820,00	 0000000000000,00	 0000000000000,00
2402300	 0000000000000,00	 0000000000000,00	 0000000000000,00	 0000000000000,00
2500000	 0000000004777,00	 0000000034220,00	 0000000000000,00	 0000000000000,00
2500100	 0000000000000,00	 0000000034220,00	 0000000000000,00	 0000000000000,00
2500200	 0000000004777,00	 0000000000000,00	 0000000000000,00	 0000000000000,00
2500300	 0000000000000,00	 0000000000000,00	 0000000000000,00	 0000000000000,00
2600000	 0000000000628,00	 0000000000000,00	 0000000000000,00	 0000000000000,00
2650000	 0000000011784,00	 0000000000000,00	 0000000000000,00	 0000000000000,00
2700000	 0000000015625,00	 0000000000000,00	 0000000000000,00	 0000000000000,00
2700100	 0000000003522,00	 0000000000000,00	 0000000000000,00	 0000000000000,00
2700200	 0000000010781,00	 0000000000000,00	 0000000000000,00	 0000000000000,00
2700300	 0000000001320,00	 0000000000000,00	 0000000000000,00	 0000000000000,00
2700400	 0000000000002,00	 0000000000000,00	 0000000000000,00	 0000000000000,00
2700401	 0000000000000,00	 0000000000000,00	 0000000000000,00	 0000000000000,00
2700402	 0000000000000,00	 0000000000000,00	 0000000000000,00	 0000000000000,00
2700411	 0000000000000,00	 0000000000000,00	 0000000000000,00	 0000000000000,00
2700412	 0000000000000,00	 0000000000000,00	 0000000000000,00	 0000000000000,00
2700413	 0000000000000,00	 0000000000000,00	 0000000000000,00	 0000000000000,00
2700421	 0000000000000,00	 0000000000000,00	 0000000000000,00	 0000000000000,00
2700422	 0000000000000,00	 0000000000000,00	 0000000000000,00	 0000000000000,00
2700423	 0000000000002,00	 0000000000000,00	 0000000000000,00	 0000000000000,00
2700490	 0000000000000,00	 0000000000000,00	 0000000000000,00	 0000000000000,00
2800000	 0000000025176,00	 0000000005890,00	 0000000000000,00	 0000000000022,00
3000000	 0000000234653,00	 0000000000000,00	 0000000000000,00	 0000000000000,00
3101000	 0000000035286,00	 0000000000000,00	 0000000000000,00	 0000000000000,00
3102000	 0000000173639,00	 0000000000000,00	 0000000000000,00	 0000000000000,00
3103000	 0000000000566,00	 0000000000000,00	 0000000000000,00	 0000000000000,00
3104000	 0000000025155,00	 0000000000000,00	 0000000000000,00	 0000000000000,00
3104100	 0000000000000,00	 0000000000000,00	 0000000000000,00	 0000000000000,00
3104200	 0000000035936,00	 0000000000000,00	 0000000000000,00	 0000000000000,00
3104300	-0000000010781,00	 0000000000000,00	 0000000000000,00	 0000000000000,00
3200000	 0000000000007,00	 0000000000000,00	 0000000000000,00	 0000000000000,00
5001000	 0000000234646,00	 0000000000000,00	 0000000000000,00	 0000000000000,00
5002000	 0000001859395,00	 0000000412997,00	 0000000000000,00	 0000000208410,00
5100000	 0000001042962,00	 0000000551916,00	 0000000000000,00	 0000000000787,00
