027	CORPBANCA                                                               
1000000	 0000004900328,00	 0000003998755,00	 0000000017552,00	 0000004423400,00
1100000	 0000000128329,00	 0000000000000,00	 0000000000000,00	 0000000443521,00
1100100	 0000000094540,00	 0000000000000,00	 0000000000000,00	 0000000036366,00
1100200	 0000000031684,00	 0000000000000,00	 0000000000000,00	 0000000011797,00
1100300	 0000000002073,00	 0000000000000,00	 0000000000000,00	 0000000000699,00
1100400	 0000000000032,00	 0000000000000,00	 0000000000000,00	 0000000394659,00
1130000	 0000000125048,00	 0000000000000,00	 0000000000000,00	 0000000083713,00
1130100	 0000000027022,00	 0000000000000,00	 0000000000000,00	 0000000003570,00
1130200	 0000000098026,00	 0000000000000,00	 0000000000000,00	 0000000080143,00
1150000	 0000000030914,00	 0000000001946,00	 0000000000000,00	 0000000218667,00
1150100	 0000000000694,00	 0000000000056,00	 0000000000000,00	 0000000000000,00
1150200	 0000000022128,00	 0000000001890,00	 0000000000000,00	 0000000000339,00
1150300	 0000000000000,00	 0000000000000,00	 0000000000000,00	 0000000218328,00
1150400	 0000000008092,00	 0000000000000,00	 0000000000000,00	 0000000000000,00
1160000	 0000000046036,00	 0000000001019,00	 0000000000000,00	 0000000142933,00
1160100	 0000000000000,00	 0000000000000,00	 0000000000000,00	 0000000000000,00
1160200	 0000000046036,00	 0000000001019,00	 0000000000000,00	 0000000142933,00
1250000	 0000000098254,00	 0000000000000,00	 0000000000000,00	 0000000152661,00
1250100	 0000000092588,00	 0000000000000,00	 0000000000000,00	 0000000152661,00
1250200	 0000000005666,00	 0000000000000,00	 0000000000000,00	 0000000000000,00
1270000	 0000000145013,00	 0000000000000,00	 0000000000000,00	 0000000094175,00
1270100	 0000000000000,00	 0000000000000,00	 0000000000000,00	 0000000000000,00
1270112	 0000000000000,00	 0000000000000,00	 0000000000000,00	 0000000000000,00
1270113	 0000000000000,00	 0000000000000,00	 0000000000000,00	 0000000000000,00
1270116	 0000000000000,00	 0000000000000,00	 0000000000000,00	 0000000000000,00
1270117	 0000000000000,00	 0000000000000,00	 0000000000000,00	 0000000000000,00
1270118	 0000000000000,00	 0000000000000,00	 0000000000000,00	 0000000000000,00
1270190	 0000000000000,00	 0000000000000,00	 0000000000000,00	 0000000000000,00
1270200	-0000000000044,00	 0000000000000,00	 0000000000000,00	 0000000094175,00
1270202	 0000000000000,00	 0000000000000,00	 0000000000000,00	 0000000000000,00
1270203	 0000000000000,00	 0000000000000,00	 0000000000000,00	 0000000066385,00
1270206	 0000000000000,00	 0000000000000,00	 0000000000000,00	 0000000016849,00
1270207	 0000000000000,00	 0000000000000,00	 0000000000000,00	 0000000000000,00
1270208	 0000000000000,00	 0000000000000,00	 0000000000000,00	 0000000000000,00
1270290	-0000000000044,00	 0000000000000,00	 0000000000000,00	-0000000000160,00
1270300	 0000000145057,00	 0000000000000,00	 0000000000000,00	 0000000000000,00
1300000	 0000003231556,00	 0000003637445,00	 0000000010225,00	 0000003044740,00
1302000	 0000002869879,00	 0000002218249,00	 0000000010225,00	 0000002335351,00
1302100	 0000002687586,00	 0000001816363,00	 0000000002500,00	 0000001886836,00
1302101	 0000002687586,00	 0000001766170,00	 0000000002500,00	 0000000636078,00
1302102	 0000000000000,00	 0000000000000,00	 0000000000000,00	 0000001250758,00
1302170	 0000000000000,00	 0000000049031,00	 0000000000000,00	 0000000000000,00
1302180	 0000000000000,00	 0000000001162,00	 0000000000000,00	 0000000000000,00
1302200	 0000000019973,00	 0000000000010,00	 0000000000000,00	 0000000416213,00
1302201	 0000000000000,00	 0000000000000,00	 0000000000000,00	 0000000000000,00
1302202	 0000000019813,00	 0000000000000,00	 0000000000000,00	 0000000160102,00
1302241	 0000000000000,00	 0000000000010,00	 0000000000000,00	 0000000015768,00
1302242	 0000000000160,00	 0000000000000,00	 0000000000000,00	 0000000161945,00
1302281	 0000000000000,00	 0000000000000,00	 0000000000000,00	 0000000000000,00
1302282	 0000000000000,00	 0000000000000,00	 0000000000000,00	 0000000078398,00
1302300	 0000000011040,00	 0000000000000,00	 0000000000000,00	 0000000025275,00
1302500	 0000000060725,00	 0000000003087,00	 0000000000000,00	 0000000004100,00
1302800	 0000000088192,00	 0000000242308,00	 0000000007725,00	 0000000000524,00
1302900	 0000000002363,00	 0000000156481,00	 0000000000000,00	 0000000002403,00
1304000	 0000000002647,00	 0000001405907,00	 0000000000000,00	 0000000154769,00
1304100	 0000000000020,00	 0000000083123,00	 0000000000000,00	 0000000000000,00
1304101	 0000000000013,00	 0000000074201,00	 0000000000000,00	 0000000000000,00
1304102	 0000000000007,00	 0000000008922,00	 0000000000000,00	 0000000000000,00
1304200	 0000000000000,00	 0000000211126,00	 0000000000000,00	 0000000000000,00
1304500	 0000000002627,00	 0000001070904,00	 0000000000000,00	 0000000154769,00
1304600	 0000000000000,00	 0000000000000,00	 0000000000000,00	 0000000000000,00
1304800	 0000000000000,00	 0000000000060,00	 0000000000000,00	 0000000000000,00
1304900	 0000000000000,00	 0000000040694,00	 0000000000000,00	 0000000000000,00
1305000	 0000000466144,00	 0000000013289,00	 0000000000000,00	 0000000617868,00
1305100	 0000000267387,00	 0000000012847,00	 0000000000000,00	 0000000518039,00
1305300	 0000000030201,00	 0000000000000,00	 0000000000000,00	 0000000002997,00
1305400	 0000000051937,00	 0000000000000,00	 0000000000000,00	 0000000096832,00
1305800	 0000000000281,00	 0000000000442,00	 0000000000000,00	 0000000000000,00
1305900	 0000000116338,00	 0000000000000,00	 0000000000000,00	 0000000000000,00
1309000	-0000000107114,00	 0000000000000,00	 0000000000000,00	-0000000063248,00
1309100	-0000000078073,00	 0000000000000,00	 0000000000000,00	-0000000025328,00
1309200	-0000000006556,00	 0000000000000,00	 0000000000000,00	-0000000005076,00
1309300	-0000000022485,00	 0000000000000,00	 0000000000000,00	-0000000032844,00
1350000	 0000000473378,00	 0000000349063,00	 0000000007327,00	 0000000063030,00
1350100	 0000000349980,00	 0000000088594,00	 0000000000000,00	 0000000000000,00
1350200	 0000000123398,00	 0000000260469,00	 0000000007327,00	 0000000028547,00
1350300	 0000000000000,00	 0000000000000,00	 0000000000000,00	 0000000034483,00
1360000	 0000000000000,00	 0000000009258,00	 0000000000000,00	 0000000107181,00
1360100	 0000000000000,00	 0000000000000,00	 0000000000000,00	 0000000000000,00
1360200	 0000000000000,00	 0000000009258,00	 0000000000000,00	 0000000000000,00
1360300	 0000000000000,00	 0000000000000,00	 0000000000000,00	 0000000107181,00
1400000	 0000000003607,00	 0000000000000,00	 0000000000000,00	 0000000002208,00
1400100	 0000000000000,00	 0000000000000,00	 0000000000000,00	 0000000000000,00
1400101	 0000000000000,00	 0000000000000,00	 0000000000000,00	 0000000000000,00
1400102	 0000000000000,00	 0000000000000,00	 0000000000000,00	 0000000000000,00
1400103	 0000000000000,00	 0000000000000,00	 0000000000000,00	 0000000000000,00
1400200	 0000000003607,00	 0000000000000,00	 0000000000000,00	 0000000002208,00
1500000	 0000000435595,00	 0000000000000,00	 0000000000000,00	 0000000021862,00
1500100	 0000000187353,00	 0000000000000,00	 0000000000000,00	 0000000004312,00
1500200	 0000000248242,00	 0000000000000,00	 0000000000000,00	 0000000017550,00
1600000	 0000000054459,00	 0000000000000,00	 0000000000000,00	 0000000008371,00
1600100	 0000000042495,00	 0000000000000,00	 0000000000000,00	 0000000003483,00
1600200	 0000000011964,00	 0000000000000,00	 0000000000000,00	 0000000004888,00
1700000	 0000000000000,00	 0000000000000,00	 0000000000000,00	 0000000000000,00
1750000	 0000000031988,00	 0000000000000,00	 0000000000000,00	 0000000008202,00
1800000	 0000000096151,00	 0000000000024,00	 0000000000000,00	 0000000032136,00
1800100	 0000000017954,00	 0000000000000,00	 0000000000000,00	 0000000000000,00
1800200	 0000000001823,00	 0000000000000,00	 0000000000000,00	 0000000000000,00
1800900	 0000000076374,00	 0000000000024,00	 0000000000000,00	 0000000032136,00
2000000	 0000005159277,00	 0000002414828,00	 0000000001186,00	 0000004489962,00
2100000	 0000000692623,00	 0000000010049,00	 0000000000000,00	 0000000615688,00
2100100	 0000000486349,00	 0000000000000,00	 0000000000000,00	 0000000292468,00
2100109	 0000000348995,00	 0000000000000,00	 0000000000000,00	 0000000235073,00
2100110	 0000000137350,00	 0000000000000,00	 0000000000000,00	 0000000057091,00
2100200	 0000000068217,00	 0000000000000,00	 0000000000000,00	 0000000292249,00
2100300	 0000000138057,00	 0000000010049,00	 0000000000000,00	 0000000030971,00
2130000	 0000000085256,00	 0000000000000,00	 0000000000000,00	 0000000086971,00
2160000	 0000000035498,00	 0000000000000,00	 0000000000000,00	 0000000211568,00
2160100	 0000000000000,00	 0000000000000,00	 0000000000000,00	 0000000000000,00
2160200	 0000000035498,00	 0000000000000,00	 0000000000000,00	 0000000211568,00
2200000	 0000004048156,00	 0000000650319,00	 0000000000001,00	 0000001939940,00
2200100	 0000004047862,00	 0000000642116,00	 0000000000001,00	 0000001877407,00
2200200	 0000000000033,00	 0000000008151,00	 0000000000000,00	 0000000016268,00
2200900	 0000000000261,00	 0000000000052,00	 0000000000000,00	 0000000046265,00
2250000	 0000000089877,00	 0000000000066,00	 0000000000000,00	 0000000094705,00
2250100	 0000000086530,00	 0000000000066,00	 0000000000000,00	 0000000094511,00
2250200	 0000000003347,00	 0000000000000,00	 0000000000000,00	 0000000000194,00
2300000	 0000000001114,00	 0000000000000,00	 0000000000000,00	 0000000924544,00
2301000	 0000000001550,00	 0000000000000,00	 0000000000000,00	 0000000000000,00
2301001	 0000000000000,00	 0000000000000,00	 0000000000000,00	 0000000000000,00
2302000	-0000000000436,00	 0000000000000,00	 0000000000000,00	 0000000924544,00
2302100	 0000000000000,00	 0000000000000,00	 0000000000000,00	 0000000308912,00
2302200	-0000000000436,00	 0000000000000,00	 0000000000000,00	 0000000615632,00
2303000	 0000000000000,00	 0000000000000,00	 0000000000000,00	 0000000000000,00
2303100	 0000000000000,00	 0000000000000,00	 0000000000000,00	 0000000000000,00
2303900	 0000000000000,00	 0000000000000,00	 0000000000000,00	 0000000000000,00
2400000	 0000000046054,00	 0000001744492,00	 0000000000000,00	 0000000514527,00
2401000	 0000000000023,00	 0000000139393,00	 0000000000000,00	 0000000000000,00
2402000	 0000000046031,00	 0000001605099,00	 0000000000000,00	 0000000514527,00
2402100	 0000000046031,00	 0000000992907,00	 0000000000000,00	 0000000374246,00
2402200	 0000000000000,00	 0000000612192,00	 0000000000000,00	 0000000140281,00
2500000	 0000000005700,00	 0000000008575,00	 0000000001185,00	 0000000001648,00
2500100	 0000000000622,00	 0000000008575,00	 0000000001185,00	 0000000000000,00
2500200	 0000000005078,00	 0000000000000,00	 0000000000000,00	 0000000000000,00
2500300	 0000000000000,00	 0000000000000,00	 0000000000000,00	 0000000001648,00
2600000	 0000000003621,00	 0000000000000,00	 0000000000000,00	 0000000005664,00
2650000	 0000000092413,00	 0000000000000,00	 0000000000000,00	 0000000014928,00
2700000	 0000000031467,00	 0000000000000,00	 0000000000000,00	 0000000046590,00
2700100	 0000000004419,00	 0000000000000,00	 0000000000000,00	 0000000041736,00
2700200	 0000000014420,00	 0000000000000,00	 0000000000000,00	 0000000000000,00
2700300	 0000000005748,00	 0000000000000,00	 0000000000000,00	 0000000001504,00
2700400	 0000000006880,00	 0000000000000,00	 0000000000000,00	 0000000003350,00
2700401	 0000000000848,00	 0000000000000,00	 0000000000000,00	 0000000002205,00
2700402	 0000000000000,00	 0000000000000,00	 0000000000000,00	 0000000000000,00
2700411	 0000000004000,00	 0000000000000,00	 0000000000000,00	 0000000000000,00
2700412	 0000000000000,00	 0000000000000,00	 0000000000000,00	 0000000000000,00
2700413	 0000000000000,00	 0000000000000,00	 0000000000000,00	 0000000000000,00
2700421	 0000000000000,00	 0000000000000,00	 0000000000000,00	 0000000000000,00
2700422	 0000000000000,00	 0000000000000,00	 0000000000000,00	 0000000000000,00
2700423	 0000000000000,00	 0000000000000,00	 0000000000000,00	 0000000000000,00
2700490	 0000000002032,00	 0000000000000,00	 0000000000000,00	 0000000001145,00
2800000	 0000000027498,00	 0000000001327,00	 0000000000000,00	 0000000033189,00
3000000	 0000001227897,00	 0000000027860,00	-0000000000079,00	 0000000019104,00
3101000	 0000000781559,00	 0000000000000,00	 0000000000000,00	 0000000000000,00
3102000	 0000000424728,00	 0000000000000,00	 0000000000000,00	 0000000000000,00
3103000	-0000000057550,00	 0000000000000,00	 0000000000000,00	 0000000000000,00
3104000	 0000000029078,00	 0000000027860,00	-0000000000079,00	 0000000017600,00
3104100	 0000000060040,00	 0000000000000,00	 0000000000000,00	 0000000000000,00
3104200	-0000000016542,00	 0000000027860,00	-0000000000079,00	 0000000017600,00
3104300	-0000000014420,00	 0000000000000,00	 0000000000000,00	 0000000000000,00
3200000	 0000000050082,00	 0000000000000,00	 0000000000000,00	 0000000001504,00
5001000	 0000001177815,00	 0000000027860,00	-0000000000079,00	 0000000017600,00
5002000	 0000006387174,00	 0000002442688,00	 0000000001107,00	 0000004509066,00
5100000	 0000003338670,00	 0000003637445,00	 0000000010225,00	 0000003107988,00
