504	BANCO BILBAO VIZCAYA ARGENTARIA, CHILE                                  
1000000	 0000003644734,00	 0000002791286,00	 0000000016934,00	 0000000868026,00
1100000	 0000000143784,00	 0000000000000,00	 0000000000000,00	 0000000073718,00
1100100	 0000000070379,00	 0000000000000,00	 0000000000000,00	 0000000005372,00
1100200	 0000000072508,00	 0000000000000,00	 0000000000000,00	 0000000001289,00
1100300	 0000000000897,00	 0000000000000,00	 0000000000000,00	 0000000000000,00
1100400	 0000000000000,00	 0000000000000,00	 0000000000000,00	 0000000067057,00
1130000	 0000000055993,00	 0000000000000,00	 0000000000000,00	 0000000049680,00
1130100	 0000000026833,00	 0000000000000,00	 0000000000000,00	 0000000001834,00
1130200	 0000000029160,00	 0000000000000,00	 0000000000000,00	 0000000047846,00
1150000	 0000000530909,00	 0000000186337,00	 0000000000000,00	 0000000000000,00
1150100	 0000000282306,00	 0000000092791,00	 0000000000000,00	 0000000000000,00
1150200	 0000000199383,00	 0000000093546,00	 0000000000000,00	 0000000000000,00
1150300	 0000000000000,00	 0000000000000,00	 0000000000000,00	 0000000000000,00
1150400	 0000000049220,00	 0000000000000,00	 0000000000000,00	 0000000000000,00
1160000	 0000000054709,00	 0000000000000,00	 0000000000000,00	 0000000000202,00
1160100	 0000000000000,00	 0000000000000,00	 0000000000000,00	 0000000000000,00
1160200	 0000000054709,00	 0000000000000,00	 0000000000000,00	 0000000000202,00
1250000	 0000000449469,00	 0000000000000,00	 0000000000000,00	 0000000000000,00
1250100	 0000000449469,00	 0000000000000,00	 0000000000000,00	 0000000000000,00
1250200	 0000000000000,00	 0000000000000,00	 0000000000000,00	 0000000000000,00
1270000	 0000000000000,00	 0000000000000,00	 0000000000000,00	 0000000086777,00
1270100	 0000000000000,00	 0000000000000,00	 0000000000000,00	 0000000000000,00
1270101	 0000000000000,00	 0000000000000,00	 0000000000000,00	 0000000000000,00
1270111	 0000000000000,00	 0000000000000,00	 0000000000000,00	 0000000000000,00
1270190	 0000000000000,00	 0000000000000,00	 0000000000000,00	 0000000000000,00
1270200	 0000000000000,00	 0000000000000,00	 0000000000000,00	 0000000086777,00
1270201	 0000000000000,00	 0000000000000,00	 0000000000000,00	 0000000000000,00
1270290	 0000000000000,00	 0000000000000,00	 0000000000000,00	-0000000000397,00
1300000	 0000001965416,00	 0000002591835,00	 0000000016934,00	 0000000620104,00
1302000	 0000001488650,00	 0000000977379,00	 0000000016934,00	 0000000619098,00
1302100	 0000001208418,00	 0000000847295,00	 0000000000000,00	 0000000176055,00
1302101	 0000001208418,00	 0000000816413,00	 0000000000000,00	 0000000156789,00
1302102	 0000000000000,00	 0000000000000,00	 0000000000000,00	 0000000019266,00
1302170	 0000000000000,00	 0000000024166,00	 0000000000000,00	 0000000000000,00
1302180	 0000000000000,00	 0000000006716,00	 0000000000000,00	 0000000000000,00
1302200	 0000000026085,00	 0000000000000,00	 0000000000004,00	 0000000416042,00
1302202	 0000000026085,00	 0000000000000,00	 0000000000000,00	 0000000286003,00
1302300	 0000000084274,00	 0000000000000,00	 0000000000000,00	 0000000000000,00
1302500	 0000000112769,00	 0000000023271,00	 0000000000000,00	 0000000026920,00
1302800	 0000000056556,00	 0000000106592,00	 0000000016885,00	 0000000000000,00
1302900	 0000000000548,00	 0000000000221,00	 0000000000045,00	 0000000000081,00
1304000	 0000000034798,00	 0000001536817,00	 0000000000000,00	 0000000000000,00
1304100	 0000000000000,00	 0000000034387,00	 0000000000000,00	 0000000000000,00
1304101	 0000000000000,00	 0000000034387,00	 0000000000000,00	 0000000000000,00
1304102	 0000000000000,00	 0000000000000,00	 0000000000000,00	 0000000000000,00
1304200	 0000000000000,00	 0000000044972,00	 0000000000000,00	 0000000000000,00
1304300	 0000000003409,00	 0000001455969,00	 0000000000000,00	 0000000000000,00
1304800	 0000000031300,00	 0000000000597,00	 0000000000000,00	 0000000000000,00
1304900	 0000000000089,00	 0000000000892,00	 0000000000000,00	 0000000000000,00
1305000	 0000000538499,00	 0000000077639,00	 0000000000000,00	 0000000001006,00
1305100	 0000000461841,00	 0000000077562,00	 0000000000000,00	 0000000000000,00
1305300	 0000000027105,00	 0000000000000,00	 0000000000000,00	 0000000000000,00
1305400	 0000000049035,00	 0000000000000,00	 0000000000000,00	 0000000001006,00
1305800	 0000000000506,00	 0000000000077,00	 0000000000000,00	 0000000000000,00
1305900	 0000000000012,00	 0000000000000,00	 0000000000000,00	 0000000000000,00
1309000	-0000000096531,00	 0000000000000,00	 0000000000000,00	 0000000000000,00
1309001	-0000000061304,00	 0000000000000,00	 0000000000000,00	 0000000000000,00
1309002	-0000000011020,00	 0000000000000,00	 0000000000000,00	 0000000000000,00
1309003	-0000000024207,00	 0000000000000,00	 0000000000000,00	 0000000000000,00
1350000	 0000000166023,00	 0000000008028,00	 0000000000000,00	 0000000000000,00
1350100	 0000000162073,00	 0000000000000,00	 0000000000000,00	 0000000000000,00
1350200	 0000000003950,00	 0000000008028,00	 0000000000000,00	 0000000000000,00
1350300	 0000000000000,00	 0000000000000,00	 0000000000000,00	 0000000000000,00
1360000	 0000000000000,00	 0000000000000,00	 0000000000000,00	 0000000000000,00
1360100	 0000000000000,00	 0000000000000,00	 0000000000000,00	 0000000000000,00
1360200	 0000000000000,00	 0000000000000,00	 0000000000000,00	 0000000000000,00
1360300	 0000000000000,00	 0000000000000,00	 0000000000000,00	 0000000000000,00
1400000	 0000000001315,00	 0000000000480,00	 0000000000000,00	 0000000000008,00
1400100	 0000000000388,00	 0000000000000,00	 0000000000000,00	 0000000000000,00
1400101	 0000000000000,00	 0000000000000,00	 0000000000000,00	 0000000000000,00
1400103	 0000000000388,00	 0000000000000,00	 0000000000000,00	 0000000000000,00
1400200	 0000000000927,00	 0000000000480,00	 0000000000000,00	 0000000000008,00
1500000	 0000000017055,00	 0000000000001,00	 0000000000000,00	 0000000000000,00
1500100	 0000000000001,00	 0000000000000,00	 0000000000000,00	 0000000000000,00
1500200	 0000000017054,00	 0000000000001,00	 0000000000000,00	 0000000000000,00
1600000	 0000000052026,00	 0000000000015,00	 0000000000000,00	 0000000000000,00
1600100	 0000000041849,00	 0000000000000,00	 0000000000000,00	 0000000000000,00
1600200	 0000000010177,00	 0000000000015,00	 0000000000000,00	 0000000000000,00
1700000	 0000000000000,00	 0000000000028,00	 0000000000000,00	 0000000000000,00
1750000	 0000000101105,00	 0000000000000,00	 0000000000000,00	 0000000000000,00
1800000	 0000000106930,00	 0000000004562,00	 0000000000000,00	 0000000037537,00
1800100	 0000000006577,00	 0000000000000,00	 0000000000000,00	 0000000000000,00
1800200	 0000000004741,00	 0000000000000,00	 0000000000000,00	 0000000000000,00
1800900	 0000000095612,00	 0000000004562,00	 0000000000000,00	 0000000037537,00
2000000	 0000003313786,00	 0000002206604,00	 0000000001815,00	 0000001289579,00
2100000	 0000000633785,00	 0000000093373,00	 0000000000007,00	 0000000081849,00
2100100	 0000000495707,00	 0000000000000,00	 0000000000000,00	 0000000076311,00
2100109	 0000000354962,00	 0000000000000,00	 0000000000000,00	 0000000072385,00
2100110	 0000000140209,00	 0000000000000,00	 0000000000000,00	 0000000003926,00
2100200	 0000000079925,00	 0000000000000,00	 0000000000000,00	 0000000000000,00
2100300	 0000000058153,00	 0000000093373,00	 0000000000007,00	 0000000005538,00
2130000	 0000000052318,00	 0000000000000,00	 0000000000000,00	 0000000031092,00
2160000	 0000000403961,00	 0000000000000,00	 0000000000000,00	 0000000000000,00
2160100	 0000000328551,00	 0000000000000,00	 0000000000000,00	 0000000000000,00
2160200	 0000000075410,00	 0000000000000,00	 0000000000000,00	 0000000000000,00
2200000	 0000001551615,00	 0000001117841,00	 0000000000000,00	 0000000568998,00
2200100	 0000001551456,00	 0000001073960,00	 0000000000000,00	 0000000568993,00
2200200	 0000000000000,00	 0000000043596,00	 0000000000000,00	 0000000000000,00
2200900	 0000000000159,00	 0000000000285,00	 0000000000000,00	 0000000000005,00
2250000	 0000000436614,00	 0000000000000,00	 0000000000000,00	 0000000000000,00
2250100	 0000000425248,00	 0000000000000,00	 0000000000000,00	 0000000000000,00
2250200	 0000000011366,00	 0000000000000,00	 0000000000000,00	 0000000000000,00
2300000	 0000000000000,00	 0000000000331,00	 0000000000314,00	 0000000580676,00
2301000	 0000000000000,00	 0000000000000,00	 0000000000000,00	 0000000004119,00
2301001	 0000000000000,00	 0000000000000,00	 0000000000000,00	 0000000004119,00
2302000	 0000000000000,00	 0000000000000,00	 0000000000314,00	 0000000576557,00
2302100	 0000000000000,00	 0000000000000,00	 0000000000000,00	 0000000435954,00
2302200	 0000000000000,00	 0000000000000,00	 0000000000314,00	 0000000140603,00
2303000	 0000000000000,00	 0000000000331,00	 0000000000000,00	 0000000000000,00
2303100	 0000000000000,00	 0000000000000,00	 0000000000000,00	 0000000000000,00
2303900	 0000000000000,00	 0000000000331,00	 0000000000000,00	 0000000000000,00
2400000	 0000000014882,00	 0000000973121,00	 0000000000000,00	 0000000000000,00
2401000	 0000000000000,00	 0000000073182,00	 0000000000000,00	 0000000000000,00
2402000	 0000000014882,00	 0000000899939,00	 0000000000000,00	 0000000000000,00
2402100	 0000000014882,00	 0000000501926,00	 0000000000000,00	 0000000000000,00
2402200	 0000000000000,00	 0000000398013,00	 0000000000000,00	 0000000000000,00
2500000	 0000000024487,00	 0000000020204,00	 0000000001494,00	 0000000005138,00
2500100	 0000000022127,00	 0000000020204,00	 0000000001494,00	 0000000000000,00
2500200	 0000000002360,00	 0000000000000,00	 0000000000000,00	 0000000005138,00
2500300	 0000000000000,00	 0000000000000,00	 0000000000000,00	 0000000000000,00
2600000	 0000000005045,00	 0000000000000,00	 0000000000000,00	 0000000000000,00
2650000	 0000000059120,00	 0000000000000,00	 0000000000000,00	 0000000000000,00
2700000	 0000000057758,00	 0000000000000,00	 0000000000000,00	 0000000000000,00
2700100	 0000000012948,00	 0000000000000,00	 0000000000000,00	 0000000000000,00
2700200	 0000000019263,00	 0000000000000,00	 0000000000000,00	 0000000000000,00
2700300	 0000000002082,00	 0000000000000,00	 0000000000000,00	 0000000000000,00
2700400	 0000000023465,00	 0000000000000,00	 0000000000000,00	 0000000000000,00
2700401	 0000000000000,00	 0000000000000,00	 0000000000000,00	 0000000000000,00
2700402	 0000000000000,00	 0000000000000,00	 0000000000000,00	 0000000000000,00
2700403	 0000000015844,00	 0000000000000,00	 0000000000000,00	 0000000000000,00
2700490	 0000000007621,00	 0000000000000,00	 0000000000000,00	 0000000000000,00
2800000	 0000000074201,00	 0000000001734,00	 0000000000000,00	 0000000021826,00
3000000	 0000000509360,00	-0000000000164,00	 0000000000000,00	 0000000000000,00
3101000	 0000000224795,00	 0000000000000,00	 0000000000000,00	 0000000000000,00
3102000	 0000000238937,00	 0000000000000,00	 0000000000000,00	 0000000000000,00
3103000	 0000000000409,00	-0000000000164,00	 0000000000000,00	 0000000000000,00
3104000	 0000000044948,00	 0000000000000,00	 0000000000000,00	 0000000000000,00
3104100	 0000000000000,00	 0000000000000,00	 0000000000000,00	 0000000000000,00
3104200	 0000000064211,00	 0000000000000,00	 0000000000000,00	 0000000000000,00
3104300	-0000000019263,00	 0000000000000,00	 0000000000000,00	 0000000000000,00
3200000	 0000000000271,00	 0000000000000,00	 0000000000000,00	 0000000000000,00
5001000	 0000000509089,00	-0000000000164,00	 0000000000000,00	 0000000000000,00
5002000	 0000003823146,00	 0000002206440,00	 0000000001815,00	 0000001289579,00
5100000	 0000002061947,00	 0000002591835,00	 0000000016934,00	 0000000620104,00
