016	BANCO DE CRÉDITO E INVERSIONES
4100000	 0000000319137,00	 0000000195171,00	 0000000001249,00	 0000000116844,00
4100100	 0000000000733,00	 0000000000022,00	 0000000000000,00	 0000000000000,00
4100101	 0000000000733,00	 0000000000000,00	 0000000000000,00	 0000000000000,00
4100151	 0000000000000,00	 0000000000022,00	 0000000000000,00	 0000000000000,00
4100200	 0000000000002,00	 0000000000000,00	 0000000000000,00	 0000000002711,00
4100201	 0000000000002,00	 0000000000000,00	 0000000000000,00	 0000000002711,00
4100251	 0000000000000,00	 0000000000000,00	 0000000000000,00	 0000000000000,00
4100300	 0000000156661,00	 0000000096722,00	 0000000001177,00	 0000000094631,00
4100301	 0000000107354,00	 0000000045639,00	 0000000000091,00	 0000000081841,00
4100309	 0000000000846,00	 0000000000042,00	 0000000000047,00	 0000000009027,00
4100310	 0000000011892,00	 0000000000000,00	 0000000000000,00	 0000000000067,00
4100320	 0000000020640,00	 0000000000000,00	 0000000000000,00	 0000000001148,00
4100325	 0000000000299,00	 0000000000081,00	 0000000000000,00	 0000000000000,00
4100330	 0000000010524,00	 0000000010919,00	 0000000001039,00	 0000000002457,00
4100340	 0000000005085,00	 0000000001185,00	 0000000000000,00	 0000000000091,00
4100351	 0000000000000,00	 0000000030931,00	 0000000000000,00	 0000000000000,00
4100359	 0000000000000,00	 0000000000021,00	 0000000000000,00	 0000000000000,00
4100360	 0000000000000,00	 0000000000000,00	 0000000000000,00	 0000000000000,00
4100370	 0000000000000,00	 0000000000398,00	 0000000000000,00	 0000000000000,00
4100375	 0000000000000,00	 0000000000027,00	 0000000000000,00	 0000000000000,00
4100380	 0000000000000,00	 0000000005798,00	 0000000000000,00	 0000000000000,00
4100390	 0000000000000,00	 0000000001681,00	 0000000000000,00	 0000000000000,00
4100399	 0000000000021,00	 0000000000000,00	 0000000000000,00	 0000000000000,00
4100400	 0000000000502,00	 0000000120877,00	 0000000000000,00	 0000000000003,00
4100401	 0000000000000,00	 0000000000562,00	 0000000000000,00	 0000000000000,00
4100402	 0000000000000,00	 0000000000000,00	 0000000000000,00	 0000000000000,00
4100403	 0000000000000,00	 0000000000000,00	 0000000000000,00	 0000000000000,00
4100405	 0000000000000,00	 0000000000318,00	 0000000000000,00	 0000000000003,00
4100407	 0000000000502,00	 0000000071624,00	 0000000000000,00	 0000000000000,00
4100408	 0000000000000,00	 0000000000000,00	 0000000000000,00	 0000000000000,00
4100420	 0000000000000,00	 0000000000000,00	 0000000000000,00	 0000000000000,00
4100430	 0000000000000,00	 0000000000000,00	 0000000000000,00	 0000000000000,00
4100451	 0000000000000,00	 0000000000212,00	 0000000000000,00	 0000000000000,00
4100452	 0000000000000,00	 0000000000000,00	 0000000000000,00	 0000000000000,00
4100455	 0000000000000,00	 0000000000133,00	 0000000000000,00	 0000000000000,00
4100457	 0000000000000,00	 0000000048028,00	 0000000000000,00	 0000000000000,00
4100458	 0000000000000,00	 0000000000000,00	 0000000000000,00	 0000000000000,00
4100480	 0000000000000,00	 0000000000000,00	 0000000000000,00	 0000000000000,00
4100490	 0000000000000,00	 0000000000000,00	 0000000000000,00	 0000000000000,00
4100499	 0000000000000,00	 0000000000000,00	 0000000000000,00	 0000000000000,00
4100500	 0000000144973,00	 0000000000953,00	 0000000000000,00	 0000000001522,00
4100501	 0000000100866,00	 0000000000636,00	 0000000000000,00	 0000000000325,00
4100510	 0000000014569,00	 0000000000000,00	 0000000000000,00	 0000000000000,00
4100520	 0000000026277,00	 0000000000000,00	 0000000000000,00	 0000000000000,00
4100530	 0000000000065,00	 0000000000019,00	 0000000000000,00	 0000000000000,00
4100540	 0000000000101,00	 0000000000000,00	 0000000000000,00	 0000000001197,00
4100590	 0000000000000,00	 0000000000298,00	 0000000000000,00	 0000000000000,00
4100599	 0000000003095,00	 0000000000000,00	 0000000000000,00	 0000000000000,00
4100600	 0000000008600,00	 0000000002992,00	 0000000000020,00	 0000000016063,00
4100601	 0000000008600,00	 0000000001499,00	 0000000000020,00	 0000000016050,00
4100621	 0000000000000,00	 0000000000000,00	 0000000000000,00	 0000000000013,00
4100651	 0000000000000,00	 0000000001493,00	 0000000000000,00	 0000000000000,00
4100671	 0000000000000,00	 0000000000000,00	 0000000000000,00	 0000000000000,00
4100800	 0000000002137,00	 0000000001118,00	 0000000000000,00	 0000000001049,00
4100801	 0000000000000,00	 0000000000000,00	 0000000000000,00	 0000000000000,00
4100804	 0000000000000,00	 0000000000000,00	 0000000000000,00	 0000000000095,00
4100810	 0000000002137,00	 0000000000000,00	 0000000000000,00	 0000000000954,00
4100850	 0000000000000,00	 0000000001118,00	 0000000000000,00	 0000000000000,00
4100900	 0000000005529,00	-0000000027513,00	 0000000000052,00	 0000000000865,00
4150000	-0000000121717,00	-0000000085955,00	-0000000000505,00	-0000000038997,00
4150100	-0000000004031,00	-0000000000388,00	 0000000000000,00	-0000000003224,00
4150101	-0000000004031,00	 0000000000000,00	 0000000000000,00	-0000000003224,00
4150102	 0000000000000,00	 0000000000000,00	 0000000000000,00	 0000000000000,00
4150103	 0000000000000,00	 0000000000000,00	 0000000000000,00	 0000000000000,00
4150151	 0000000000000,00	-0000000000388,00	 0000000000000,00	 0000000000000,00
4150200	-0000000006018,00	-0000000000365,00	 0000000000000,00	-0000000000594,00
4150201	-0000000006018,00	-0000000000357,00	 0000000000000,00	-0000000000594,00
4150251	 0000000000000,00	-0000000000008,00	 0000000000000,00	 0000000000000,00
4150300	-0000000103562,00	-0000000005946,00	 0000000000000,00	-0000000011641,00
4150301	-0000000103562,00	-0000000002242,00	 0000000000000,00	-0000000011278,00
4150302	 0000000000000,00	-0000000000030,00	 0000000000000,00	-0000000000363,00
4150309	 0000000000000,00	 0000000000000,00	 0000000000000,00	 0000000000000,00
4150351	 0000000000000,00	-0000000003156,00	 0000000000000,00	 0000000000000,00
4150352	 0000000000000,00	-0000000000509,00	 0000000000000,00	 0000000000000,00
4150359	 0000000000000,00	-0000000000009,00	 0000000000000,00	 0000000000000,00
4150400	-0000000003100,00	 0000000000000,00	-0000000000452,00	-0000000009702,00
4150401	-0000000003100,00	 0000000000000,00	-0000000000420,00	-0000000009702,00
4150451	 0000000000000,00	 0000000000000,00	-0000000000032,00	 0000000000000,00
4150500	-0000000006957,00	-0000000075886,00	 0000000000000,00	-0000000012354,00
4150501	 0000000000000,00	-0000000000445,00	 0000000000000,00	 0000000000000,00
4150511	-0000000006957,00	-0000000025736,00	 0000000000000,00	-0000000012354,00
4150521	 0000000000000,00	-0000000016056,00	 0000000000000,00	 0000000000000,00
4150522	 0000000000000,00	 0000000000000,00	 0000000000000,00	 0000000000000,00
4150551	 0000000000000,00	-0000000000253,00	 0000000000000,00	 0000000000000,00
4150561	 0000000000000,00	-0000000023913,00	 0000000000000,00	 0000000000000,00
4150571	 0000000000000,00	-0000000009483,00	 0000000000000,00	 0000000000000,00
4150572	 0000000000000,00	 0000000000000,00	 0000000000000,00	 0000000000000,00
4150600	-0000000000588,00	-0000000000047,00	-0000000000053,00	-0000000001990,00
4150601	-0000000000588,00	-0000000000022,00	-0000000000053,00	-0000000001990,00
4150651	 0000000000000,00	-0000000000025,00	 0000000000000,00	 0000000000000,00
4150800	-0000000000009,00	-0000000001870,00	 0000000000000,00	-0000000000140,00
4150801	-0000000000009,00	 0000000000000,00	 0000000000000,00	-0000000000140,00
4150851	 0000000000000,00	-0000000001870,00	 0000000000000,00	 0000000000000,00
4150900	 0000000002548,00	-0000000001453,00	 0000000000000,00	 0000000000648,00
4200000	 0000000127059,00	 0000000001151,00	 0000000000905,00	 0000000009748,00
4200100	 0000000001838,00	 0000000000000,00	 0000000000000,00	 0000000000781,00
4200200	 0000000005335,00	 0000000001151,00	 0000000000880,00	 0000000001063,00
4200300	 0000000031808,00	 0000000000000,00	 0000000000000,00	 0000000001975,00
4200303	 0000000006570,00	 0000000000000,00	 0000000000000,00	 0000000000000,00
4200304	 0000000008128,00	 0000000000000,00	 0000000000000,00	 0000000000000,00
4200305	 0000000008240,00	 0000000000000,00	 0000000000000,00	 0000000000314,00
4200306	 0000000008261,00	 0000000000000,00	 0000000000000,00	 0000000001571,00
4200307	 0000000000000,00	 0000000000000,00	 0000000000000,00	 0000000000000,00
4200309	 0000000000609,00	 0000000000000,00	 0000000000000,00	 0000000000090,00
4200400	 0000000015820,00	 0000000000000,00	 0000000000000,00	 0000000002516,00
4200500	 0000000021142,00	 0000000000000,00	 0000000000025,00	 0000000001112,00
4200600	 0000000002285,00	 0000000000000,00	 0000000000000,00	 0000000000051,00
4200700	 0000000021902,00	 0000000000000,00	 0000000000000,00	 0000000000000,00
4200800	 0000000018043,00	 0000000000000,00	 0000000000000,00	 0000000000000,00
4200900	 0000000008886,00	 0000000000000,00	 0000000000000,00	 0000000002250,00
4250000	-0000000031250,00	 0000000000000,00	 0000000000000,00	-0000000001787,00
4250100	-0000000016372,00	 0000000000000,00	 0000000000000,00	-0000000000612,00
4250101	-0000000005224,00	 0000000000000,00	 0000000000000,00	-0000000000612,00
4250102	-0000000011148,00	 0000000000000,00	 0000000000000,00	 0000000000000,00
4250190	 0000000000000,00	 0000000000000,00	 0000000000000,00	 0000000000000,00
4250200	-0000000004781,00	 0000000000000,00	 0000000000000,00	-0000000000376,00
4250300	-0000000010097,00	 0000000000000,00	 0000000000000,00	-0000000000799,00
4300000	 0000000013162,00	 0000000015172,00	 0000000000000,00	 0000000007780,00
4300100	 0000000012966,00	 0000000025279,00	 0000000000000,00	 0000000005402,00
4300101	 0000000007292,00	 0000000018966,00	 0000000000000,00	 0000000001979,00
4300102	 0000000001097,00	 0000000004818,00	 0000000000000,00	-0000000000002,00
4300103	 0000000004963,00	 0000000001752,00	 0000000000000,00	 0000000003440,00
4300104	-0000000001960,00	-0000000000257,00	 0000000000000,00	-0000000000115,00
4300190	 0000000001574,00	 0000000000000,00	 0000000000000,00	 0000000000100,00
4300200	-0000000005163,00	-0000000010101,00	 0000000000000,00	 0000000000859,00
4300300	 0000000005315,00	 0000000000000,00	 0000000000000,00	 0000000000581,00
4300400	 0000000000044,00	 0000000000000,00	 0000000000000,00	 0000000000938,00
4300500	 0000000000000,00	-0000000000006,00	 0000000000000,00	 0000000000000,00
4350000	 0000000011111,00	 0000000015349,00	 0000000000040,00	 0000000002444,00
4350100	-0000000001764,00	 0000000000000,00	 0000000000000,00	 0000000000000,00
4350200	 0000000000957,00	 0000000000000,00	 0000000000468,00	 0000000000000,00
4350900	 0000000011918,00	 0000000015349,00	-0000000000428,00	 0000000002444,00
4400000	 0000000006080,00	 0000000000000,00	 0000000000000,00	 0000000009551,00
4400100	 0000000000681,00	 0000000000000,00	 0000000000000,00	 0000000000312,00
4400200	 0000000000000,00	 0000000000000,00	 0000000000000,00	 0000000000000,00
4400290	 0000000000000,00	 0000000000000,00	 0000000000000,00	 0000000000000,00
4400300	 0000000005399,00	 0000000000000,00	 0000000000000,00	 0000000009239,00
4500000	-0000000093308,00	 0000000000000,00	 0000000000000,00	-0000000007923,00
4500100	-0000000110292,00	 0000000000000,00	 0000000000000,00	-0000000006044,00
4500101	-0000000044701,00	 0000000000000,00	 0000000000000,00	-0000000006064,00
4500111	 0000000000290,00	 0000000000000,00	 0000000000000,00	 0000000000000,00
4500112	-0000000065873,00	 0000000000000,00	 0000000000000,00	-0000000000005,00
4500190	-0000000000008,00	 0000000000000,00	 0000000000000,00	 0000000000025,00
4500200	-0000000002539,00	 0000000000000,00	 0000000000000,00	-0000000001903,00
4500700	-0000000005000,00	 0000000000000,00	 0000000000000,00	 0000000000000,00
4500701	 0000000000000,00	 0000000000000,00	 0000000000000,00	 0000000000000,00
4500702	 0000000000000,00	 0000000000000,00	 0000000000000,00	 0000000000000,00
4500703	-0000000005000,00	 0000000000000,00	 0000000000000,00	 0000000000000,00
4500800	 0000000006739,00	 0000000000000,00	 0000000000000,00	 0000000000000,00
4500801	 0000000000096,00	 0000000000000,00	 0000000000000,00	 0000000000000,00
4500802	 0000000006643,00	 0000000000000,00	 0000000000000,00	 0000000000000,00
4500803	 0000000000000,00	 0000000000000,00	 0000000000000,00	 0000000000000,00
4500900	 0000000017784,00	 0000000000000,00	 0000000000000,00	 0000000000024,00
4500901	 0000000007289,00	 0000000000000,00	 0000000000000,00	 0000000000009,00
4500911	 0000000001295,00	 0000000000000,00	 0000000000000,00	 0000000000000,00
4500921	 0000000009200,00	 0000000000000,00	 0000000000000,00	 0000000000015,00
4500931	 0000000000000,00	 0000000000000,00	 0000000000000,00	 0000000000000,00
4600000	-0000000135102,00	 0000000000000,00	 0000000000000,00	-0000000028054,00
4610000	-0000000082556,00	 0000000000000,00	 0000000000000,00	-0000000012760,00
4610100	-0000000062972,00	 0000000000000,00	 0000000000000,00	-0000000009834,00
4610200	-0000000005854,00	 0000000000000,00	 0000000000000,00	-0000000000027,00
4610300	-0000000001451,00	 0000000000000,00	 0000000000000,00	-0000000000380,00
4610400	-0000000007047,00	 0000000000000,00	 0000000000000,00	-0000000000528,00
4610500	-0000000005232,00	 0000000000000,00	 0000000000000,00	-0000000001991,00
4620000	-0000000020749,00	 0000000000000,00	-0000000002201,00	-0000000001241,00
4630000	-0000000000005,00	 0000000000000,00	 0000000000000,00	 0000000000000,00
4650000	-0000000017521,00	 0000000000000,00	 0000000000000,00	-0000000001573,00
4650100	-0000000001707,00	 0000000000000,00	 0000000000000,00	-0000000000107,00
4650200	-0000000006957,00	 0000000000000,00	 0000000000000,00	-0000000000110,00
4650201	-0000000000024,00	 0000000000000,00	 0000000000000,00	-0000000000110,00
4650211	 0000000000000,00	 0000000000000,00	 0000000000000,00	 0000000000000,00
4650290	-0000000006933,00	 0000000000000,00	 0000000000000,00	 0000000000000,00
4650900	-0000000008857,00	 0000000000000,00	 0000000000000,00	-0000000001356,00
4700000	 0000000107395,00	 0000000000000,00	 0000000000000,00	 0000000001066,00
4700100	 0000000107395,00	 0000000000000,00	 0000000000000,00	 0000000001066,00
4700101	 0000000000000,00	 0000000000000,00	 0000000000000,00	 0000000000000,00
4700103	 0000000000992,00	 0000000000000,00	 0000000000000,00	 0000000000000,00
4700110	 0000000106403,00	 0000000000000,00	 0000000000000,00	 0000000001066,00
4700200	 0000000000000,00	 0000000000000,00	 0000000000000,00	 0000000000000,00
4700201	 0000000000000,00	 0000000000000,00	 0000000000000,00	 0000000000000,00
4700203	 0000000000000,00	 0000000000000,00	 0000000000000,00	 0000000000000,00
4700210	 0000000000000,00	 0000000000000,00	 0000000000000,00	 0000000000000,00
4800000	-0000000063864,00	 0000000000000,00	 0000000000000,00	-0000000015241,00
4800001	-0000000063427,00	 0000000000000,00	 0000000000000,00	-0000000015241,00
4850000	 0000000000000,00	 0000000000000,00	 0000000000000,00	 0000000000000,00
4900000	 0000000000000,00	 0000000000000,00	 0000000000000,00	 0000000000017,00
5003000	 0000000197420,00	 0000000109216,00	 0000000000744,00	 0000000077847,00
5004000	 0000000095809,00	 0000000001151,00	 0000000000905,00	 0000000007961,00
5005000	 0000000323582,00	 0000000140888,00	 0000000001689,00	 0000000105583,00
5006000	 0000000230274,00	 0000000140888,00	 0000000001689,00	 0000000097660,00
5007000	-0000000025659,00	 0000000140888,00	-0000000000512,00	 0000000054032,00
5008000	 0000000081736,00	 0000000140888,00	-0000000000512,00	 0000000055098,00
5009000	 0000000017872,00	 0000000140888,00	-0000000000512,00	 0000000039857,00
5010000	 0000000017872,00	 0000000140888,00	-0000000000512,00	 0000000039857,00
5020000	 0000000017872,00	 0000000140888,00	-0000000000512,00	 0000000039840,00
