017	BANCO DO BRASIL S.A.                                                    
1000000	 0000000004986,00	 0000000000000,00	 0000000000000,00	 0000000054469,00
1100000	 0000000001427,00	 0000000000000,00	 0000000000000,00	 0000000001305,00
1100100	 0000000000145,00	 0000000000000,00	 0000000000000,00	 0000000000092,00
1100200	 0000000001278,00	 0000000000000,00	 0000000000000,00	 0000000000848,00
1100300	 0000000000004,00	 0000000000000,00	 0000000000000,00	 0000000000000,00
1100400	 0000000000000,00	 0000000000000,00	 0000000000000,00	 0000000000365,00
1130000	 0000000000004,00	 0000000000000,00	 0000000000000,00	 0000000000672,00
1130100	 0000000000004,00	 0000000000000,00	 0000000000000,00	 0000000000000,00
1130200	 0000000000000,00	 0000000000000,00	 0000000000000,00	 0000000000672,00
1150000	 0000000000000,00	 0000000000000,00	 0000000000000,00	 0000000000000,00
1150100	 0000000000000,00	 0000000000000,00	 0000000000000,00	 0000000000000,00
1150200	 0000000000000,00	 0000000000000,00	 0000000000000,00	 0000000000000,00
1150300	 0000000000000,00	 0000000000000,00	 0000000000000,00	 0000000000000,00
1150400	 0000000000000,00	 0000000000000,00	 0000000000000,00	 0000000000000,00
1160000	 0000000000000,00	 0000000000000,00	 0000000000000,00	 0000000000000,00
1160100	 0000000000000,00	 0000000000000,00	 0000000000000,00	 0000000000000,00
1160200	 0000000000000,00	 0000000000000,00	 0000000000000,00	 0000000000000,00
1250000	 0000000000000,00	 0000000000000,00	 0000000000000,00	 0000000000000,00
1250100	 0000000000000,00	 0000000000000,00	 0000000000000,00	 0000000000000,00
1250200	 0000000000000,00	 0000000000000,00	 0000000000000,00	 0000000000000,00
1270000	 0000000000000,00	 0000000000000,00	 0000000000000,00	 0000000012406,00
1270100	 0000000000000,00	 0000000000000,00	 0000000000000,00	 0000000000000,00
1270112	 0000000000000,00	 0000000000000,00	 0000000000000,00	 0000000000000,00
1270113	 0000000000000,00	 0000000000000,00	 0000000000000,00	 0000000000000,00
1270116	 0000000000000,00	 0000000000000,00	 0000000000000,00	 0000000000000,00
1270117	 0000000000000,00	 0000000000000,00	 0000000000000,00	 0000000000000,00
1270118	 0000000000000,00	 0000000000000,00	 0000000000000,00	 0000000000000,00
1270190	 0000000000000,00	 0000000000000,00	 0000000000000,00	 0000000000000,00
1270200	 0000000000000,00	 0000000000000,00	 0000000000000,00	 0000000012406,00
1270202	 0000000000000,00	 0000000000000,00	 0000000000000,00	 0000000000000,00
1270203	 0000000000000,00	 0000000000000,00	 0000000000000,00	 0000000000000,00
1270206	 0000000000000,00	 0000000000000,00	 0000000000000,00	 0000000012422,00
1270207	 0000000000000,00	 0000000000000,00	 0000000000000,00	 0000000000000,00
1270208	 0000000000000,00	 0000000000000,00	 0000000000000,00	 0000000000000,00
1270290	 0000000000000,00	 0000000000000,00	 0000000000000,00	-0000000000016,00
1270300	 0000000000000,00	 0000000000000,00	 0000000000000,00	 0000000000000,00
1300000	 0000000003203,00	 0000000000000,00	 0000000000000,00	 0000000040049,00
1302000	 0000000003576,00	 0000000000000,00	 0000000000000,00	 0000000040049,00
1302100	 0000000003559,00	 0000000000000,00	 0000000000000,00	 0000000007551,00
1302101	 0000000003559,00	 0000000000000,00	 0000000000000,00	 0000000004529,00
1302102	 0000000000000,00	 0000000000000,00	 0000000000000,00	 0000000003022,00
1302170	 0000000000000,00	 0000000000000,00	 0000000000000,00	 0000000000000,00
1302180	 0000000000000,00	 0000000000000,00	 0000000000000,00	 0000000000000,00
1302200	 0000000000000,00	 0000000000000,00	 0000000000000,00	 0000000032498,00
1302201	 0000000000000,00	 0000000000000,00	 0000000000000,00	 0000000000000,00
1302202	 0000000000000,00	 0000000000000,00	 0000000000000,00	 0000000019805,00
1302241	 0000000000000,00	 0000000000000,00	 0000000000000,00	 0000000000006,00
1302242	 0000000000000,00	 0000000000000,00	 0000000000000,00	 0000000000000,00
1302281	 0000000000000,00	 0000000000000,00	 0000000000000,00	 0000000000000,00
1302282	 0000000000000,00	 0000000000000,00	 0000000000000,00	 0000000012687,00
1302300	 0000000000017,00	 0000000000000,00	 0000000000000,00	 0000000000000,00
1302500	 0000000000000,00	 0000000000000,00	 0000000000000,00	 0000000000000,00
1302800	 0000000000000,00	 0000000000000,00	 0000000000000,00	 0000000000000,00
1302900	 0000000000000,00	 0000000000000,00	 0000000000000,00	 0000000000000,00
1304000	 0000000000000,00	 0000000000000,00	 0000000000000,00	 0000000000000,00
1304100	 0000000000000,00	 0000000000000,00	 0000000000000,00	 0000000000000,00
1304101	 0000000000000,00	 0000000000000,00	 0000000000000,00	 0000000000000,00
1304102	 0000000000000,00	 0000000000000,00	 0000000000000,00	 0000000000000,00
1304200	 0000000000000,00	 0000000000000,00	 0000000000000,00	 0000000000000,00
1304500	 0000000000000,00	 0000000000000,00	 0000000000000,00	 0000000000000,00
1304600	 0000000000000,00	 0000000000000,00	 0000000000000,00	 0000000000000,00
1304800	 0000000000000,00	 0000000000000,00	 0000000000000,00	 0000000000000,00
1304900	 0000000000000,00	 0000000000000,00	 0000000000000,00	 0000000000000,00
1305000	 0000000000000,00	 0000000000000,00	 0000000000000,00	 0000000000000,00
1305100	 0000000000000,00	 0000000000000,00	 0000000000000,00	 0000000000000,00
1305300	 0000000000000,00	 0000000000000,00	 0000000000000,00	 0000000000000,00
1305400	 0000000000000,00	 0000000000000,00	 0000000000000,00	 0000000000000,00
1305800	 0000000000000,00	 0000000000000,00	 0000000000000,00	 0000000000000,00
1305900	 0000000000000,00	 0000000000000,00	 0000000000000,00	 0000000000000,00
1309000	-0000000000373,00	 0000000000000,00	 0000000000000,00	 0000000000000,00
1309100	-0000000000373,00	 0000000000000,00	 0000000000000,00	 0000000000000,00
1309200	 0000000000000,00	 0000000000000,00	 0000000000000,00	 0000000000000,00
1309300	 0000000000000,00	 0000000000000,00	 0000000000000,00	 0000000000000,00
1350000	 0000000000000,00	 0000000000000,00	 0000000000000,00	 0000000000000,00
1350100	 0000000000000,00	 0000000000000,00	 0000000000000,00	 0000000000000,00
1350200	 0000000000000,00	 0000000000000,00	 0000000000000,00	 0000000000000,00
1350300	 0000000000000,00	 0000000000000,00	 0000000000000,00	 0000000000000,00
1360000	 0000000000000,00	 0000000000000,00	 0000000000000,00	 0000000000000,00
1360100	 0000000000000,00	 0000000000000,00	 0000000000000,00	 0000000000000,00
1360200	 0000000000000,00	 0000000000000,00	 0000000000000,00	 0000000000000,00
1360300	 0000000000000,00	 0000000000000,00	 0000000000000,00	 0000000000000,00
1400000	 0000000000000,00	 0000000000000,00	 0000000000000,00	 0000000000000,00
1400100	 0000000000000,00	 0000000000000,00	 0000000000000,00	 0000000000000,00
1400101	 0000000000000,00	 0000000000000,00	 0000000000000,00	 0000000000000,00
1400102	 0000000000000,00	 0000000000000,00	 0000000000000,00	 0000000000000,00
1400103	 0000000000000,00	 0000000000000,00	 0000000000000,00	 0000000000000,00
1400200	 0000000000000,00	 0000000000000,00	 0000000000000,00	 0000000000000,00
1500000	 0000000000000,00	 0000000000000,00	 0000000000000,00	 0000000000000,00
1500100	 0000000000000,00	 0000000000000,00	 0000000000000,00	 0000000000000,00
1500200	 0000000000000,00	 0000000000000,00	 0000000000000,00	 0000000000000,00
1600000	 0000000000006,00	 0000000000000,00	 0000000000000,00	 0000000000000,00
1600100	 0000000000000,00	 0000000000000,00	 0000000000000,00	 0000000000000,00
1600200	 0000000000006,00	 0000000000000,00	 0000000000000,00	 0000000000000,00
1700000	 0000000000146,00	 0000000000000,00	 0000000000000,00	 0000000000000,00
1750000	 0000000000149,00	 0000000000000,00	 0000000000000,00	 0000000000000,00
1800000	 0000000000051,00	 0000000000000,00	 0000000000000,00	 0000000000037,00
1800100	 0000000000000,00	 0000000000000,00	 0000000000000,00	 0000000000000,00
1800200	 0000000000000,00	 0000000000000,00	 0000000000000,00	 0000000000000,00
1800900	 0000000000051,00	 0000000000000,00	 0000000000000,00	 0000000000037,00
2000000	 0000000006741,00	 0000000000000,00	 0000000000000,00	 0000000029610,00
2100000	 0000000000992,00	 0000000000000,00	 0000000000000,00	 0000000001066,00
2100100	 0000000000674,00	 0000000000000,00	 0000000000000,00	 0000000000145,00
2100109	 0000000000598,00	 0000000000000,00	 0000000000000,00	 0000000000090,00
2100110	 0000000000076,00	 0000000000000,00	 0000000000000,00	 0000000000055,00
2100200	 0000000000116,00	 0000000000000,00	 0000000000000,00	 0000000000005,00
2100300	 0000000000202,00	 0000000000000,00	 0000000000000,00	 0000000000916,00
2130000	 0000000000677,00	 0000000000000,00	 0000000000000,00	 0000000000000,00
2160000	 0000000000000,00	 0000000000000,00	 0000000000000,00	 0000000000000,00
2160100	 0000000000000,00	 0000000000000,00	 0000000000000,00	 0000000000000,00
2160200	 0000000000000,00	 0000000000000,00	 0000000000000,00	 0000000000000,00
2200000	 0000000000323,00	 0000000000000,00	 0000000000000,00	 0000000025331,00
2200100	 0000000000323,00	 0000000000000,00	 0000000000000,00	 0000000025331,00
2200200	 0000000000000,00	 0000000000000,00	 0000000000000,00	 0000000000000,00
2200900	 0000000000000,00	 0000000000000,00	 0000000000000,00	 0000000000000,00
2250000	 0000000001354,00	 0000000000000,00	 0000000000000,00	 0000000000000,00
2250100	 0000000001354,00	 0000000000000,00	 0000000000000,00	 0000000000000,00
2250200	 0000000000000,00	 0000000000000,00	 0000000000000,00	 0000000000000,00
2300000	 0000000002662,00	 0000000000000,00	 0000000000000,00	 0000000001442,00
2301000	 0000000002662,00	 0000000000000,00	 0000000000000,00	 0000000000000,00
2301001	 0000000002662,00	 0000000000000,00	 0000000000000,00	 0000000000000,00
2302000	 0000000000000,00	 0000000000000,00	 0000000000000,00	 0000000001442,00
2302100	 0000000000000,00	 0000000000000,00	 0000000000000,00	 0000000000000,00
2302200	 0000000000000,00	 0000000000000,00	 0000000000000,00	 0000000001442,00
2303000	 0000000000000,00	 0000000000000,00	 0000000000000,00	 0000000000000,00
2303100	 0000000000000,00	 0000000000000,00	 0000000000000,00	 0000000000000,00
2303900	 0000000000000,00	 0000000000000,00	 0000000000000,00	 0000000000000,00
2400000	 0000000000000,00	 0000000000000,00	 0000000000000,00	 0000000000000,00
2401000	 0000000000000,00	 0000000000000,00	 0000000000000,00	 0000000000000,00
2402000	 0000000000000,00	 0000000000000,00	 0000000000000,00	 0000000000000,00
2402100	 0000000000000,00	 0000000000000,00	 0000000000000,00	 0000000000000,00
2402200	 0000000000000,00	 0000000000000,00	 0000000000000,00	 0000000000000,00
2500000	 0000000000000,00	 0000000000000,00	 0000000000000,00	 0000000001770,00
2500100	 0000000000000,00	 0000000000000,00	 0000000000000,00	 0000000000000,00
2500200	 0000000000000,00	 0000000000000,00	 0000000000000,00	 0000000001764,00
2500300	 0000000000000,00	 0000000000000,00	 0000000000000,00	 0000000000006,00
2600000	 0000000000041,00	 0000000000000,00	 0000000000000,00	 0000000000000,00
2650000	 0000000000000,00	 0000000000000,00	 0000000000000,00	 0000000000000,00
2700000	 0000000000660,00	 0000000000000,00	 0000000000000,00	 0000000000000,00
2700100	 0000000000053,00	 0000000000000,00	 0000000000000,00	 0000000000000,00
2700200	 0000000000556,00	 0000000000000,00	 0000000000000,00	 0000000000000,00
2700300	 0000000000008,00	 0000000000000,00	 0000000000000,00	 0000000000000,00
2700400	 0000000000043,00	 0000000000000,00	 0000000000000,00	 0000000000000,00
2700401	 0000000000043,00	 0000000000000,00	 0000000000000,00	 0000000000000,00
2700402	 0000000000000,00	 0000000000000,00	 0000000000000,00	 0000000000000,00
2700411	 0000000000000,00	 0000000000000,00	 0000000000000,00	 0000000000000,00
2700412	 0000000000000,00	 0000000000000,00	 0000000000000,00	 0000000000000,00
2700413	 0000000000000,00	 0000000000000,00	 0000000000000,00	 0000000000000,00
2700421	 0000000000000,00	 0000000000000,00	 0000000000000,00	 0000000000000,00
2700422	 0000000000000,00	 0000000000000,00	 0000000000000,00	 0000000000000,00
2700423	 0000000000000,00	 0000000000000,00	 0000000000000,00	 0000000000000,00
2700490	 0000000000000,00	 0000000000000,00	 0000000000000,00	 0000000000000,00
2800000	 0000000000032,00	 0000000000000,00	 0000000000000,00	 0000000000001,00
3000000	 0000000022668,00	 0000000000000,00	 0000000000000,00	 0000000000436,00
3101000	 0000000008789,00	 0000000000000,00	 0000000000000,00	 0000000000000,00
3102000	 0000000002970,00	 0000000000000,00	 0000000000000,00	 0000000000000,00
3103000	 0000000000000,00	 0000000000000,00	 0000000000000,00	 0000000000000,00
3104000	 0000000010909,00	 0000000000000,00	 0000000000000,00	 0000000000436,00
3104100	 0000000011175,00	 0000000000000,00	 0000000000000,00	 0000000000000,00
3104200	-0000000000196,00	 0000000000000,00	 0000000000000,00	 0000000000436,00
3104300	-0000000000070,00	 0000000000000,00	 0000000000000,00	 0000000000000,00
3200000	 0000000000000,00	 0000000000000,00	 0000000000000,00	 0000000000000,00
5001000	 0000000022668,00	 0000000000000,00	 0000000000000,00	 0000000000436,00
5002000	 0000000029409,00	 0000000000000,00	 0000000000000,00	 0000000030046,00
5100000	 0000000003576,00	 0000000000000,00	 0000000000000,00	 0000000040049,00
