028	BANCO BICE
100000000	 4586057233694,00	 3837262948999,00	 0112398168896,00	 1592882248787,00
105000000	 0572862056427,00	 0000000000000,00	 0000000000000,00	 0496762799374,00
105000100	 0018492150761,00	 0000000000000,00	 0000000000000,00	 0007806731015,00
105000101	 0012098259966,00	 0000000000000,00	 0000000000000,00	 0007563155065,00
105000102	 0006393890795,00	 0000000000000,00	 0000000000000,00	 0000243575950,00
105000103	 0000000000000,00	 0000000000000,00	 0000000000000,00	 0000000000000,00
105000200	 0549714887167,00	 0000000000000,00	 0000000000000,00	 0382230127004,00
105000201	 0549714887167,00	 0000000000000,00	 0000000000000,00	 0382230127004,00
105000202	 0000000000000,00	 0000000000000,00	 0000000000000,00	 0000000000000,00
105000209	 0000000000000,00	 0000000000000,00	 0000000000000,00	 0000000000000,00
105000300	 0000000000000,00	 0000000000000,00	 0000000000000,00	 0000000000000,00
105000301	 0000000000000,00	 0000000000000,00	 0000000000000,00	 0000000000000,00
105000302	 0000000000000,00	 0000000000000,00	 0000000000000,00	 0000000000000,00
105000309	 0000000000000,00	 0000000000000,00	 0000000000000,00	 0000000000000,00
105000400	 0004655018499,00	 0000000000000,00	 0000000000000,00	 0000000000000,00
105000500	 0000000000000,00	 0000000000000,00	 0000000000000,00	 0106725941355,00
107000000	 0033092708400,00	 0000000000000,00	 0000000000000,00	 0085978505680,00
107000100	 0014936552679,00	 0000000000000,00	 0000000000000,00	 0006845525802,00
107000101	 0000000000000,00	 0000000000000,00	 0000000000000,00	 0000000000000,00
107000102	 0014936552679,00	 0000000000000,00	 0000000000000,00	 0006770237869,00
107000103	 0000000000000,00	 0000000000000,00	 0000000000000,00	 0000075287933,00
107000200	 0000000000000,00	 0000000000000,00	 0000000000000,00	 0000000000000,00
107000201	 0000000000000,00	 0000000000000,00	 0000000000000,00	 0000000000000,00
107000202	 0000000000000,00	 0000000000000,00	 0000000000000,00	 0000000000000,00
107000300	 0000000000000,00	 0000000000000,00	 0000000000000,00	 0000000000000,00
107000400	 0018156155721,00	 0000000000000,00	 0000000000000,00	 0079132979878,00
107000401	 0008541742002,00	 0000000000000,00	 0000000000000,00	 0000000000000,00
107000409	 0000000000000,00	 0000000000000,00	 0000000000000,00	 0071815644434,00
107000411	 0009614413719,00	 0000000000000,00	 0000000000000,00	 0000139190513,00
107000419	 0000000000000,00	 0000000000000,00	 0000000000000,00	 0007178144931,00
110000000	 0326155388894,00	 0121634033944,00	 0000000000000,00	 0030158083680,00
111000100	 0113077014469,00	 0000000000000,00	 0000000000000,00	 0007815919987,00
111000101	 0029463317140,00	 0000000000000,00	 0000000000000,00	 0000000000000,00
111000102	 0083613697329,00	 0000000000000,00	 0000000000000,00	 0007815919987,00
111000103	 0000000000000,00	 0000000000000,00	 0000000000000,00	 0000000000000,00
111000104	 0000000000000,00	 0000000000000,00	 0000000000000,00	 0000000000000,00
111000105	 0000000000000,00	 0000000000000,00	 0000000000000,00	 0000000000000,00
111000109	 0000000000000,00	 0000000000000,00	 0000000000000,00	 0000000000000,00
112000000	 0155293816966,00	 0121634033944,00	 0000000000000,00	 0022342163693,00
112000100	 0077355893821,00	 0010207583676,00	 0000000000000,00	 0000000000000,00
112000101	 0025422116974,00	 0003854738697,00	 0000000000000,00	 0000000000000,00
112000102	 0051933776847,00	 0006352844979,00	 0000000000000,00	 0000000000000,00
112000109	 0000000000000,00	 0000000000000,00	 0000000000000,00	 0000000000000,00
112000200	 0077937923145,00	 0111426450268,00	 0000000000000,00	 0000000000000,00
112000201	 0077936616864,00	 0111426450268,00	 0000000000000,00	 0000000000000,00
112000202	 0000001306281,00	 0000000000000,00	 0000000000000,00	 0000000000000,00
112000209	 0000000000000,00	 0000000000000,00	 0000000000000,00	 0000000000000,00
112000300	 0000000000000,00	 0000000000000,00	 0000000000000,00	 0022342163693,00
112000301	 0000000000000,00	 0000000000000,00	 0000000000000,00	 0000000000000,00
112000302	 0000000000000,00	 0000000000000,00	 0000000000000,00	 0015328401746,00
112000303	 0000000000000,00	 0000000000000,00	 0000000000000,00	 0000000000000,00
112000304	 0000000000000,00	 0000000000000,00	 0000000000000,00	 0000000000000,00
112000309	 0000000000000,00	 0000000000000,00	 0000000000000,00	 0007013761947,00
113000000	 0057784557459,00	 0000000000000,00	 0000000000000,00	 0000000000000,00
113000100	 0055919227333,00	 0000000000000,00	 0000000000000,00	 0000000000000,00
113000101	 0055919227333,00	 0000000000000,00	 0000000000000,00	 0000000000000,00
113000102	 0000000000000,00	 0000000000000,00	 0000000000000,00	 0000000000000,00
113000200	 0001865330126,00	 0000000000000,00	 0000000000000,00	 0000000000000,00
113000201	 0001865330126,00	 0000000000000,00	 0000000000000,00	 0000000000000,00
113000202	 0000000000000,00	 0000000000000,00	 0000000000000,00	 0000000000000,00
113000300	 0000000000000,00	 0000000000000,00	 0000000000000,00	 0000000000000,00
113000301	 0000000000000,00	 0000000000000,00	 0000000000000,00	 0000000000000,00
113000302	 0000000000000,00	 0000000000000,00	 0000000000000,00	 0000000000000,00
113000303	 0000000000000,00	 0000000000000,00	 0000000000000,00	 0000000000000,00
113000304	 0000000000000,00	 0000000000000,00	 0000000000000,00	 0000000000000,00
113000400	 0000000000000,00	 0000000000000,00	 0000000000000,00	 0000000000000,00
115000000	 0000000000000,00	 0000000000000,00	 0000000000000,00	 0000000000000,00
115250000	 0000000000000,00	 0000000000000,00	 0000000000000,00	 0000000000000,00
115250100	 0000000000000,00	 0000000000000,00	 0000000000000,00	 0000000000000,00
115250101	 0000000000000,00	 0000000000000,00	 0000000000000,00	 0000000000000,00
115250102	 0000000000000,00	 0000000000000,00	 0000000000000,00	 0000000000000,00
115250109	 0000000000000,00	 0000000000000,00	 0000000000000,00	 0000000000000,00
115250200	 0000000000000,00	 0000000000000,00	 0000000000000,00	 0000000000000,00
115250201	 0000000000000,00	 0000000000000,00	 0000000000000,00	 0000000000000,00
115250202	 0000000000000,00	 0000000000000,00	 0000000000000,00	 0000000000000,00
115250209	 0000000000000,00	 0000000000000,00	 0000000000000,00	 0000000000000,00
115250300	 0000000000000,00	 0000000000000,00	 0000000000000,00	 0000000000000,00
115250301	 0000000000000,00	 0000000000000,00	 0000000000000,00	 0000000000000,00
115250302	 0000000000000,00	 0000000000000,00	 0000000000000,00	 0000000000000,00
115250303	 0000000000000,00	 0000000000000,00	 0000000000000,00	 0000000000000,00
115250304	 0000000000000,00	 0000000000000,00	 0000000000000,00	 0000000000000,00
115250309	 0000000000000,00	 0000000000000,00	 0000000000000,00	 0000000000000,00
115500000	 0000000000000,00	 0000000000000,00	 0000000000000,00	 0000000000000,00
115500100	 0000000000000,00	 0000000000000,00	 0000000000000,00	 0000000000000,00
115500101	 0000000000000,00	 0000000000000,00	 0000000000000,00	 0000000000000,00
115500102	 0000000000000,00	 0000000000000,00	 0000000000000,00	 0000000000000,00
115500300	 0000000000000,00	 0000000000000,00	 0000000000000,00	 0000000000000,00
115500301	 0000000000000,00	 0000000000000,00	 0000000000000,00	 0000000000000,00
115500302	 0000000000000,00	 0000000000000,00	 0000000000000,00	 0000000000000,00
115500303	 0000000000000,00	 0000000000000,00	 0000000000000,00	 0000000000000,00
115500304	 0000000000000,00	 0000000000000,00	 0000000000000,00	 0000000000000,00
115500400	 0000000000000,00	 0000000000000,00	 0000000000000,00	 0000000000000,00
118000000	 0000000000000,00	 0000000000000,00	 0000000000000,00	 0000000000000,00
118250000	 0000000000000,00	 0000000000000,00	 0000000000000,00	 0000000000000,00
118250100	 0000000000000,00	 0000000000000,00	 0000000000000,00	 0000000000000,00
118250101	 0000000000000,00	 0000000000000,00	 0000000000000,00	 0000000000000,00
118250102	 0000000000000,00	 0000000000000,00	 0000000000000,00	 0000000000000,00
118250109	 0000000000000,00	 0000000000000,00	 0000000000000,00	 0000000000000,00
118250200	 0000000000000,00	 0000000000000,00	 0000000000000,00	 0000000000000,00
118250201	 0000000000000,00	 0000000000000,00	 0000000000000,00	 0000000000000,00
118250202	 0000000000000,00	 0000000000000,00	 0000000000000,00	 0000000000000,00
118250209	 0000000000000,00	 0000000000000,00	 0000000000000,00	 0000000000000,00
118250300	 0000000000000,00	 0000000000000,00	 0000000000000,00	 0000000000000,00
118250301	 0000000000000,00	 0000000000000,00	 0000000000000,00	 0000000000000,00
118250302	 0000000000000,00	 0000000000000,00	 0000000000000,00	 0000000000000,00
118250303	 0000000000000,00	 0000000000000,00	 0000000000000,00	 0000000000000,00
118250304	 0000000000000,00	 0000000000000,00	 0000000000000,00	 0000000000000,00
118250309	 0000000000000,00	 0000000000000,00	 0000000000000,00	 0000000000000,00
118500000	 0000000000000,00	 0000000000000,00	 0000000000000,00	 0000000000000,00
118500300	 0000000000000,00	 0000000000000,00	 0000000000000,00	 0000000000000,00
118500301	 0000000000000,00	 0000000000000,00	 0000000000000,00	 0000000000000,00
118500302	 0000000000000,00	 0000000000000,00	 0000000000000,00	 0000000000000,00
118500303	 0000000000000,00	 0000000000000,00	 0000000000000,00	 0000000000000,00
118500304	 0000000000000,00	 0000000000000,00	 0000000000000,00	 0000000000000,00
118500400	 0000000000000,00	 0000000000000,00	 0000000000000,00	 0000000000000,00
120000000	 0129620992570,00	 0001064996576,00	 0000000000000,00	 0001830789512,00
122000000	 0129620992570,00	 0001064996576,00	 0000000000000,00	 0001830789512,00
122000100	 0110973792480,00	 0000000000000,00	 0000000000000,00	 0001830789512,00
122000101	 0000000000000,00	 0000000000000,00	 0000000000000,00	 0000000000000,00
122000102	 0110973792480,00	 0000000000000,00	 0000000000000,00	 0001830789512,00
122000109	 0000000000000,00	 0000000000000,00	 0000000000000,00	 0000000000000,00
122000200	 0018647200090,00	 0001064996576,00	 0000000000000,00	 0000000000000,00
122000201	 0014410329324,00	 0000000000000,00	 0000000000000,00	 0000000000000,00
122000202	 0004236870766,00	 0001064996576,00	 0000000000000,00	 0000000000000,00
122000209	 0000000000000,00	 0000000000000,00	 0000000000000,00	 0000000000000,00
122000300	 0000000000000,00	 0000000000000,00	 0000000000000,00	 0000000000000,00
122000301	 0000000000000,00	 0000000000000,00	 0000000000000,00	 0000000000000,00
122000302	 0000000000000,00	 0000000000000,00	 0000000000000,00	 0000000000000,00
122000303	 0000000000000,00	 0000000000000,00	 0000000000000,00	 0000000000000,00
122000304	 0000000000000,00	 0000000000000,00	 0000000000000,00	 0000000000000,00
122000309	 0000000000000,00	 0000000000000,00	 0000000000000,00	 0000000000000,00
123000000	 0000000000000,00	 0000000000000,00	 0000000000000,00	 0000000000000,00
123000300	 0000000000000,00	 0000000000000,00	 0000000000000,00	 0000000000000,00
123000301	 0000000000000,00	 0000000000000,00	 0000000000000,00	 0000000000000,00
123000302	 0000000000000,00	 0000000000000,00	 0000000000000,00	 0000000000000,00
123000303	 0000000000000,00	 0000000000000,00	 0000000000000,00	 0000000000000,00
123000304	 0000000000000,00	 0000000000000,00	 0000000000000,00	 0000000000000,00
123000400	 0000000000000,00	 0000000000000,00	 0000000000000,00	 0000000000000,00
130000000	 0000941496838,00	 0001254558815,00	 0000000000000,00	 0000000000000,00
130000100	 0000941496838,00	 0001254558815,00	 0000000000000,00	 0000000000000,00
130000101	 0000000000000,00	 0000000000000,00	 0000000000000,00	 0000000000000,00
130000102	 0000941496838,00	 0001254558815,00	 0000000000000,00	 0000000000000,00
130000103	 0000000000000,00	 0000000000000,00	 0000000000000,00	 0000000000000,00
130000104	 0000000000000,00	 0000000000000,00	 0000000000000,00	 0000000000000,00
130000105	 0000000000000,00	 0000000000000,00	 0000000000000,00	 0000000000000,00
130000190	 0000000000000,00	 0000000000000,00	 0000000000000,00	 0000000000000,00
140000000	 3227929252102,00	 3638821404708,00	 0112398168896,00	 0962595699971,00
141000000	 0000000000000,00	 0000000000000,00	 0000000000000,00	 0000000000000,00
141000100	 0000000000000,00	 0000000000000,00	 0000000000000,00	 0000000000000,00
141000101	 0000000000000,00	 0000000000000,00	 0000000000000,00	 0000000000000,00
141000102	 0000000000000,00	 0000000000000,00	 0000000000000,00	 0000000000000,00
141000103	 0000000000000,00	 0000000000000,00	 0000000000000,00	 0000000000000,00
141000200	 0000000000000,00	 0000000000000,00	 0000000000000,00	 0000000000000,00
141000201	 0000000000000,00	 0000000000000,00	 0000000000000,00	 0000000000000,00
141000202	 0000000000000,00	 0000000000000,00	 0000000000000,00	 0000000000000,00
141000203	 0000000000000,00	 0000000000000,00	 0000000000000,00	 0000000000000,00
141000300	 0000000000000,00	 0000000000000,00	 0000000000000,00	 0000000000000,00
141000301	 0000000000000,00	 0000000000000,00	 0000000000000,00	 0000000000000,00
141000302	 0000000000000,00	 0000000000000,00	 0000000000000,00	 0000000000000,00
141000400	 0000000000000,00	 0000000000000,00	 0000000000000,00	 0000000000000,00
141000401	 0000000000000,00	 0000000000000,00	 0000000000000,00	 0000000000000,00
141000402	 0000000000000,00	 0000000000000,00	 0000000000000,00	 0000000000000,00
141000900	 0000000000000,00	 0000000000000,00	 0000000000000,00	 0000000000000,00
141000901	 0000000000000,00	 0000000000000,00	 0000000000000,00	 0000000000000,00
141000902	 0000000000000,00	 0000000000000,00	 0000000000000,00	 0000000000000,00
141000903	 0000000000000,00	 0000000000000,00	 0000000000000,00	 0000000000000,00
141500000	 0608132818578,00	 0045629118916,00	 0000000000000,00	 0189702915990,00
141500100	 0593201937385,00	 0000000000000,00	 0000000000000,00	 0000000000000,00
141500101	 0000000000000,00	 0000000000000,00	 0000000000000,00	 0000000000000,00
141500102	 0593201937385,00	 0000000000000,00	 0000000000000,00	 0000000000000,00
141500109	 0000000000000,00	 0000000000000,00	 0000000000000,00	 0000000000000,00
141500200	 0015865087428,00	 0045629118916,00	 0000000000000,00	 0000000000000,00
141500201	 0000000000000,00	 0000000000000,00	 0000000000000,00	 0000000000000,00
141500202	 0015865087428,00	 0045629118916,00	 0000000000000,00	 0000000000000,00
141500209	 0000000000000,00	 0000000000000,00	 0000000000000,00	 0000000000000,00
141500300	 0000000000000,00	 0000000000000,00	 0000000000000,00	 0189702915990,00
141500301	 0000000000000,00	 0000000000000,00	 0000000000000,00	 0000000000000,00
141500302	 0000000000000,00	 0000000000000,00	 0000000000000,00	 0164974532315,00
141500303	 0000000000000,00	 0000000000000,00	 0000000000000,00	 0000000000000,00
141500304	 0000000000000,00	 0000000000000,00	 0000000000000,00	 0018350141973,00
141500309	 0000000000000,00	 0000000000000,00	 0000000000000,00	 0006378241702,00
141500900	-0000934206235,00	 0000000000000,00	 0000000000000,00	 0000000000000,00
141500901	-0000934206235,00	 0000000000000,00	 0000000000000,00	 0000000000000,00
141500902	 0000000000000,00	 0000000000000,00	 0000000000000,00	 0000000000000,00
141500903	 0000000000000,00	 0000000000000,00	 0000000000000,00	 0000000000000,00
143000000	 0000000000000,00	 0000000000000,00	 0000000000000,00	 0000000000000,00
143100100	 0000000000000,00	 0000000000000,00	 0000000000000,00	 0000000000000,00
143100101	 0000000000000,00	 0000000000000,00	 0000000000000,00	 0000000000000,00
143100102	 0000000000000,00	 0000000000000,00	 0000000000000,00	 0000000000000,00
143100103	 0000000000000,00	 0000000000000,00	 0000000000000,00	 0000000000000,00
143100104	 0000000000000,00	 0000000000000,00	 0000000000000,00	 0000000000000,00
143100105	 0000000000000,00	 0000000000000,00	 0000000000000,00	 0000000000000,00
143100106	 0000000000000,00	 0000000000000,00	 0000000000000,00	 0000000000000,00
143100107	 0000000000000,00	 0000000000000,00	 0000000000000,00	 0000000000000,00
143100190	 0000000000000,00	 0000000000000,00	 0000000000000,00	 0000000000000,00
143150100	 0000000000000,00	 0000000000000,00	 0000000000000,00	 0000000000000,00
143150101	 0000000000000,00	 0000000000000,00	 0000000000000,00	 0000000000000,00
143150102	 0000000000000,00	 0000000000000,00	 0000000000000,00	 0000000000000,00
143150103	 0000000000000,00	 0000000000000,00	 0000000000000,00	 0000000000000,00
143200100	 0000000000000,00	 0000000000000,00	 0000000000000,00	 0000000000000,00
143200101	 0000000000000,00	 0000000000000,00	 0000000000000,00	 0000000000000,00
143200102	 0000000000000,00	 0000000000000,00	 0000000000000,00	 0000000000000,00
143200103	 0000000000000,00	 0000000000000,00	 0000000000000,00	 0000000000000,00
143200104	 0000000000000,00	 0000000000000,00	 0000000000000,00	 0000000000000,00
143200105	 0000000000000,00	 0000000000000,00	 0000000000000,00	 0000000000000,00
143200106	 0000000000000,00	 0000000000000,00	 0000000000000,00	 0000000000000,00
143200107	 0000000000000,00	 0000000000000,00	 0000000000000,00	 0000000000000,00
143200108	 0000000000000,00	 0000000000000,00	 0000000000000,00	 0000000000000,00
143200190	 0000000000000,00	 0000000000000,00	 0000000000000,00	 0000000000000,00
143250100	 0000000000000,00	 0000000000000,00	 0000000000000,00	 0000000000000,00
143250101	 0000000000000,00	 0000000000000,00	 0000000000000,00	 0000000000000,00
143250102	 0000000000000,00	 0000000000000,00	 0000000000000,00	 0000000000000,00
143250103	 0000000000000,00	 0000000000000,00	 0000000000000,00	 0000000000000,00
143300100	 0000000000000,00	 0000000000000,00	 0000000000000,00	 0000000000000,00
143300101	 0000000000000,00	 0000000000000,00	 0000000000000,00	 0000000000000,00
143300102	 0000000000000,00	 0000000000000,00	 0000000000000,00	 0000000000000,00
143300103	 0000000000000,00	 0000000000000,00	 0000000000000,00	 0000000000000,00
143400100	 0000000000000,00	 0000000000000,00	 0000000000000,00	 0000000000000,00
143400101	 0000000000000,00	 0000000000000,00	 0000000000000,00	 0000000000000,00
143400102	 0000000000000,00	 0000000000000,00	 0000000000000,00	 0000000000000,00
143400103	 0000000000000,00	 0000000000000,00	 0000000000000,00	 0000000000000,00
144000000	 2619796433524,00	 3593192285792,00	 0112398168896,00	 0772892783981,00
145000000	 2475593886714,00	 2102569195409,00	 0114725929666,00	 0831432102442,00
145400100	 2178978336426,00	 1803325019704,00	 0059491258300,00	 0497338172113,00
145400101	 2178978336426,00	 1451340886950,00	 0059491258300,00	 0476844489964,00
145400102	 0000000000000,00	 0000000000000,00	 0000000000000,00	 0020493682149,00
145400103	 0000000000000,00	 0000000000000,00	 0000000000000,00	 0000000000000,00
145400104	 0000000000000,00	 0000120742837,00	 0000000000000,00	 0000000000000,00
145400105	 0000000000000,00	 0116981501290,00	 0000000000000,00	 0000000000000,00
145400106	 0000000000000,00	 0234881888627,00	 0000000000000,00	 0000000000000,00
145400200	 0005819336683,00	 0000000000000,00	 0000013789931,00	 0303943282153,00
145400201	 0000000000000,00	 0000000000000,00	 0000000000000,00	 0041662830040,00
145400202	 0005819336683,00	 0000000000000,00	 0000000000000,00	 0157248965210,00
145400203	 0000000000000,00	 0000000000000,00	 0000013789931,00	 0009364120794,00
145400204	 0000000000000,00	 0000000000000,00	 0000000000000,00	 0090925358173,00
145400205	 0000000000000,00	 0000000000000,00	 0000000000000,00	 0000080388801,00
145400290	 0000000000000,00	 0000000000000,00	 0000000000000,00	 0004661619135,00
145400300	 0048042181267,00	 0000000000000,00	 0000000000000,00	 0006926496946,00
145400400	 0002939372738,00	 0000000000000,00	 0000000000000,00	 0000678454063,00
145400401	 0000980476841,00	 0000000000000,00	 0000000000000,00	 0000678454063,00
145400402	 0001958895897,00	 0000000000000,00	 0000000000000,00	 0000000000000,00
145400500	 0111696641610,00	 0000000000000,00	 0000000000000,00	 0022541151620,00
145400501	 0098690346971,00	 0000000000000,00	 0000000000000,00	 0012194832565,00
145400502	 0013006294639,00	 0000000000000,00	 0000000000000,00	 0010346319055,00
145400600	 0126848036786,00	 0291792116372,00	 0054952705074,00	 0000000000000,00
145400601	 0015853011779,00	 0216374892429,00	 0014356262049,00	 0000000000000,00
145400602	 0110995025007,00	 0075417223943,00	 0040596443025,00	 0000000000000,00
145400700	 0000000000000,00	 0006889685545,00	 0000000000000,00	 0000000000000,00
145400701	 0000000000000,00	 0000000000000,00	 0000000000000,00	 0000000000000,00
145400702	 0000000000000,00	 0000007734442,00	 0000000000000,00	 0000000000000,00
145400703	 0000000000000,00	 0006881951103,00	 0000000000000,00	 0000000000000,00
145400900	 0001269981204,00	 0000562373788,00	 0000268176361,00	 0000004545547,00
145400901	 0000000000000,00	 0000000000000,00	 0000000000000,00	 0000000000000,00
145400902	 0000756738658,00	 0000000000000,00	 0000000000000,00	 0000000000000,00
145400990	 0000513242546,00	 0000562373788,00	 0000268176361,00	 0000004545547,00
146000000	 0000023479504,00	 1486433099189,00	 0000000000000,00	 0000000000000,00
146000100	 0000000000000,00	 0000242481440,00	 0000000000000,00	 0000000000000,00
146000200	 0000000000000,00	 0568462591927,00	 0000000000000,00	 0000000000000,00
146000300	 0000000000000,00	 0000000000000,00	 0000000000000,00	 0000000000000,00
146000400	 0000000000000,00	 0910771226519,00	 0000000000000,00	 0000000000000,00
146000401	 0000000000000,00	 0910771226519,00	 0000000000000,00	 0000000000000,00
146000402	 0000000000000,00	 0000000000000,00	 0000000000000,00	 0000000000000,00
146000500	 0000000000000,00	 0000134173414,00	 0000000000000,00	 0000000000000,00
146000900	 0000023479504,00	 0006822625889,00	 0000000000000,00	 0000000000000,00
146000901	 0000000000000,00	 0006803915181,00	 0000000000000,00	 0000000000000,00
146000902	 0000000000000,00	 0000000000000,00	 0000000000000,00	 0000000000000,00
146000903	 0000000000000,00	 0000000000000,00	 0000000000000,00	 0000000000000,00
146000909	 0000023479504,00	 0000018710708,00	 0000000000000,00	 0000000000000,00
148000000	 0194774748203,00	 0004189991194,00	 0000000000000,00	 0003611365848,00
148000100	 0130220267728,00	 0004189991194,00	 0000000000000,00	 0000000000000,00
148000200	 0010246239549,00	 0000000000000,00	 0000000000000,00	 0000000000000,00
148000300	 0054308240926,00	 0000000000000,00	 0000000000000,00	 0003611365848,00
148000301	 0027923921247,00	 0000000000000,00	 0000000000000,00	 0003611365848,00
148000302	 0026384319679,00	 0000000000000,00	 0000000000000,00	 0000000000000,00
148000400	 0000000000000,00	 0000000000000,00	 0000000000000,00	 0000000000000,00
148000900	 0000000000000,00	 0000000000000,00	 0000000000000,00	 0000000000000,00
148000901	 0000000000000,00	 0000000000000,00	 0000000000000,00	 0000000000000,00
148000902	 0000000000000,00	 0000000000000,00	 0000000000000,00	 0000000000000,00
149000000	-0050595680897,00	 0000000000000,00	-0002327760770,00	-0062150684309,00
149500100	-0045718114577,00	 0000000000000,00	-0002327760770,00	-0062109380595,00
149500101	-0021013920390,00	 0000000000000,00	-0001522135910,00	-0013105126397,00
149500102	-0010857325859,00	 0000000000000,00	-0000039270071,00	-0002166165289,00
149500103	-0004464964778,00	 0000000000000,00	-0000755359360,00	-0046013599144,00
149500104	-0004104629830,00	 0000000000000,00	-0000010995429,00	-0000399358206,00
149500105	-0002431673800,00	 0000000000000,00	 0000000000000,00	-0000425131559,00
149500109	-0002845599920,00	 0000000000000,00	 0000000000000,00	 0000000000000,00
149600100	-0001333467734,00	 0000000000000,00	 0000000000000,00	 0000000000000,00
149600101	-0001073303229,00	 0000000000000,00	 0000000000000,00	 0000000000000,00
149600102	-0000260164505,00	 0000000000000,00	 0000000000000,00	 0000000000000,00
149700100	-0003544098586,00	 0000000000000,00	 0000000000000,00	-0000041303714,00
149700101	-0001752712116,00	 0000000000000,00	 0000000000000,00	-0000031501410,00
149700102	-0001791386470,00	 0000000000000,00	 0000000000000,00	-0000009802304,00
150000000	 0000857915162,00	 0000000000000,00	 0000000000000,00	 0000000000000,00
150000100	 0000000000000,00	 0000000000000,00	 0000000000000,00	 0000000000000,00
150000200	 0000000000000,00	 0000000000000,00	 0000000000000,00	 0000000000000,00
150000201	 0000000000000,00	 0000000000000,00	 0000000000000,00	 0000000000000,00
150000202	 0000000000000,00	 0000000000000,00	 0000000000000,00	 0000000000000,00
150000300	 0000000000000,00	 0000000000000,00	 0000000000000,00	 0000000000000,00
150000400	 0000000000000,00	 0000000000000,00	 0000000000000,00	 0000000000000,00
150000500	 0000000000000,00	 0000000000000,00	 0000000000000,00	 0000000000000,00
150000600	 0000000000000,00	 0000000000000,00	 0000000000000,00	 0000000000000,00
150000700	 0000857915162,00	 0000000000000,00	 0000000000000,00	 0000000000000,00
150000800	 0000000000000,00	 0000000000000,00	 0000000000000,00	 0000000000000,00
160000000	 0010197927252,00	 0000000000000,00	 0000000000000,00	 0000000000000,00
160000100	 0000000000000,00	 0000000000000,00	 0000000000000,00	 0000000000000,00
160000200	 0000000000000,00	 0000000000000,00	 0000000000000,00	 0000000000000,00
160000201	 0000000000000,00	 0000000000000,00	 0000000000000,00	 0000000000000,00
160000202	 0000000000000,00	 0000000000000,00	 0000000000000,00	 0000000000000,00
160000203	 0000000000000,00	 0000000000000,00	 0000000000000,00	 0000000000000,00
160000204	 0000000000000,00	 0000000000000,00	 0000000000000,00	 0000000000000,00
160000205	 0000000000000,00	 0000000000000,00	 0000000000000,00	 0000000000000,00
160000206	 0000000000000,00	 0000000000000,00	 0000000000000,00	 0000000000000,00
160000207	 0000000000000,00	 0000000000000,00	 0000000000000,00	 0000000000000,00
160000208	 0000000000000,00	 0000000000000,00	 0000000000000,00	 0000000000000,00
160000209	 0000000000000,00	 0000000000000,00	 0000000000000,00	 0000000000000,00
160000219	 0000000000000,00	 0000000000000,00	 0000000000000,00	 0000000000000,00
160000300	 0010197927252,00	 0000000000000,00	 0000000000000,00	 0000000000000,00
160000301	 0013291606094,00	 0000000000000,00	 0000000000000,00	 0000000000000,00
160000302	 0029426482191,00	 0000000000000,00	 0000000000000,00	 0000000000000,00
160000303	 0000000000000,00	 0000000000000,00	 0000000000000,00	 0000000000000,00
160000309	 0000000000000,00	 0000000000000,00	 0000000000000,00	 0000000000000,00
160000319	-0032520161033,00	 0000000000000,00	 0000000000000,00	 0000000000000,00
170000000	 0044285685615,00	 0000000000000,00	 0000000000000,00	 0000000000000,00
170000100	 0014803086239,00	 0000000000000,00	 0000000000000,00	 0000000000000,00
170000101	 0013379980113,00	 0000000000000,00	 0000000000000,00	 0000000000000,00
170000102	 0005091250623,00	 0000000000000,00	 0000000000000,00	 0000000000000,00
170000119	-0003668144497,00	 0000000000000,00	 0000000000000,00	 0000000000000,00
170000200	 0029482599376,00	 0000000000000,00	 0000000000000,00	 0000000000000,00
170000201	 0014810118012,00	 0000000000000,00	 0000000000000,00	 0000000000000,00
170000209	 0029718128960,00	 0000000000000,00	 0000000000000,00	 0000000000000,00
170000219	-0015045647596,00	 0000000000000,00	 0000000000000,00	 0000000000000,00
175000000	 0000805558122,00	 0073842516127,00	 0000000000000,00	 0000000000000,00
175000100	 0000000000000,00	 0073842516127,00	 0000000000000,00	 0000000000000,00
175000101	 0000143227879,00	 0082327777855,00	 0000000000000,00	 0000000000000,00
175000102	 0000000000000,00	 0000000000000,00	 0000000000000,00	 0000000000000,00
175000119	-0000143227879,00	-0008485261728,00	 0000000000000,00	 0000000000000,00
175000200	 0000805558122,00	 0000000000000,00	 0000000000000,00	 0000000000000,00
175000201	 0006093298296,00	 0000000000000,00	 0000000000000,00	 0000000000000,00
175000219	-0005287740174,00	 0000000000000,00	 0000000000000,00	 0000000000000,00
175000300	 0000000000000,00	 0000000000000,00	 0000000000000,00	 0000000000000,00
175000301	 0000000000000,00	 0000000000000,00	 0000000000000,00	 0000000000000,00
175000309	 0000000000000,00	 0000000000000,00	 0000000000000,00	 0000000000000,00
175000319	 0000000000000,00	 0000000000000,00	 0000000000000,00	 0000000000000,00
175000400	 0000000000000,00	 0000000000000,00	 0000000000000,00	 0000000000000,00
175000401	 0000000000000,00	 0000000000000,00	 0000000000000,00	 0000000000000,00
175000409	 0000000000000,00	 0000000000000,00	 0000000000000,00	 0000000000000,00
175000419	 0000000000000,00	 0000000000000,00	 0000000000000,00	 0000000000000,00
180000000	 0001803943751,00	 0000000000000,00	 0000000000000,00	 0000000000000,00
185000000	 0043547332127,00	 0000000000000,00	 0000000000000,00	 0000000000000,00
190000000	 0193362657578,00	 0000645438829,00	 0000000000000,00	 0015556370570,00
190000100	 0024576337342,00	 0000000000000,00	 0000000000000,00	 0000043380930,00
190000101	 0024576337342,00	 0000000000000,00	 0000000000000,00	 0000043380930,00
190000102	 0000000000000,00	 0000000000000,00	 0000000000000,00	 0000000000000,00
190000103	 0000000000000,00	 0000000000000,00	 0000000000000,00	 0000000000000,00
190000200	 0022291922821,00	 0000000000000,00	 0000000000000,00	 0007067917292,00
190000201	 0005279706436,00	 0000000000000,00	 0000000000000,00	 0000000000000,00
190000202	 0000000000000,00	 0000000000000,00	 0000000000000,00	 0000000000000,00
190000203	 0017012216385,00	 0000000000000,00	 0000000000000,00	 0000000000000,00
190000204	 0000000000000,00	 0000000000000,00	 0000000000000,00	 0007067917292,00
190000300	 0048312047672,00	 0000000000000,00	 0000000000000,00	 0000128579023,00
190000301	 0038760859279,00	 0000000000000,00	 0000000000000,00	 0000128579023,00
190000302	 0009551188393,00	 0000000000000,00	 0000000000000,00	 0000000000000,00
190000303	 0000000000000,00	 0000000000000,00	 0000000000000,00	 0000000000000,00
190000400	 0000000000000,00	 0000000000000,00	 0000000000000,00	 0000000000000,00
190000401	 0000000000000,00	 0000000000000,00	 0000000000000,00	 0000000000000,00
190000402	 0000000000000,00	 0000000000000,00	 0000000000000,00	 0000000000000,00
190000500	 0026247966709,00	 0000644671691,00	 0000000000000,00	 0002130362539,00
190000501	 0000000000000,00	 0000000000000,00	 0000000000000,00	 0000000000000,00
190000502	 0000000000000,00	 0000000000000,00	 0000000000000,00	 0000000000000,00
190000503	 0000000000000,00	 0000000000000,00	 0000000000000,00	 0000000000000,00
190000504	 0000000000000,00	 0000000000000,00	 0000000000000,00	 0000000000000,00
190000505	 0000000000000,00	 0000000000000,00	 0000000000000,00	 0000000000000,00
190000509	 0026247966709,00	 0000644671691,00	 0000000000000,00	 0002130362539,00
190000600	 0000000000000,00	 0000000000000,00	 0000000000000,00	 0000000000000,00
190000700	 0000000000000,00	 0000000000000,00	 0000000000000,00	 0000000000000,00
190000701	 0000000000000,00	 0000000000000,00	 0000000000000,00	 0000000000000,00
190000702	 0000000000000,00	 0000000000000,00	 0000000000000,00	 0000000000000,00
190000800	 0010146635181,00	 0000000000000,00	 0000000000000,00	 0000000000000,00
190000900	 0003583588037,00	 0000000000000,00	 0000000000000,00	 0000000000000,00
190001000	 0018227733779,00	 0000000000000,00	 0000000000000,00	 0000000000000,00
190001100	 0000000000000,00	 0000000000000,00	 0000000000000,00	 0000000000000,00
190001200	 0000000000000,00	 0000000000000,00	 0000000000000,00	 0000000000000,00
190001300	 0000000000000,00	 0000000000000,00	 0000000000000,00	 0000000000000,00
190001400	 0000140000000,00	 0000000000000,00	 0000000000000,00	 0000196995000,00
190001500	 0001911446316,00	 0000000000000,00	 0000000000000,00	 0002289924733,00
190002900	 0037924979721,00	 0000000767138,00	 0000000000000,00	 0003699211053,00
192500100	 0000000000000,00	 0000000000000,00	 0000000000000,00	 0000000000000,00
192500101	 0000000000000,00	 0000000000000,00	 0000000000000,00	 0000000000000,00
192500102	 0000000000000,00	 0000000000000,00	 0000000000000,00	 0000000000000,00
192500103	 0000000000000,00	 0000000000000,00	 0000000000000,00	 0000000000000,00
195000000	 0000594318856,00	 0000000000000,00	 0000000000000,00	 0000000000000,00
195000100	 0000480500008,00	 0000000000000,00	 0000000000000,00	 0000000000000,00
195000101	 0000000000000,00	 0000000000000,00	 0000000000000,00	 0000000000000,00
195000102	 0000480500008,00	 0000000000000,00	 0000000000000,00	 0000000000000,00
195000103	 0000000000000,00	 0000000000000,00	 0000000000000,00	 0000000000000,00
195000200	 0000113818848,00	 0000000000000,00	 0000000000000,00	 0000000000000,00
195000201	 0000000000000,00	 0000000000000,00	 0000000000000,00	 0000000000000,00
195000202	 0000000000000,00	 0000000000000,00	 0000000000000,00	 0000000000000,00
195000203	 0000000000000,00	 0000000000000,00	 0000000000000,00	 0000000000000,00
195000204	 0000113818848,00	 0000000000000,00	 0000000000000,00	 0000000000000,00
195000219	 0000000000000,00	 0000000000000,00	 0000000000000,00	 0000000000000,00
195000300	 0000000000000,00	 0000000000000,00	 0000000000000,00	 0000000000000,00
200000000	 5402113009228,00	 2233976333912,00	 0063388254942,00	 1715040745218,00
207000000	 0025760827526,00	 0000000000000,00	 0000000000000,00	 0059860347755,00
207000100	 0000000000000,00	 0000000000000,00	 0000000000000,00	 0000000000000,00
207000101	 0000000000000,00	 0000000000000,00	 0000000000000,00	 0000000000000,00
207000102	 0000000000000,00	 0000000000000,00	 0000000000000,00	 0000000000000,00
207000200	 0000000000000,00	 0000000000000,00	 0000000000000,00	 0000000000000,00
207000300	 0025760827526,00	 0000000000000,00	 0000000000000,00	 0059860347755,00
207000301	 0017269038503,00	 0000000000000,00	 0000000000000,00	 0000000000000,00
207000309	 0000000000000,00	 0000000000000,00	 0000000000000,00	 0051332263567,00
207000311	 0008491789023,00	 0000000000000,00	 0000000000000,00	 0000000000000,00
207000319	 0000000000000,00	 0000000000000,00	 0000000000000,00	 0008528084188,00
210000000	 0150416859158,00	 0000000000000,00	 0000000000000,00	 0005438155738,00
211000100	 0150416859158,00	 0000000000000,00	 0000000000000,00	 0005438155738,00
211000101	 0055313660814,00	 0000000000000,00	 0000000000000,00	 0000000000000,00
211000102	 0095103198344,00	 0000000000000,00	 0000000000000,00	 0005438155738,00
211000103	 0000000000000,00	 0000000000000,00	 0000000000000,00	 0000000000000,00
211000104	 0000000000000,00	 0000000000000,00	 0000000000000,00	 0000000000000,00
211000105	 0000000000000,00	 0000000000000,00	 0000000000000,00	 0000000000000,00
211000190	 0000000000000,00	 0000000000000,00	 0000000000000,00	 0000000000000,00
213000100	 0000000000000,00	 0000000000000,00	 0000000000000,00	 0000000000000,00
213000101	 0000000000000,00	 0000000000000,00	 0000000000000,00	 0000000000000,00
213000102	 0000000000000,00	 0000000000000,00	 0000000000000,00	 0000000000000,00
213000103	 0000000000000,00	 0000000000000,00	 0000000000000,00	 0000000000000,00
213000109	 0000000000000,00	 0000000000000,00	 0000000000000,00	 0000000000000,00
218000000	 0000000000000,00	 0000000000000,00	 0000000000000,00	 0000000000000,00
218000001	 0000000000000,00	 0000000000000,00	 0000000000000,00	 0000000000000,00
218000002	 0000000000000,00	 0000000000000,00	 0000000000000,00	 0000000000000,00
218000003	 0000000000000,00	 0000000000000,00	 0000000000000,00	 0000000000000,00
218000009	 0000000000000,00	 0000000000000,00	 0000000000000,00	 0000000000000,00
230000000	 0031427265971,00	 0014416460301,00	 0000000000000,00	 0000000000000,00
230000100	 0031427265971,00	 0014416460301,00	 0000000000000,00	 0000000000000,00
230000101	 0000000000000,00	 0000000000000,00	 0000000000000,00	 0000000000000,00
230000102	 0031427265971,00	 0014416460301,00	 0000000000000,00	 0000000000000,00
230000103	 0000000000000,00	 0000000000000,00	 0000000000000,00	 0000000000000,00
230000104	 0000000000000,00	 0000000000000,00	 0000000000000,00	 0000000000000,00
230000105	 0000000000000,00	 0000000000000,00	 0000000000000,00	 0000000000000,00
230000190	 0000000000000,00	 0000000000000,00	 0000000000000,00	 0000000000000,00
240000000	 4955402325136,00	 1919123732335,00	 0059585560442,00	 1591071399094,00
241000000	 1722896144513,00	 0010213065404,00	 0000035512496,00	 0787750463718,00
241000100	 1541055302323,00	 0000000000000,00	 0000000000000,00	 0676228216678,00
241000101	 0005468999622,00	 0000000000000,00	 0000000000000,00	 0000000000000,00
241000102	 0000000000000,00	 0000000000000,00	 0000000000000,00	 0000000000000,00
241000103	 1208543394834,00	 0000000000000,00	 0000000000000,00	 0526205010583,00
241000104	 0327042907867,00	 0000000000000,00	 0000000000000,00	 0150023206095,00
241000200	 0053912888659,00	 0000000000000,00	 0000000000000,00	 0000000000000,00
241000201	 0053912888659,00	 0000000000000,00	 0000000000000,00	 0000000000000,00
241000202	 0000000000000,00	 0000000000000,00	 0000000000000,00	 0000000000000,00
241000300	 0065067019402,00	 0000000000000,00	 0000000000000,00	 0000000000000,00
241000301	 0065067019402,00	 0000000000000,00	 0000000000000,00	 0000000000000,00
241000400	 0000000000000,00	 0000000000000,00	 0000000000000,00	 0000000000000,00
241000401	 0000000000000,00	 0000000000000,00	 0000000000000,00	 0000000000000,00
241000402	 0000000000000,00	 0000000000000,00	 0000000000000,00	 0000000000000,00
241000500	 0062860934129,00	 0010213065404,00	 0000035512496,00	 0111522247040,00
241000501	 0000000000000,00	 0000000000000,00	 0000000000000,00	 0000000000000,00
241000502	 0000000000000,00	 0000000000000,00	 0000000000000,00	 0000000000000,00
241000503	 0000000000000,00	 0000000000000,00	 0000000000000,00	 0000000000000,00
241000504	 0000000000000,00	 0000000000000,00	 0000000000000,00	 0000000000000,00
241000505	 0008218235813,00	 0009821743845,00	 0000035512496,00	 0003336104975,00
241000506	 0008717385701,00	 0000000000000,00	 0000000000000,00	 0000000000000,00
241000507	 0000000000000,00	 0000000000000,00	 0000000000000,00	 0012130162534,00
241000508	 0000000000000,00	 0000000000000,00	 0000000000000,00	 0000000000000,00
241000509	 0004734168114,00	 0000000000000,00	 0000000000000,00	 0000000000000,00
241000510	 0002423909017,00	 0000000000000,00	 0000000000000,00	 0001105751975,00
241000511	 0001368113633,00	 0000000000000,00	 0000000000000,00	 0000773232935,00
241000512	 0000000000000,00	 0000000000000,00	 0000000000000,00	 0000000000000,00
241000513	 0000000000000,00	 0000000000000,00	 0000000000000,00	 0000000000000,00
241000590	 0037399121851,00	 0000391321559,00	 0000000000000,00	 0094176994621,00
242000000	 2089166893011,00	 0500204437552,00	 0000000000000,00	 0246391329266,00
242000100	 2089166893011,00	 0495170533760,00	 0000000000000,00	 0246391329266,00
242000200	 0000000000000,00	 0005033903792,00	 0000000000000,00	 0000000000000,00
242000201	 0000000000000,00	 0000000000000,00	 0000000000000,00	 0000000000000,00
242000202	 0000000000000,00	 0005033903792,00	 0000000000000,00	 0000000000000,00
242000300	 0000000000000,00	 0000000000000,00	 0000000000000,00	 0000000000000,00
242000301	 0000000000000,00	 0000000000000,00	 0000000000000,00	 0000000000000,00
242000302	 0000000000000,00	 0000000000000,00	 0000000000000,00	 0000000000000,00
242000390	 0000000000000,00	 0000000000000,00	 0000000000000,00	 0000000000000,00
243000000	 0039212566025,00	 0004588880750,00	 0000000000000,00	 0000000000000,00
243000100	 0000000000000,00	 0000000000000,00	 0000000000000,00	 0000000000000,00
243000101	 0000000000000,00	 0000000000000,00	 0000000000000,00	 0000000000000,00
243000102	 0000000000000,00	 0000000000000,00	 0000000000000,00	 0000000000000,00
243000103	 0000000000000,00	 0000000000000,00	 0000000000000,00	 0000000000000,00
243000200	 0000000000000,00	 0000000000000,00	 0000000000000,00	 0000000000000,00
243000201	 0000000000000,00	 0000000000000,00	 0000000000000,00	 0000000000000,00
243000202	 0000000000000,00	 0000000000000,00	 0000000000000,00	 0000000000000,00
243000203	 0000000000000,00	 0000000000000,00	 0000000000000,00	 0000000000000,00
243000300	 0039212566025,00	 0004588880750,00	 0000000000000,00	 0000000000000,00
243000301	 0039212566025,00	 0004588880750,00	 0000000000000,00	 0000000000000,00
243000302	 0000000000000,00	 0000000000000,00	 0000000000000,00	 0000000000000,00
243000400	 0000000000000,00	 0000000000000,00	 0000000000000,00	 0000000000000,00
243000401	 0000000000000,00	 0000000000000,00	 0000000000000,00	 0000000000000,00
243000402	 0000000000000,00	 0000000000000,00	 0000000000000,00	 0000000000000,00
244000000	 1062425707482,00	 0000000000000,00	 0000000000000,00	 0214949573051,00
244250000	 0018551208208,00	 0000000000000,00	 0000000000000,00	 0000000000000,00
244250100	 0000000000000,00	 0000000000000,00	 0000000000000,00	 0000000000000,00
244250101	 0000000000000,00	 0000000000000,00	 0000000000000,00	 0000000000000,00
244250102	 0000000000000,00	 0000000000000,00	 0000000000000,00	 0000000000000,00
244250103	 0000000000000,00	 0000000000000,00	 0000000000000,00	 0000000000000,00
244250200	 0018551208208,00	 0000000000000,00	 0000000000000,00	 0000000000000,00
244250201	 0000000000000,00	 0000000000000,00	 0000000000000,00	 0000000000000,00
244250202	 0000000000000,00	 0000000000000,00	 0000000000000,00	 0000000000000,00
244250203	 0001023639208,00	 0000000000000,00	 0000000000000,00	 0000000000000,00
244250204	 0000000000000,00	 0000000000000,00	 0000000000000,00	 0000000000000,00
244250209	 0017527569000,00	 0000000000000,00	 0000000000000,00	 0000000000000,00
244500000	 0000000000000,00	 0000000000000,00	 0000000000000,00	 0214949573051,00
244500100	 0000000000000,00	 0000000000000,00	 0000000000000,00	 0204550502879,00
244500101	 0000000000000,00	 0000000000000,00	 0000000000000,00	 0133739949257,00
244500102	 0000000000000,00	 0000000000000,00	 0000000000000,00	 0070730236213,00
244500103	 0000000000000,00	 0000000000000,00	 0000000000000,00	 0000080317409,00
244500200	 0000000000000,00	 0000000000000,00	 0000000000000,00	 0010399070172,00
244500201	 0000000000000,00	 0000000000000,00	 0000000000000,00	 0000000000000,00
244500202	 0000000000000,00	 0000000000000,00	 0000000000000,00	 0000000000000,00
244500203	 0000000000000,00	 0000000000000,00	 0000000000000,00	 0001019262378,00
244500204	 0000000000000,00	 0000000000000,00	 0000000000000,00	 0000000000000,00
244500209	 0000000000000,00	 0000000000000,00	 0000000000000,00	 0009379807794,00
244700000	 1043874499274,00	 0000000000000,00	 0000000000000,00	 0000000000000,00
244700100	 1043874499274,00	 0000000000000,00	 0000000000000,00	 0000000000000,00
244700200	 0000000000000,00	 0000000000000,00	 0000000000000,00	 0000000000000,00
244900000	 0000000000000,00	 0000000000000,00	 0000000000000,00	 0000000000000,00
244900100	 0000000000000,00	 0000000000000,00	 0000000000000,00	 0000000000000,00
244900200	 0000000000000,00	 0000000000000,00	 0000000000000,00	 0000000000000,00
245000000	 0034695999602,00	 1404115851913,00	 0000000000000,00	 0277912719997,00
245000100	 0000000000000,00	 0000410112602,00	 0000000000000,00	 0000000000000,00
245000101	 0000000000000,00	 0000275752894,00	 0000000000000,00	 0000000000000,00
245000102	 0000000000000,00	 0000134359708,00	 0000000000000,00	 0000000000000,00
245000200	 0034695999602,00	 1403705739311,00	 0000000000000,00	 0277912719997,00
245000201	 0034695999602,00	 1403705739311,00	 0000000000000,00	 0277912719997,00
245000203	 0000000000000,00	 0000000000000,00	 0000000000000,00	 0000000000000,00
246000000	 0007005014503,00	 0000001496716,00	 0059550047946,00	 0064067313062,00
246000100	 0000000000000,00	 0000001496716,00	 0059550047946,00	 0000000000000,00
246000101	 0000000000000,00	 0000001496716,00	 0059550047946,00	 0000000000000,00
246000102	 0000000000000,00	 0000000000000,00	 0000000000000,00	 0000000000000,00
246000200	 0007005014503,00	 0000000000000,00	 0000000000000,00	 0041662830040,00
246000201	 0000000000000,00	 0000000000000,00	 0000000000000,00	 0000000000000,00
246000202	 0000000000000,00	 0000000000000,00	 0000000000000,00	 0000000000000,00
246000203	 0000000000000,00	 0000000000000,00	 0000000000000,00	 0000000000000,00
246000204	 0007005014503,00	 0000000000000,00	 0000000000000,00	 0000000000000,00
246000205	 0000000000000,00	 0000000000000,00	 0000000000000,00	 0000000000000,00
246000206	 0000000000000,00	 0000000000000,00	 0000000000000,00	 0000000000000,00
246000207	 0000000000000,00	 0000000000000,00	 0000000000000,00	 0000000000000,00
246000208	 0000000000000,00	 0000000000000,00	 0000000000000,00	 0041662830040,00
246000290	 0000000000000,00	 0000000000000,00	 0000000000000,00	 0000000000000,00
246000300	 0000000000000,00	 0000000000000,00	 0000000000000,00	 0022404483022,00
246000301	 0000000000000,00	 0000000000000,00	 0000000000000,00	 0000000000000,00
246000302	 0000000000000,00	 0000000000000,00	 0000000000000,00	 0000000000000,00
246000303	 0000000000000,00	 0000000000000,00	 0000000000000,00	 0000000000000,00
246000304	 0000000000000,00	 0000000000000,00	 0000000000000,00	 0000000000000,00
246000305	 0000000000000,00	 0000000000000,00	 0000000000000,00	 0022404483022,00
246000390	 0000000000000,00	 0000000000000,00	 0000000000000,00	 0000000000000,00
250000000	 0000000000000,00	 0071160186324,00	 0000000000000,00	 0000000000000,00
255000000	 0000000000000,00	 0228420353021,00	 0000000000000,00	 0000000000000,00
255000100	 0000000000000,00	 0228420353021,00	 0000000000000,00	 0000000000000,00
255000101	 0000000000000,00	 0000000000000,00	 0000000000000,00	 0000000000000,00
255000102	 0000000000000,00	 0228420353021,00	 0000000000000,00	 0000000000000,00
255000200	 0000000000000,00	 0000000000000,00	 0000000000000,00	 0000000000000,00
255000300	 0000000000000,00	 0000000000000,00	 0000000000000,00	 0000000000000,00
260000000	 0008097705585,00	 0000000000000,00	 0000000000000,00	 0000000000000,00
260000100	 0008079750030,00	 0000000000000,00	 0000000000000,00	 0000000000000,00
260000101	 0008079750030,00	 0000000000000,00	 0000000000000,00	 0000000000000,00
260000102	 0000000000000,00	 0000000000000,00	 0000000000000,00	 0000000000000,00
260000103	 0000000000000,00	 0000000000000,00	 0000000000000,00	 0000000000000,00
260000104	 0000000000000,00	 0000000000000,00	 0000000000000,00	 0000000000000,00
260000105	 0000000000000,00	 0000000000000,00	 0000000000000,00	 0000000000000,00
260000106	 0000000000000,00	 0000000000000,00	 0000000000000,00	 0000000000000,00
260000107	 0000000000000,00	 0000000000000,00	 0000000000000,00	 0000000000000,00
260000109	 0000000000000,00	 0000000000000,00	 0000000000000,00	 0000000000000,00
260000200	 0000000000000,00	 0000000000000,00	 0000000000000,00	 0000000000000,00
260000300	 0000000000000,00	 0000000000000,00	 0000000000000,00	 0000000000000,00
260000400	 0000017955555,00	 0000000000000,00	 0000000000000,00	 0000000000000,00
260000500	 0000000000000,00	 0000000000000,00	 0000000000000,00	 0000000000000,00
260000600	 0000000000000,00	 0000000000000,00	 0000000000000,00	 0000000000000,00
260000900	 0000000000000,00	 0000000000000,00	 0000000000000,00	 0000000000000,00
265000000	 0043676942049,00	 0000000000000,00	 0000000000000,00	 0000000000000,00
265000100	 0043676942049,00	 0000000000000,00	 0000000000000,00	 0000000000000,00
265000101	 0043676942049,00	 0000000000000,00	 0000000000000,00	 0000000000000,00
265000102	 0000000000000,00	 0000000000000,00	 0000000000000,00	 0000000000000,00
265000200	 0000000000000,00	 0000000000000,00	 0000000000000,00	 0000000000000,00
265000300	 0000000000000,00	 0000000000000,00	 0000000000000,00	 0000000000000,00
270000000	 0062890015822,00	 0000000000000,00	 0000923894337,00	 0001038331982,00
271000000	 0007366701240,00	 0000000000000,00	 0000923894337,00	 0001038331982,00
271000100	-0000024104989,00	 0000000000000,00	 0000000000000,00	 0000354139436,00
271000200	-0000022120973,00	 0000000000000,00	 0000000000000,00	 0000392463314,00
271000400	 0005055888767,00	 0000000000000,00	 0000782361751,00	 0000056064693,00
271000500	 0000000000000,00	 0000000000000,00	 0000000000000,00	 0000000000000,00
271000501	 0000000000000,00	 0000000000000,00	 0000000000000,00	 0000000000000,00
271000502	 0000000000000,00	 0000000000000,00	 0000000000000,00	 0000000000000,00
271000503	 0000000000000,00	 0000000000000,00	 0000000000000,00	 0000000000000,00
271000504	 0000000000000,00	 0000000000000,00	 0000000000000,00	 0000000000000,00
271000505	 0000000000000,00	 0000000000000,00	 0000000000000,00	 0000000000000,00
271000600	 0001528619156,00	 0000000000000,00	 0000141532586,00	 0000000000000,00
271000601	 0000000000000,00	 0000000000000,00	 0000000000000,00	 0000000000000,00
271000602	 0001528619156,00	 0000000000000,00	 0000141532586,00	 0000000000000,00
271000700	 0000710786071,00	 0000000000000,00	 0000000000000,00	 0000235664539,00
271000701	 0000476443130,00	 0000000000000,00	 0000000000000,00	 0000014537983,00
271000702	 0000023441799,00	 0000000000000,00	 0000000000000,00	 0000042890807,00
271000703	 0000115922352,00	 0000000000000,00	 0000000000000,00	 0000000000000,00
271000704	 0000094978790,00	 0000000000000,00	 0000000000000,00	 0000178235749,00
271000705	 0000000000000,00	 0000000000000,00	 0000000000000,00	 0000000000000,00
271000800	 0000000000000,00	 0000000000000,00	 0000000000000,00	 0000000000000,00
271000900	 0000117633208,00	 0000000000000,00	 0000000000000,00	 0000000000000,00
272000000	 0000361587901,00	 0000000000000,00	 0000000000000,00	 0000000000000,00
273000000	 0000000000000,00	 0000000000000,00	 0000000000000,00	 0000000000000,00
274000000	 0055161726681,00	 0000000000000,00	 0000000000000,00	 0000000000000,00
274000100	 0044741198704,00	 0000000000000,00	 0000000000000,00	 0000000000000,00
274000200	 0009006206433,00	 0000000000000,00	 0000000000000,00	 0000000000000,00
274000300	 0001414321544,00	 0000000000000,00	 0000000000000,00	 0000000000000,00
275000000	 0000000000000,00	 0000000000000,00	 0000000000000,00	 0000000000000,00
275000100	 0000000000000,00	 0000000000000,00	 0000000000000,00	 0000000000000,00
275000200	 0000000000000,00	 0000000000000,00	 0000000000000,00	 0000000000000,00
275000300	 0000000000000,00	 0000000000000,00	 0000000000000,00	 0000000000000,00
275000400	 0000000000000,00	 0000000000000,00	 0000000000000,00	 0000000000000,00
275000500	 0000000000000,00	 0000000000000,00	 0000000000000,00	 0000000000000,00
275000600	 0000000000000,00	 0000000000000,00	 0000000000000,00	 0000000000000,00
279000000	 0000000000000,00	 0000000000000,00	 0000000000000,00	 0000000000000,00
279000100	 0000000000000,00	 0000000000000,00	 0000000000000,00	 0000000000000,00
279000200	 0000000000000,00	 0000000000000,00	 0000000000000,00	 0000000000000,00
279000300	 0000000000000,00	 0000000000000,00	 0000000000000,00	 0000000000000,00
280000000	 0014093436939,00	 0000000000000,00	 0000000000000,00	 0000000000000,00
285000000	 0000292136811,00	 0000000000000,00	 0000000000000,00	 0000000000000,00
290000000	 0110055494231,00	 0000855601931,00	 0002878800163,00	 0057632510649,00
290000100	 0000000000000,00	 0000000000000,00	 0000000000000,00	 0002251211259,00
290000101	 0000000000000,00	 0000000000000,00	 0000000000000,00	 0000000000000,00
290000102	 0000000000000,00	 0000000000000,00	 0000000000000,00	 0000000000000,00
290000103	 0000000000000,00	 0000000000000,00	 0000000000000,00	 0000000000000,00
290000104	 0000000000000,00	 0000000000000,00	 0000000000000,00	 0002251211259,00
290000200	 0048221476975,00	 0000000000000,00	 0000000000000,00	 0000327861182,00
290000201	 0038673912655,00	 0000000000000,00	 0000000000000,00	 0000142763301,00
290000202	 0009547564320,00	 0000000000000,00	 0000000000000,00	 0000000000000,00
290000203	 0000000000000,00	 0000000000000,00	 0000000000000,00	 0000185097881,00
290000300	 0048550086456,00	 0000000000000,00	 0000000000000,00	 0053455396877,00
290000301	 0000000711545,00	 0000000000000,00	 0000000000000,00	 0000000000000,00
290000302	 0000757768887,00	 0000000000000,00	 0000000000000,00	 0000000000000,00
290000303	 0000000000000,00	 0000000000000,00	 0000000000000,00	 0000000000000,00
290000304	 0000000000000,00	 0000000000000,00	 0000000000000,00	 0000000000000,00
290000305	 0000000000000,00	 0000000000000,00	 0000000000000,00	 0000000000000,00
290000306	 0000000000000,00	 0000000000000,00	 0000000000000,00	 0000000000000,00
290000307	 0000000000000,00	 0000000000000,00	 0000000000000,00	 0000000000000,00
290000308	 0010191736673,00	 0000000000000,00	 0000000000000,00	 0000000000000,00
290000309	 0000000000000,00	 0000000000000,00	 0000000000000,00	 0000000000000,00
290000390	 0037599869351,00	 0000000000000,00	 0000000000000,00	 0053455396877,00
290000400	 0000000000000,00	 0000000000000,00	 0000000000000,00	 0000000000000,00
290000500	 0000000000000,00	 0000000000000,00	 0000000000000,00	 0000000000000,00
290000501	 0000000000000,00	 0000000000000,00	 0000000000000,00	 0000000000000,00
290000502	 0000000000000,00	 0000000000000,00	 0000000000000,00	 0000000000000,00
290000700	 0000000000000,00	 0000000000000,00	 0000000000000,00	 0000000000000,00
290000800	 0002935505904,00	 0000000000000,00	 0002878800163,00	 0000000054905,00
290000801	 0000000000000,00	 0000000000000,00	 0002878800163,00	 0000000000000,00
290000802	 0002536593787,00	 0000000000000,00	 0000000000000,00	 0000000000000,00
290000803	 0000000000000,00	 0000000000000,00	 0000000000000,00	 0000000000000,00
290000809	 0000398912117,00	 0000000000000,00	 0000000000000,00	 0000000054905,00
290000900	 0003807134441,00	 0000000000000,00	 0000000000000,00	 0000000000000,00
290001000	 0000004836970,00	 0000044040990,00	 0000000000000,00	 0000000000000,00
290001100	 0004037152452,00	 0000000000000,00	 0000000000000,00	 0001556668969,00
290001200	 0002499301033,00	 0000811560941,00	 0000000000000,00	 0000041317457,00
295000000	 0000000000000,00	 0000000000000,00	 0000000000000,00	 0000000000000,00
300000000	 0721911042526,00	-0007828785450,00	 0000000000000,00	 0000000000000,00
310000000	 0034132467551,00	 0000000000000,00	 0000000000000,00	 0000000000000,00
311000000	 0032141439995,00	 0000000000000,00	 0000000000000,00	 0000000000000,00
311000100	 0032141439995,00	 0000000000000,00	 0000000000000,00	 0000000000000,00
311000200	 0000000000000,00	 0000000000000,00	 0000000000000,00	 0000000000000,00
311000300	 0000000000000,00	 0000000000000,00	 0000000000000,00	 0000000000000,00
311000400	 0000000000000,00	 0000000000000,00	 0000000000000,00	 0000000000000,00
311000500	 0000000000000,00	 0000000000000,00	 0000000000000,00	 0000000000000,00
311000600	 0000000000000,00	 0000000000000,00	 0000000000000,00	 0000000000000,00
312000000	 0001991027556,00	 0000000000000,00	 0000000000000,00	 0000000000000,00
313000000	 0000000000000,00	 0000000000000,00	 0000000000000,00	 0000000000000,00
320000000	 0002239835292,00	 0000000000000,00	 0000000000000,00	 0000000000000,00
320000100	-0001760549169,00	 0000000000000,00	 0000000000000,00	 0000000000000,00
320000200	 0004000384461,00	 0000000000000,00	 0000000000000,00	 0000000000000,00
320000300	 0000000000000,00	 0000000000000,00	 0000000000000,00	 0000000000000,00
320000400	 0000000000000,00	 0000000000000,00	 0000000000000,00	 0000000000000,00
330000000	-0000409795039,00	-0007828785450,00	 0000000000000,00	 0000000000000,00
331000000	 0000038405157,00	 0000000000000,00	 0000000000000,00	 0000000000000,00
331000100	 0000000000000,00	 0000000000000,00	 0000000000000,00	 0000000000000,00
331000200	 0000038405157,00	 0000000000000,00	 0000000000000,00	 0000000000000,00
331000201	 0000038405157,00	 0000000000000,00	 0000000000000,00	 0000000000000,00
331000202	 0000000000000,00	 0000000000000,00	 0000000000000,00	 0000000000000,00
331000203	 0000000000000,00	 0000000000000,00	 0000000000000,00	 0000000000000,00
331000209	 0000000000000,00	 0000000000000,00	 0000000000000,00	 0000000000000,00
331000300	 0000000000000,00	 0000000000000,00	 0000000000000,00	 0000000000000,00
331000400	 0000000000000,00	 0000000000000,00	 0000000000000,00	 0000000000000,00
331000500	 0000000000000,00	 0000000000000,00	 0000000000000,00	 0000000000000,00
331000900	 0000000000000,00	 0000000000000,00	 0000000000000,00	 0000000000000,00
332000000	-0000448200196,00	-0007828785450,00	 0000000000000,00	 0000000000000,00
332000100	-0002141133513,00	-0001558662053,00	 0000000000000,00	 0000000000000,00
332000200	 0000000000000,00	 0000000000000,00	 0000000000000,00	 0000000000000,00
332000300	 0000000000000,00	 0000000000000,00	 0000000000000,00	 0000000000000,00
332000400	 0001692933317,00	-0006270123397,00	 0000000000000,00	 0000000000000,00
332000500	 0000000000000,00	 0000000000000,00	 0000000000000,00	 0000000000000,00
332000600	 0000000000000,00	 0000000000000,00	 0000000000000,00	 0000000000000,00
332000700	 0000000000000,00	 0000000000000,00	 0000000000000,00	 0000000000000,00
332000900	 0000000000000,00	 0000000000000,00	 0000000000000,00	 0000000000000,00
340000000	 0689138177064,00	 0000000000000,00	 0000000000000,00	 0000000000000,00
340000100	 0584007044402,00	 0000000000000,00	 0000000000000,00	 0000000000000,00
340000200	 0105131132662,00	 0000000000000,00	 0000000000000,00	 0000000000000,00
350000000	 0040430427660,00	 0000000000000,00	 0000000000000,00	 0000000000000,00
360000000	-0043668468098,00	 0000000000000,00	 0000000000000,00	 0000000000000,00
360000100	-0043668468098,00	 0000000000000,00	 0000000000000,00	 0000000000000,00
360000101	-0043668468098,00	 0000000000000,00	 0000000000000,00	 0000000000000,00
360000102	 0000000000000,00	 0000000000000,00	 0000000000000,00	 0000000000000,00
360000200	 0000000000000,00	 0000000000000,00	 0000000000000,00	 0000000000000,00
360000300	 0000000000000,00	 0000000000000,00	 0000000000000,00	 0000000000000,00
365000000	 0000000000000,00	 0000000000000,00	 0000000000000,00	 0000000000000,00
380000000	 0721862644430,00	-0007828785450,00	 0000000000000,00	 0000000000000,00
390000000	 0000048398096,00	 0000000000000,00	 0000000000000,00	 0000000000000,00
500000000	 2670392114421,00	 3593192285792,00	 0114725929666,00	 0835043468290,00
505000000	 2670392114421,00	 3593192285792,00	 0114725929666,00	 0835043468290,00
510000000	 6124024051754,00	 2226147548462,00	 0063388254942,00	 1715040745218,00
