012	BANCO DEL ESTADO DE CHILE
1000000	 0000013790728,00	 0000011008858,00	 0000000117056,00	 0000007641773,00
1100000	 0000000901729,00	 0000000000000,00	 0000000000840,00	 0000004012031,00
1100100	 0000000492064,00	 0000000000000,00	 0000000000000,00	 0000000019280,00
1100200	 0000000404610,00	 0000000000000,00	 0000000000000,00	 0000001873776,00
1100300	 0000000005055,00	 0000000000000,00	 0000000000000,00	 0000000000000,00
1100400	 0000000000000,00	 0000000000000,00	 0000000000840,00	 0000002118975,00
1130000	 0000000261596,00	 0000000000000,00	 0000000000000,00	 0000000175161,00
1130100	 0000000043144,00	 0000000000000,00	 0000000000000,00	 0000000005931,00
1130200	 0000000218452,00	 0000000000000,00	 0000000000000,00	 0000000169230,00
1150000	 0000001668195,00	 0000000231675,00	 0000000000000,00	 0000000001860,00
1150100	 0000000009065,00	 0000000073875,00	 0000000000000,00	 0000000000000,00
1150200	 0000001655956,00	 0000000157800,00	 0000000000000,00	 0000000000000,00
1150300	 0000000000000,00	 0000000000000,00	 0000000000000,00	 0000000000000,00
1150400	 0000000003174,00	 0000000000000,00	 0000000000000,00	 0000000001860,00
1160000	 0000000108212,00	 0000000000000,00	 0000000000000,00	 0000000000000,00
1160100	 0000000000000,00	 0000000000000,00	 0000000000000,00	 0000000000000,00
1160200	 0000000108212,00	 0000000000000,00	 0000000000000,00	 0000000000000,00
1250000	 0000000508315,00	 0000000000000,00	 0000000000000,00	 0000000001781,00
1250100	 0000000338686,00	 0000000000000,00	 0000000000000,00	 0000000000037,00
1250200	 0000000169629,00	 0000000000000,00	 0000000000000,00	 0000000001744,00
1270000	-0000000000275,00	 0000000000000,00	 0000000000000,00	 0000000294636,00
1270100	-0000000000015,00	 0000000000000,00	 0000000000000,00	 0000000018673,00
1270112	 0000000000000,00	 0000000000000,00	 0000000000000,00	 0000000018678,00
1270113	 0000000000000,00	 0000000000000,00	 0000000000000,00	 0000000000000,00
1270116	 0000000000000,00	 0000000000000,00	 0000000000000,00	 0000000000000,00
1270117	 0000000000000,00	 0000000000000,00	 0000000000000,00	 0000000000000,00
1270118	 0000000000000,00	 0000000000000,00	 0000000000000,00	 0000000000000,00
1270190	-0000000000015,00	 0000000000000,00	 0000000000000,00	-0000000000005,00
1270200	-0000000000260,00	 0000000000000,00	 0000000000000,00	 0000000275963,00
1270202	 0000000000000,00	 0000000000000,00	 0000000000000,00	 0000000000000,00
1270203	 0000000000000,00	 0000000000000,00	 0000000000000,00	 0000000169545,00
1270206	 0000000000000,00	 0000000000000,00	 0000000000000,00	 0000000050550,00
1270207	 0000000000000,00	 0000000000000,00	 0000000000000,00	 0000000000000,00
1270208	 0000000000000,00	 0000000000000,00	 0000000000000,00	 0000000000000,00
1270290	-0000000000260,00	 0000000000000,00	 0000000000000,00	-0000000000577,00
1270300	 0000000000000,00	 0000000000000,00	 0000000000000,00	 0000000000000,00
1300000	 0000006249436,00	 0000010549230,00	 0000000116205,00	 0000002159771,00
1302000	 0000005290162,00	 0000003023148,00	 0000000116205,00	 0000002166369,00
1302100	 0000004611267,00	 0000001921432,00	 0000000000000,00	 0000001126202,00
1302101	 0000004611267,00	 0000001812092,00	 0000000000000,00	 0000001058712,00
1302102	 0000000000000,00	 0000000000000,00	 0000000000000,00	 0000000067490,00
1302170	 0000000000000,00	 0000000107958,00	 0000000000000,00	 0000000000000,00
1302180	 0000000000000,00	 0000000001382,00	 0000000000000,00	 0000000000000,00
1302200	 0000000191304,00	 0000000003458,00	 0000000000000,00	 0000000962232,00
1302201	 0000000000000,00	 0000000000000,00	 0000000000000,00	 0000000000000,00
1302202	 0000000186234,00	 0000000003458,00	 0000000000000,00	 0000000798487,00
1302241	 0000000000000,00	 0000000000000,00	 0000000000000,00	 0000000009958,00
1302242	 0000000005070,00	 0000000000000,00	 0000000000000,00	 0000000153787,00
1302281	 0000000000000,00	 0000000000000,00	 0000000000000,00	 0000000000000,00
1302282	 0000000000000,00	 0000000000000,00	 0000000000000,00	 0000000000000,00
1302300	 0000000211286,00	 0000000000000,00	 0000000000000,00	 0000000000000,00
1302500	 0000000067929,00	 0000000039527,00	 0000000000000,00	 0000000077893,00
1302600	 0000000000005,00	 0000000704087,00	 0000000000000,00	 0000000000000,00
1302601	 0000000000000,00	 0000000563274,00	 0000000000000,00	 0000000000000,00
1302602	 0000000000000,00	 0000000050676,00	 0000000000000,00	 0000000000000,00
1302604	 0000000000005,00	 0000000090137,00	 0000000000000,00	 0000000000000,00
1302800	 0000000206972,00	 0000000352607,00	 0000000116205,00	 0000000000000,00
1302900	 0000000001399,00	 0000000002037,00	 0000000000000,00	 0000000000042,00
1304000	 0000000002739,00	 0000007526076,00	 0000000000000,00	 0000000000000,00
1304100	 0000000000000,00	 0000000800497,00	 0000000000000,00	 0000000000000,00
1304101	 0000000000000,00	 0000000800497,00	 0000000000000,00	 0000000000000,00
1304102	 0000000000000,00	 0000000000000,00	 0000000000000,00	 0000000000000,00
1304200	 0000000000000,00	 0000000760053,00	 0000000000000,00	 0000000000000,00
1304400	 0000000000000,00	 0000000000000,00	 0000000000000,00	 0000000000000,00
1304500	 0000000002588,00	 0000005629131,00	 0000000000000,00	 0000000000000,00
1304600	 0000000000000,00	 0000000000000,00	 0000000000000,00	 0000000000000,00
1304800	 0000000000000,00	 0000000000000,00	 0000000000000,00	 0000000000000,00
1304900	 0000000000151,00	 0000000336395,00	 0000000000000,00	 0000000000000,00
1305000	 0000001554542,00	 0000000000006,00	 0000000000000,00	 0000000003139,00
1305100	 0000001268282,00	 0000000000006,00	 0000000000000,00	 0000000000000,00
1305300	 0000000095480,00	 0000000000000,00	 0000000000000,00	 0000000000000,00
1305400	 0000000190780,00	 0000000000000,00	 0000000000000,00	 0000000003139,00
1305800	 0000000000000,00	 0000000000000,00	 0000000000000,00	 0000000000000,00
1305900	 0000000000000,00	 0000000000000,00	 0000000000000,00	 0000000000000,00
1309000	-0000000598007,00	 0000000000000,00	 0000000000000,00	-0000000009737,00
1309100	-0000000280536,00	 0000000000000,00	 0000000000000,00	-0000000009737,00
1309200	-0000000146896,00	 0000000000000,00	 0000000000000,00	 0000000000000,00
1309300	-0000000170575,00	 0000000000000,00	 0000000000000,00	 0000000000000,00
1350000	 0000002575324,00	 0000000187328,00	 0000000000000,00	 0000000951082,00
1350100	 0000000404270,00	 0000000055706,00	 0000000000000,00	 0000000000000,00
1350200	 0000002171054,00	 0000000131622,00	 0000000000000,00	 0000000046142,00
1350300	 0000000000000,00	 0000000000000,00	 0000000000000,00	 0000000904940,00
1360000	 0000000000000,00	 0000000036745,00	 0000000000000,00	 0000000000000,00
1360100	 0000000000000,00	 0000000036745,00	 0000000000000,00	 0000000000000,00
1360200	 0000000000000,00	 0000000000000,00	 0000000000000,00	 0000000000000,00
1360300	 0000000000000,00	 0000000000000,00	 0000000000000,00	 0000000000000,00
1400000	 0000000013294,00	 0000000000000,00	 0000000000000,00	 0000000000000,00
1400100	 0000000009501,00	 0000000000000,00	 0000000000000,00	 0000000000000,00
1400101	 0000000000000,00	 0000000000000,00	 0000000000000,00	 0000000000000,00
1400103	 0000000009501,00	 0000000000000,00	 0000000000000,00	 0000000000000,00
1400200	 0000000003793,00	 0000000000000,00	 0000000000000,00	 0000000000000,00
1500000	 0000000145507,00	 0000000000000,00	 0000000000000,00	 0000000000041,00
1500100	 0000000000000,00	 0000000000000,00	 0000000000000,00	 0000000000000,00
1500200	 0000000145507,00	 0000000000000,00	 0000000000000,00	 0000000000041,00
1600000	 0000000304220,00	 0000000000000,00	 0000000000000,00	 0000000001098,00
1600100	 0000000197364,00	 0000000000000,00	 0000000000000,00	 0000000000728,00
1600200	 0000000106856,00	 0000000000000,00	 0000000000000,00	 0000000000370,00
1700000	 0000000000000,00	 0000000000000,00	 0000000000000,00	 0000000000000,00
1750000	 0000000816967,00	 0000000000000,00	 0000000000000,00	 0000000000000,00
1800000	 0000000238208,00	 0000000003880,00	 0000000000011,00	 0000000044312,00
1800100	 0000000118161,00	 0000000000000,00	 0000000000000,00	 0000000000000,00
1800200	 0000000001859,00	 0000000000000,00	 0000000000000,00	 0000000000000,00
1800900	 0000000118188,00	 0000000003880,00	 0000000000011,00	 0000000044312,00
2000000	 0000015553688,00	 0000007783431,00	 0000000000000,00	 0000007712458,00
2100000	 0000006231751,00	 0000000171202,00	 0000000000000,00	 0000000351299,00
2100100	 0000004195179,00	 0000000000000,00	 0000000000000,00	 0000000306809,00
2100109	 0000003424807,00	 0000000000000,00	 0000000000000,00	 0000000303747,00
2100110	 0000000767976,00	 0000000000000,00	 0000000000000,00	 0000000002969,00
2100200	 0000001355589,00	 0000000000000,00	 0000000000000,00	 0000000000004,00
2100300	 0000000680983,00	 0000000171202,00	 0000000000000,00	 0000000044486,00
2130000	 0000000119370,00	 0000000000000,00	 0000000000000,00	 0000000269372,00
2160000	 0000000698859,00	 0000000000000,00	 0000000000000,00	 0000000000511,00
2160100	 0000000000018,00	 0000000000000,00	 0000000000000,00	 0000000000000,00
2160200	 0000000698841,00	 0000000000000,00	 0000000000000,00	 0000000000511,00
2200000	 0000007026796,00	 0000003788356,00	 0000000000000,00	 0000004279493,00
2200100	 0000005541653,00	 0000001603992,00	 0000000000000,00	 0000004278793,00
2200200	 0000001478899,00	 0000002175448,00	 0000000000000,00	 0000000000000,00
2200900	 0000000006244,00	 0000000008916,00	 0000000000000,00	 0000000000700,00
2250000	 0000000285854,00	 0000000000000,00	 0000000000000,00	 0000000003237,00
2250100	 0000000256352,00	 0000000000000,00	 0000000000000,00	 0000000000412,00
2250200	 0000000029502,00	 0000000000000,00	 0000000000000,00	 0000000002825,00
2300000	 0000000000000,00	 0000000000000,00	 0000000000000,00	 0000001154863,00
2301000	 0000000000000,00	 0000000000000,00	 0000000000000,00	 0000000000000,00
2301001	 0000000000000,00	 0000000000000,00	 0000000000000,00	 0000000000000,00
2302000	 0000000000000,00	 0000000000000,00	 0000000000000,00	 0000001154863,00
2302100	 0000000000000,00	 0000000000000,00	 0000000000000,00	 0000000010340,00
2302200	 0000000000000,00	 0000000000000,00	 0000000000000,00	 0000001144523,00
2303000	 0000000000000,00	 0000000000000,00	 0000000000000,00	 0000000000000,00
2303100	 0000000000000,00	 0000000000000,00	 0000000000000,00	 0000000000000,00
2303900	 0000000000000,00	 0000000000000,00	 0000000000000,00	 0000000000000,00
2400000	 0000000000000,00	 0000003823817,00	 0000000000000,00	 0000001514237,00
2401000	 0000000000000,00	 0000000907715,00	 0000000000000,00	 0000000000000,00
2402000	 0000000000000,00	 0000002916102,00	 0000000000000,00	 0000001514237,00
2402100	 0000000000000,00	 0000002055554,00	 0000000000000,00	 0000001514237,00
2402200	 0000000000000,00	 0000000860548,00	 0000000000000,00	 0000000000000,00
2402300	 0000000000000,00	 0000000000000,00	 0000000000000,00	 0000000000000,00
2500000	 0000000016194,00	 0000000000000,00	 0000000000000,00	 0000000024341,00
2500100	 0000000000000,00	 0000000000000,00	 0000000000000,00	 0000000000000,00
2500200	 0000000016194,00	 0000000000000,00	 0000000000000,00	 0000000024341,00
2500300	 0000000000000,00	 0000000000000,00	 0000000000000,00	 0000000000000,00
2600000	 0000000079094,00	 0000000000000,00	 0000000000000,00	 0000000000050,00
2650000	 0000000247874,00	 0000000000000,00	 0000000000000,00	 0000000000000,00
2700000	 0000000668414,00	 0000000000000,00	 0000000000000,00	 0000000005233,00
2700100	 0000000114979,00	 0000000000000,00	 0000000000000,00	 0000000000255,00
2700200	 0000000136171,00	 0000000000000,00	 0000000000000,00	 0000000000000,00
2700300	 0000000034348,00	 0000000000000,00	 0000000000000,00	 0000000004978,00
2700400	 0000000382916,00	 0000000000000,00	 0000000000000,00	 0000000000000,00
2700401	 0000000000816,00	 0000000000000,00	 0000000000000,00	 0000000000000,00
2700402	 0000000000000,00	 0000000000000,00	 0000000000000,00	 0000000000000,00
2700411	 0000000078329,00	 0000000000000,00	 0000000000000,00	 0000000000000,00
2700412	 0000000265176,00	 0000000000000,00	 0000000000000,00	 0000000000000,00
2700413	 0000000025900,00	 0000000000000,00	 0000000000000,00	 0000000000000,00
2700421	 0000000000000,00	 0000000000000,00	 0000000000000,00	 0000000000000,00
2700422	 0000000000000,00	 0000000000000,00	 0000000000000,00	 0000000000000,00
2700423	 0000000000000,00	 0000000000000,00	 0000000000000,00	 0000000000000,00
2700490	 0000000012695,00	 0000000000000,00	 0000000000000,00	 0000000000000,00
2800000	 0000000179482,00	 0000000000056,00	 0000000000000,00	 0000000109822,00
3000000	 0000001430613,00	 0000000090645,00	-0000000006174,00	-0000000006246,00
3101000	 0000000574632,00	 0000000000000,00	 0000000000000,00	 0000000000000,00
3102000	 0000000885557,00	 0000000000000,00	 0000000000000,00	 0000000000000,00
3103000	 0000000012045,00	 0000000000000,00	 0000000000000,00	 0000000000000,00
3104000	-0000000048452,00	 0000000090645,00	-0000000006174,00	-0000000006246,00
3104100	 0000000112583,00	 0000000000000,00	 0000000000000,00	 0000000000000,00
3104200	-0000000024864,00	 0000000090645,00	-0000000006174,00	-0000000006246,00
3104300	-0000000136171,00	 0000000000000,00	 0000000000000,00	 0000000000000,00
3200000	 0000000006831,00	 0000000000000,00	 0000000000000,00	 0000000000000,00
5001000	 0000001423782,00	 0000000090645,00	-0000000006174,00	-0000000006246,00
5002000	 0000016984301,00	 0000007874076,00	-0000000006174,00	 0000007706212,00
5100000	 0000006847443,00	 0000010549230,00	 0000000116205,00	 0000002169508,00
