016	BANCO DE CRÉDITO E INVERSIONES
1000000	 0000011102397,00	 0000008338899,00	 0000000148814,00	 0000009797012,00
1100000	 0000000600459,00	 0000000000000,00	 0000000000000,00	 0000001406086,00
1100100	 0000000305682,00	 0000000000000,00	 0000000000000,00	 0000000102903,00
1100200	 0000000286041,00	 0000000000000,00	 0000000000000,00	 0000000053811,00
1100300	 0000000008736,00	 0000000000000,00	 0000000000000,00	 0000000000000,00
1100400	 0000000000000,00	 0000000000000,00	 0000000000000,00	 0000001249372,00
1130000	 0000000337444,00	 0000000000000,00	 0000000000000,00	 0000000274394,00
1130100	 0000000123927,00	 0000000000000,00	 0000000000000,00	 0000000019322,00
1130200	 0000000213517,00	 0000000000000,00	 0000000000000,00	 0000000255072,00
1150000	 0000000324359,00	 0000000464641,00	 0000000000000,00	 0000000010522,00
1150100	 0000000113025,00	 0000000331710,00	 0000000000000,00	 0000000000000,00
1150200	 0000000170887,00	 0000000132931,00	 0000000000000,00	 0000000000000,00
1150300	 0000000000000,00	 0000000000000,00	 0000000000000,00	 0000000000753,00
1150400	 0000000040447,00	 0000000000000,00	 0000000000000,00	 0000000009769,00
1160000	 0000000160609,00	 0000000000000,00	 0000000000000,00	 0000000034802,00
1160100	 0000000000000,00	 0000000000000,00	 0000000000000,00	 0000000000000,00
1160200	 0000000160609,00	 0000000000000,00	 0000000000000,00	 0000000034802,00
1250000	 0000001478747,00	 0000000111552,00	 0000000000000,00	 0000000010219,00
1250100	 0000001174763,00	 0000000082809,00	 0000000000000,00	 0000000008334,00
1250200	 0000000303984,00	 0000000028743,00	 0000000000000,00	 0000000001885,00
1270000	 0000000001038,00	 0000000000000,00	 0000000000000,00	 0000000131519,00
1270100	 0000000001038,00	 0000000000000,00	 0000000000000,00	 0000000000000,00
1270112	 0000000001039,00	 0000000000000,00	 0000000000000,00	 0000000000000,00
1270113	 0000000000000,00	 0000000000000,00	 0000000000000,00	 0000000000000,00
1270116	 0000000000000,00	 0000000000000,00	 0000000000000,00	 0000000000000,00
1270117	 0000000000000,00	 0000000000000,00	 0000000000000,00	 0000000000000,00
1270118	 0000000000000,00	 0000000000000,00	 0000000000000,00	 0000000000000,00
1270190	-0000000000001,00	 0000000000000,00	 0000000000000,00	 0000000000000,00
1270200	 0000000000000,00	 0000000000000,00	 0000000000000,00	 0000000131519,00
1270202	 0000000000000,00	 0000000000000,00	 0000000000000,00	 0000000000000,00
1270203	 0000000000000,00	 0000000000000,00	 0000000000000,00	 0000000131767,00
1270206	 0000000000000,00	 0000000000000,00	 0000000000000,00	 0000000000000,00
1270207	 0000000000000,00	 0000000000000,00	 0000000000000,00	 0000000000000,00
1270208	 0000000000000,00	 0000000000000,00	 0000000000000,00	 0000000000000,00
1270290	 0000000000000,00	 0000000000000,00	 0000000000000,00	-0000000000248,00
1270300	 0000000000000,00	 0000000000000,00	 0000000000000,00	 0000000000000,00
1300000	 0000006607552,00	 0000007572420,00	 0000000055328,00	 0000005602953,00
1302000	 0000004671312,00	 0000003617992,00	 0000000055328,00	 0000004954897,00
1302100	 0000003831866,00	 0000002851561,00	 0000000000054,00	 0000003960024,00
1302101	 0000003831865,00	 0000002842521,00	 0000000000054,00	 0000001098380,00
1302102	 0000000000000,00	 0000000000000,00	 0000000000000,00	 0000001512081,00
1302170	 0000000000001,00	 0000000008661,00	 0000000000000,00	 0000000000000,00
1302180	 0000000000000,00	 0000000000379,00	 0000000000000,00	 0000001349563,00
1302200	 0000000044230,00	 0000000002192,00	 0000000000022,00	 0000000863506,00
1302201	 0000000000000,00	 0000000000000,00	 0000000000000,00	 0000000000000,00
1302202	 0000000043220,00	 0000000002192,00	 0000000000000,00	 0000000481895,00
1302241	 0000000000000,00	 0000000000000,00	 0000000000022,00	 0000000009233,00
1302242	 0000000001010,00	 0000000000000,00	 0000000000000,00	 0000000255489,00
1302281	 0000000000000,00	 0000000000000,00	 0000000000000,00	 0000000048601,00
1302282	 0000000000000,00	 0000000000000,00	 0000000000000,00	 0000000068288,00
1302300	 0000000144160,00	 0000000000000,00	 0000000000000,00	 0000000000000,00
1302500	 0000000354704,00	 0000000033260,00	 0000000000000,00	 0000000128451,00
1302600	 0000000008122,00	 0000000182346,00	 0000000000000,00	 0000000000000,00
1302601	 0000000000016,00	 0000000177658,00	 0000000000000,00	 0000000000000,00
1302602	 0000000000000,00	 0000000002509,00	 0000000000000,00	 0000000000000,00
1302604	 0000000008106,00	 0000000002179,00	 0000000000000,00	 0000000000000,00
1302800	 0000000262156,00	 0000000548633,00	 0000000055252,00	 0000000000000,00
1302900	 0000000026074,00	 0000000000000,00	 0000000000000,00	 0000000002916,00
1304000	 0000000017906,00	 0000003928013,00	 0000000000000,00	 0000000557584,00
1304100	 0000000000000,00	 0000000026117,00	 0000000000000,00	 0000000000000,00
1304101	 0000000000000,00	 0000000026117,00	 0000000000000,00	 0000000000000,00
1304102	 0000000000000,00	 0000000000000,00	 0000000000000,00	 0000000000000,00
1304200	 0000000000000,00	 0000000015235,00	 0000000000000,00	 0000000557584,00
1304400	 0000000000000,00	 0000000000000,00	 0000000000000,00	 0000000000000,00
1304500	 0000000017906,00	 0000003886661,00	 0000000000000,00	 0000000000000,00
1304600	 0000000000000,00	 0000000000000,00	 0000000000000,00	 0000000000000,00
1304800	 0000000000000,00	 0000000000000,00	 0000000000000,00	 0000000000000,00
1304900	 0000000000000,00	 0000000000000,00	 0000000000000,00	 0000000000000,00
1305000	 0000002261519,00	 0000000026415,00	 0000000000000,00	 0000000131096,00
1305100	 0000001777180,00	 0000000026221,00	 0000000000000,00	 0000000107880,00
1305300	 0000000109965,00	 0000000000000,00	 0000000000000,00	 0000000000000,00
1305400	 0000000370881,00	 0000000000000,00	 0000000000000,00	 0000000018172,00
1305800	 0000000002548,00	 0000000000194,00	 0000000000000,00	 0000000000000,00
1305900	 0000000000945,00	 0000000000000,00	 0000000000000,00	 0000000005044,00
1309000	-0000000343185,00	 0000000000000,00	 0000000000000,00	-0000000040624,00
1309100	-0000000211030,00	 0000000000000,00	 0000000000000,00	-0000000029695,00
1309200	-0000000030180,00	 0000000000000,00	 0000000000000,00	-0000000008339,00
1309300	-0000000101975,00	 0000000000000,00	 0000000000000,00	-0000000002590,00
1350000	 0000000742166,00	 0000000189535,00	 0000000001101,00	 0000001612461,00
1350100	 0000000657600,00	 0000000093179,00	 0000000000000,00	 0000000000000,00
1350200	 0000000084566,00	 0000000096356,00	 0000000001101,00	 0000000000000,00
1350300	 0000000000000,00	 0000000000000,00	 0000000000000,00	 0000001612461,00
1360000	 0000000000000,00	 0000000000000,00	 0000000000000,00	 0000000000696,00
1360100	 0000000000000,00	 0000000000000,00	 0000000000000,00	 0000000000000,00
1360200	 0000000000000,00	 0000000000000,00	 0000000000000,00	 0000000000000,00
1360300	 0000000000000,00	 0000000000000,00	 0000000000000,00	 0000000000696,00
1400000	 0000000119354,00	 0000000000000,00	 0000000000000,00	 0000000050003,00
1400100	 0000000119088,00	 0000000000000,00	 0000000000000,00	 0000000000000,00
1400101	 0000000000000,00	 0000000000000,00	 0000000000000,00	 0000000000000,00
1400103	 0000000119088,00	 0000000000000,00	 0000000000000,00	 0000000000000,00
1400200	 0000000000266,00	 0000000000000,00	 0000000000000,00	 0000000050003,00
1500000	 0000000110964,00	 0000000000000,00	 0000000058879,00	 0000000002637,00
1500100	 0000000000000,00	 0000000000000,00	 0000000002198,00	 0000000000000,00
1500200	 0000000110964,00	 0000000000000,00	 0000000056681,00	 0000000002637,00
1600000	 0000000225211,00	 0000000000000,00	 0000000000000,00	 0000000055199,00
1600100	 0000000180892,00	 0000000000000,00	 0000000000000,00	 0000000050922,00
1600200	 0000000044319,00	 0000000000000,00	 0000000000000,00	 0000000004277,00
1700000	 0000000100019,00	 0000000000020,00	 0000000000000,00	 0000000000450,00
1750000	 0000000081044,00	 0000000000000,00	 0000000000000,00	 0000000099874,00
1800000	 0000000213431,00	 0000000000731,00	 0000000033506,00	 0000000505197,00
1800100	 0000000031817,00	 0000000000000,00	 0000000000000,00	 0000000000000,00
1800200	 0000000006845,00	 0000000000000,00	 0000000000000,00	 0000000000000,00
1800900	 0000000174769,00	 0000000000731,00	 0000000033506,00	 0000000505197,00
2000000	 0000013263754,00	 0000003943910,00	 0000000000802,00	 0000010130443,00
2100000	 0000004036835,00	 0000000031615,00	 0000000000000,00	 0000003842098,00
2100100	 0000003411061,00	 0000000000000,00	 0000000000000,00	 0000003697072,00
2100109	 0000002325631,00	 0000000000000,00	 0000000000000,00	 0000003603163,00
2100110	 0000001083239,00	 0000000000000,00	 0000000000000,00	 0000000090332,00
2100200	 0000000409566,00	 0000000000000,00	 0000000000000,00	 0000000081172,00
2100300	 0000000216208,00	 0000000031615,00	 0000000000000,00	 0000000063854,00
2130000	 0000000098959,00	 0000000000000,00	 0000000000000,00	 0000000399598,00
2160000	 0000000366500,00	 0000000007711,00	 0000000000000,00	 0000000122384,00
2160100	 0000000026063,00	 0000000000000,00	 0000000000000,00	 0000000000000,00
2160200	 0000000340437,00	 0000000007711,00	 0000000000000,00	 0000000122384,00
2200000	 0000006377198,00	 0000001243424,00	 0000000000000,00	 0000002313648,00
2200100	 0000006376837,00	 0000001192440,00	 0000000000000,00	 0000002313648,00
2200200	 0000000000000,00	 0000000050158,00	 0000000000000,00	 0000000000000,00
2200900	 0000000000361,00	 0000000000826,00	 0000000000000,00	 0000000000000,00
2250000	 0000001331406,00	 0000000250268,00	 0000000000000,00	 0000000005803,00
2250100	 0000001184697,00	 0000000087115,00	 0000000000000,00	 0000000005489,00
2250200	 0000000146709,00	 0000000163153,00	 0000000000000,00	 0000000000314,00
2300000	 0000000174124,00	 0000000000000,00	 0000000000000,00	 0000001431182,00
2301000	 0000000174124,00	 0000000000000,00	 0000000000000,00	 0000000329766,00
2301001	 0000000000000,00	 0000000000000,00	 0000000000000,00	 0000000329766,00
2302000	 0000000000000,00	 0000000000000,00	 0000000000000,00	 0000001101402,00
2302100	 0000000000000,00	 0000000000000,00	 0000000000000,00	 0000000554033,00
2302200	 0000000000000,00	 0000000000000,00	 0000000000000,00	 0000000547369,00
2303000	 0000000000000,00	 0000000000000,00	 0000000000000,00	 0000000000014,00
2303100	 0000000000000,00	 0000000000000,00	 0000000000000,00	 0000000000014,00
2303900	 0000000000000,00	 0000000000000,00	 0000000000000,00	 0000000000000,00
2400000	 0000000234925,00	 0000002274804,00	 0000000000000,00	 0000001323380,00
2401000	 0000000000000,00	 0000000031094,00	 0000000000000,00	 0000000000000,00
2402000	 0000000234925,00	 0000002243710,00	 0000000000000,00	 0000001323380,00
2402100	 0000000234925,00	 0000001348413,00	 0000000000000,00	 0000001323380,00
2402200	 0000000000000,00	 0000000895297,00	 0000000000000,00	 0000000000000,00
2402300	 0000000000000,00	 0000000000000,00	 0000000000000,00	 0000000000000,00
2500000	 0000000056367,00	 0000000003557,00	 0000000000032,00	 0000000618447,00
2500100	 0000000025698,00	 0000000003557,00	 0000000000032,00	 0000000006960,00
2500200	 0000000030669,00	 0000000000000,00	 0000000000000,00	 0000000001702,00
2500300	 0000000000000,00	 0000000000000,00	 0000000000000,00	 0000000609785,00
2600000	 0000000085590,00	 0000000000000,00	 0000000000000,00	 0000000001659,00
2650000	 0000000047652,00	 0000000000000,00	 0000000000000,00	 0000000000000,00
2700000	 0000000217809,00	 0000000000000,00	 0000000000000,00	 0000000011201,00
2700100	 0000000011423,00	 0000000000000,00	 0000000000000,00	 0000000007611,00
2700200	 0000000113828,00	 0000000000000,00	 0000000000000,00	 0000000000000,00
2700300	 0000000018195,00	 0000000000000,00	 0000000000000,00	 0000000001210,00
2700400	 0000000074363,00	 0000000000000,00	 0000000000000,00	 0000000002380,00
2700401	 0000000000145,00	 0000000000000,00	 0000000000000,00	 0000000002380,00
2700402	 0000000000000,00	 0000000000000,00	 0000000000000,00	 0000000000000,00
2700411	 0000000056726,00	 0000000000000,00	 0000000000000,00	 0000000000000,00
2700412	 0000000000000,00	 0000000000000,00	 0000000000000,00	 0000000000000,00
2700413	 0000000006000,00	 0000000000000,00	 0000000000000,00	 0000000000000,00
2700421	 0000000000005,00	 0000000000000,00	 0000000000000,00	 0000000000000,00
2700422	 0000000000931,00	 0000000000000,00	 0000000000000,00	 0000000000000,00
2700423	 0000000000000,00	 0000000000000,00	 0000000000000,00	 0000000000000,00
2700490	 0000000010556,00	 0000000000000,00	 0000000000000,00	 0000000000000,00
2800000	 0000000236389,00	 0000000132531,00	 0000000000770,00	 0000000061043,00
3000000	 0000001986470,00	 0000000050836,00	-0000000000614,00	 0000000011521,00
3101000	 0000001781396,00	 0000000000000,00	 0000000000000,00	 0000000000000,00
3102000	 0000000000109,00	 0000000000000,00	 0000000000000,00	 0000000000000,00
3103000	 0000000000870,00	 0000000000000,00	 0000000000000,00	 0000000000000,00
3104000	 0000000204093,00	 0000000050836,00	-0000000000614,00	 0000000011281,00
3104100	 0000000330823,00	 0000000000000,00	 0000000000000,00	 0000000000000,00
3104200	-0000000012902,00	 0000000050836,00	-0000000000614,00	 0000000011281,00
3104300	-0000000113828,00	 0000000000000,00	 0000000000000,00	 0000000000000,00
3200000	 0000000000002,00	 0000000000000,00	 0000000000000,00	 0000000000240,00
5001000	 0000001986468,00	 0000000050836,00	-0000000000614,00	 0000000011281,00
5002000	 0000015250224,00	 0000003994746,00	 0000000000188,00	 0000010141964,00
5100000	 0000006950737,00	 0000007572420,00	 0000000055328,00	 0000005643577,00
