051	BANCO FALABELLA
1000000	 0000001479678,00	 0000000599516,00	 0000000000000,00	 0000000121035,00
1100000	 0000000116749,00	 0000000000000,00	 0000000000000,00	 0000000067515,00
1100100	 0000000090218,00	 0000000000000,00	 0000000000000,00	 0000000001987,00
1100200	 0000000025801,00	 0000000000000,00	 0000000000000,00	 0000000000489,00
1100300	 0000000000730,00	 0000000000000,00	 0000000000000,00	 0000000000083,00
1100400	 0000000000000,00	 0000000000000,00	 0000000000000,00	 0000000064956,00
1130000	 0000000055571,00	 0000000000000,00	 0000000000000,00	 0000000052948,00
1130100	 0000000003438,00	 0000000000000,00	 0000000000000,00	 0000000000000,00
1130200	 0000000052133,00	 0000000000000,00	 0000000000000,00	 0000000052948,00
1150000	 0000000072395,00	 0000000004981,00	 0000000000000,00	 0000000000000,00
1150100	 0000000007999,00	 0000000004981,00	 0000000000000,00	 0000000000000,00
1150200	 0000000000000,00	 0000000000000,00	 0000000000000,00	 0000000000000,00
1150300	 0000000000000,00	 0000000000000,00	 0000000000000,00	 0000000000000,00
1150400	 0000000064396,00	 0000000000000,00	 0000000000000,00	 0000000000000,00
1160000	 0000000000000,00	 0000000000000,00	 0000000000000,00	 0000000000000,00
1160100	 0000000000000,00	 0000000000000,00	 0000000000000,00	 0000000000000,00
1160200	 0000000000000,00	 0000000000000,00	 0000000000000,00	 0000000000000,00
1250000	 0000000009442,00	 0000000000000,00	 0000000000000,00	 0000000000000,00
1250100	 0000000009442,00	 0000000000000,00	 0000000000000,00	 0000000000000,00
1250200	 0000000000000,00	 0000000000000,00	 0000000000000,00	 0000000000000,00
1270000	 0000000000000,00	 0000000000000,00	 0000000000000,00	 0000000000000,00
1270100	 0000000000000,00	 0000000000000,00	 0000000000000,00	 0000000000000,00
1270112	 0000000000000,00	 0000000000000,00	 0000000000000,00	 0000000000000,00
1270113	 0000000000000,00	 0000000000000,00	 0000000000000,00	 0000000000000,00
1270116	 0000000000000,00	 0000000000000,00	 0000000000000,00	 0000000000000,00
1270117	 0000000000000,00	 0000000000000,00	 0000000000000,00	 0000000000000,00
1270118	 0000000000000,00	 0000000000000,00	 0000000000000,00	 0000000000000,00
1270190	 0000000000000,00	 0000000000000,00	 0000000000000,00	 0000000000000,00
1270200	 0000000000000,00	 0000000000000,00	 0000000000000,00	 0000000000000,00
1270202	 0000000000000,00	 0000000000000,00	 0000000000000,00	 0000000000000,00
1270203	 0000000000000,00	 0000000000000,00	 0000000000000,00	 0000000000000,00
1270206	 0000000000000,00	 0000000000000,00	 0000000000000,00	 0000000000000,00
1270207	 0000000000000,00	 0000000000000,00	 0000000000000,00	 0000000000000,00
1270208	 0000000000000,00	 0000000000000,00	 0000000000000,00	 0000000000000,00
1270290	 0000000000000,00	 0000000000000,00	 0000000000000,00	 0000000000000,00
1270300	 0000000000000,00	 0000000000000,00	 0000000000000,00	 0000000000000,00
1300000	 0000000818549,00	 0000000552457,00	 0000000000000,00	 0000000000571,00
1302000	 0000000000295,00	 0000000134802,00	 0000000000000,00	 0000000000000,00
1302100	 0000000000288,00	 0000000006068,00	 0000000000000,00	 0000000000000,00
1302101	 0000000000288,00	 0000000004002,00	 0000000000000,00	 0000000000000,00
1302102	 0000000000000,00	 0000000000000,00	 0000000000000,00	 0000000000000,00
1302170	 0000000000000,00	 0000000001005,00	 0000000000000,00	 0000000000000,00
1302180	 0000000000000,00	 0000000001061,00	 0000000000000,00	 0000000000000,00
1302200	 0000000000000,00	 0000000000000,00	 0000000000000,00	 0000000000000,00
1302201	 0000000000000,00	 0000000000000,00	 0000000000000,00	 0000000000000,00
1302202	 0000000000000,00	 0000000000000,00	 0000000000000,00	 0000000000000,00
1302241	 0000000000000,00	 0000000000000,00	 0000000000000,00	 0000000000000,00
1302242	 0000000000000,00	 0000000000000,00	 0000000000000,00	 0000000000000,00
1302281	 0000000000000,00	 0000000000000,00	 0000000000000,00	 0000000000000,00
1302282	 0000000000000,00	 0000000000000,00	 0000000000000,00	 0000000000000,00
1302300	 0000000000000,00	 0000000000000,00	 0000000000000,00	 0000000000000,00
1302500	 0000000000000,00	 0000000000000,00	 0000000000000,00	 0000000000000,00
1302600	 0000000000007,00	 0000000128734,00	 0000000000000,00	 0000000000000,00
1302601	 0000000000007,00	 0000000086865,00	 0000000000000,00	 0000000000000,00
1302602	 0000000000000,00	 0000000028422,00	 0000000000000,00	 0000000000000,00
1302604	 0000000000000,00	 0000000013447,00	 0000000000000,00	 0000000000000,00
1302800	 0000000000000,00	 0000000000000,00	 0000000000000,00	 0000000000000,00
1302900	 0000000000000,00	 0000000000000,00	 0000000000000,00	 0000000000000,00
1304000	 0000000000062,00	 0000000417655,00	 0000000000000,00	 0000000000000,00
1304100	 0000000000012,00	 0000000107784,00	 0000000000000,00	 0000000000000,00
1304101	 0000000000012,00	 0000000107784,00	 0000000000000,00	 0000000000000,00
1304102	 0000000000000,00	 0000000000000,00	 0000000000000,00	 0000000000000,00
1304200	 0000000000002,00	 0000000061829,00	 0000000000000,00	 0000000000000,00
1304400	 0000000000000,00	 0000000000000,00	 0000000000000,00	 0000000000000,00
1304500	 0000000000040,00	 0000000225121,00	 0000000000000,00	 0000000000000,00
1304600	 0000000000000,00	 0000000000000,00	 0000000000000,00	 0000000000000,00
1304800	 0000000000000,00	 0000000000000,00	 0000000000000,00	 0000000000000,00
1304900	 0000000000008,00	 0000000022921,00	 0000000000000,00	 0000000000000,00
1305000	 0000000884812,00	 0000000000000,00	 0000000000000,00	 0000000000571,00
1305100	 0000000840405,00	 0000000000000,00	 0000000000000,00	 0000000000000,00
1305300	 0000000030295,00	 0000000000000,00	 0000000000000,00	 0000000000000,00
1305400	 0000000014112,00	 0000000000000,00	 0000000000000,00	 0000000000571,00
1305800	 0000000000000,00	 0000000000000,00	 0000000000000,00	 0000000000000,00
1305900	 0000000000000,00	 0000000000000,00	 0000000000000,00	 0000000000000,00
1309000	-0000000066620,00	 0000000000000,00	 0000000000000,00	 0000000000000,00
1309100	-0000000003864,00	 0000000000000,00	 0000000000000,00	 0000000000000,00
1309200	-0000000005086,00	 0000000000000,00	 0000000000000,00	 0000000000000,00
1309300	-0000000057670,00	 0000000000000,00	 0000000000000,00	 0000000000000,00
1350000	 0000000335965,00	 0000000042078,00	 0000000000000,00	 0000000000000,00
1350100	 0000000066485,00	 0000000036342,00	 0000000000000,00	 0000000000000,00
1350200	 0000000269480,00	 0000000005736,00	 0000000000000,00	 0000000000000,00
1350300	 0000000000000,00	 0000000000000,00	 0000000000000,00	 0000000000000,00
1360000	 0000000000000,00	 0000000000000,00	 0000000000000,00	 0000000000000,00
1360100	 0000000000000,00	 0000000000000,00	 0000000000000,00	 0000000000000,00
1360200	 0000000000000,00	 0000000000000,00	 0000000000000,00	 0000000000000,00
1360300	 0000000000000,00	 0000000000000,00	 0000000000000,00	 0000000000000,00
1400000	 0000000000229,00	 0000000000000,00	 0000000000000,00	 0000000000000,00
1400100	 0000000000000,00	 0000000000000,00	 0000000000000,00	 0000000000000,00
1400101	 0000000000000,00	 0000000000000,00	 0000000000000,00	 0000000000000,00
1400103	 0000000000000,00	 0000000000000,00	 0000000000000,00	 0000000000000,00
1400200	 0000000000229,00	 0000000000000,00	 0000000000000,00	 0000000000000,00
1500000	 0000000020016,00	 0000000000000,00	 0000000000000,00	 0000000000000,00
1500100	 0000000000000,00	 0000000000000,00	 0000000000000,00	 0000000000000,00
1500200	 0000000020016,00	 0000000000000,00	 0000000000000,00	 0000000000000,00
1600000	 0000000014356,00	 0000000000000,00	 0000000000000,00	 0000000000000,00
1600100	 0000000009592,00	 0000000000000,00	 0000000000000,00	 0000000000000,00
1600200	 0000000004764,00	 0000000000000,00	 0000000000000,00	 0000000000000,00
1700000	 0000000000000,00	 0000000000000,00	 0000000000000,00	 0000000000000,00
1750000	 0000000023114,00	 0000000000000,00	 0000000000000,00	 0000000000000,00
1800000	 0000000013292,00	 0000000000000,00	 0000000000000,00	 0000000000001,00
1800100	 0000000000000,00	 0000000000000,00	 0000000000000,00	 0000000000000,00
1800200	 0000000000209,00	 0000000000000,00	 0000000000000,00	 0000000000000,00
1800900	 0000000013083,00	 0000000000000,00	 0000000000000,00	 0000000000001,00
2000000	 0000001504472,00	 0000000440325,00	 0000000000000,00	 0000000056476,00
2100000	 0000000274244,00	 0000000010527,00	 0000000000000,00	 0000000000081,00
2100100	 0000000189225,00	 0000000000000,00	 0000000000000,00	 0000000000000,00
2100109	 0000000004750,00	 0000000000000,00	 0000000000000,00	 0000000000000,00
2100110	 0000000184475,00	 0000000000000,00	 0000000000000,00	 0000000000000,00
2100200	 0000000066822,00	 0000000000000,00	 0000000000000,00	 0000000000000,00
2100300	 0000000018197,00	 0000000010527,00	 0000000000000,00	 0000000000081,00
2130000	 0000000050847,00	 0000000000000,00	 0000000000000,00	 0000000054055,00
2160000	 0000000000000,00	 0000000000000,00	 0000000000000,00	 0000000000000,00
2160100	 0000000000000,00	 0000000000000,00	 0000000000000,00	 0000000000000,00
2160200	 0000000000000,00	 0000000000000,00	 0000000000000,00	 0000000000000,00
2200000	 0000001069557,00	 0000000066754,00	 0000000000000,00	 0000000002282,00
2200100	 0000000811292,00	 0000000005958,00	 0000000000000,00	 0000000002268,00
2200200	 0000000000000,00	 0000000051453,00	 0000000000000,00	 0000000000000,00
2200900	 0000000258265,00	 0000000009343,00	 0000000000000,00	 0000000000014,00
2250000	 0000000007730,00	 0000000000000,00	 0000000000000,00	 0000000000000,00
2250100	 0000000007730,00	 0000000000000,00	 0000000000000,00	 0000000000000,00
2250200	 0000000000000,00	 0000000000000,00	 0000000000000,00	 0000000000000,00
2300000	 0000000000000,00	 0000000000000,00	 0000000000000,00	 0000000000000,00
2301000	 0000000000000,00	 0000000000000,00	 0000000000000,00	 0000000000000,00
2301001	 0000000000000,00	 0000000000000,00	 0000000000000,00	 0000000000000,00
2302000	 0000000000000,00	 0000000000000,00	 0000000000000,00	 0000000000000,00
2302100	 0000000000000,00	 0000000000000,00	 0000000000000,00	 0000000000000,00
2302200	 0000000000000,00	 0000000000000,00	 0000000000000,00	 0000000000000,00
2303000	 0000000000000,00	 0000000000000,00	 0000000000000,00	 0000000000000,00
2303100	 0000000000000,00	 0000000000000,00	 0000000000000,00	 0000000000000,00
2303900	 0000000000000,00	 0000000000000,00	 0000000000000,00	 0000000000000,00
2400000	 0000000031344,00	 0000000316888,00	 0000000000000,00	 0000000000000,00
2401000	 0000000000000,00	 0000000106314,00	 0000000000000,00	 0000000000000,00
2402000	 0000000031344,00	 0000000210574,00	 0000000000000,00	 0000000000000,00
2402100	 0000000030669,00	 0000000170147,00	 0000000000000,00	 0000000000000,00
2402200	 0000000000675,00	 0000000040427,00	 0000000000000,00	 0000000000000,00
2402300	 0000000000000,00	 0000000000000,00	 0000000000000,00	 0000000000000,00
2500000	 0000000008325,00	 0000000046156,00	 0000000000000,00	 0000000000000,00
2500100	 0000000000000,00	 0000000046156,00	 0000000000000,00	 0000000000000,00
2500200	 0000000008325,00	 0000000000000,00	 0000000000000,00	 0000000000000,00
2500300	 0000000000000,00	 0000000000000,00	 0000000000000,00	 0000000000000,00
2600000	 0000000002082,00	 0000000000000,00	 0000000000000,00	 0000000000000,00
2650000	 0000000010705,00	 0000000000000,00	 0000000000000,00	 0000000000000,00
2700000	 0000000023657,00	 0000000000000,00	 0000000000000,00	 0000000000000,00
2700100	 0000000001684,00	 0000000000000,00	 0000000000000,00	 0000000000000,00
2700200	 0000000019014,00	 0000000000000,00	 0000000000000,00	 0000000000000,00
2700300	 0000000001205,00	 0000000000000,00	 0000000000000,00	 0000000000000,00
2700400	 0000000001754,00	 0000000000000,00	 0000000000000,00	 0000000000000,00
2700401	 0000000000000,00	 0000000000000,00	 0000000000000,00	 0000000000000,00
2700402	 0000000000000,00	 0000000000000,00	 0000000000000,00	 0000000000000,00
2700411	 0000000000000,00	 0000000000000,00	 0000000000000,00	 0000000000000,00
2700412	 0000000000000,00	 0000000000000,00	 0000000000000,00	 0000000000000,00
2700413	 0000000001750,00	 0000000000000,00	 0000000000000,00	 0000000000000,00
2700421	 0000000000000,00	 0000000000000,00	 0000000000000,00	 0000000000000,00
2700422	 0000000000000,00	 0000000000000,00	 0000000000000,00	 0000000000000,00
2700423	 0000000000004,00	 0000000000000,00	 0000000000000,00	 0000000000000,00
2700490	 0000000000000,00	 0000000000000,00	 0000000000000,00	 0000000000000,00
2800000	 0000000025981,00	 0000000000000,00	 0000000000000,00	 0000000000058,00
3000000	 0000000198956,00	 0000000000000,00	 0000000000000,00	 0000000000000,00
3101000	 0000000035286,00	 0000000000000,00	 0000000000000,00	 0000000000000,00
3102000	 0000000119171,00	 0000000000000,00	 0000000000000,00	 0000000000000,00
3103000	 0000000000120,00	 0000000000000,00	 0000000000000,00	 0000000000000,00
3104000	 0000000044365,00	 0000000000000,00	 0000000000000,00	 0000000000000,00
3104100	 0000000053888,00	 0000000000000,00	 0000000000000,00	 0000000000000,00
3104200	 0000000009491,00	 0000000000000,00	 0000000000000,00	 0000000000000,00
3104300	-0000000019014,00	 0000000000000,00	 0000000000000,00	 0000000000000,00
3200000	 0000000000014,00	 0000000000000,00	 0000000000000,00	 0000000000000,00
5001000	 0000000198942,00	 0000000000000,00	 0000000000000,00	 0000000000000,00
5002000	 0000001703428,00	 0000000440325,00	 0000000000000,00	 0000000056476,00
5100000	 0000000885169,00	 0000000552457,00	 0000000000000,00	 0000000000571,00
