009	BANCO INTERNACIONAL                     
4100000	 0000000015269,00	 0000000001541,00	 0000000000000,00	 0000000001961,00
4100100	 0000000000000,00	 0000000000000,00	 0000000000000,00	 0000000000000,00
4100200	 0000000000000,00	 0000000000000,00	 0000000000000,00	 0000000000000,00
4100300	 0000000014885,00	 0000000001118,00	 0000000000000,00	 0000000001958,00
4100399	 0000000000039,00	 0000000000000,00	 0000000000000,00	 0000000000000,00
4100400	 0000000000000,00	 0000000000194,00	 0000000000000,00	 0000000000000,00
4100499	 0000000000000,00	 0000000000000,00	 0000000000000,00	 0000000000000,00
4100500	 0000000000014,00	-0000000000004,00	 0000000000000,00	 0000000000000,00
4100599	 0000000000000,00	 0000000000000,00	 0000000000000,00	 0000000000000,00
4100600	 0000000000087,00	 0000000000000,00	 0000000000000,00	 0000000000000,00
4100800	 0000000000283,00	 0000000000233,00	 0000000000000,00	 0000000000003,00
4100900	 0000000000000,00	 0000000000000,00	 0000000000000,00	 0000000000000,00
4150000	-0000000009888,00	 0000000000296,00	 0000000000000,00	-0000000000694,00
4150100	 0000000000000,00	 0000000000000,00	 0000000000000,00	 0000000000000,00
4150200	 0000000000000,00	 0000000000000,00	 0000000000000,00	 0000000000000,00
4150300	-0000000009645,00	 0000000000178,00	 0000000000000,00	-0000000000694,00
4150400	-0000000000094,00	 0000000000000,00	 0000000000000,00	 0000000000000,00
4150500	 0000000000000,00	-0000000000251,00	 0000000000000,00	 0000000000000,00
4150600	-0000000000149,00	 0000000000369,00	 0000000000000,00	 0000000000000,00
4150800	 0000000000000,00	 0000000000000,00	 0000000000000,00	 0000000000000,00
4150900	 0000000000000,00	 0000000000000,00	 0000000000000,00	 0000000000000,00
4200000	 0000000001913,00	 0000000000000,00	 0000000000000,00	 0000000000000,00
4200100	 0000000000046,00	 0000000000000,00	 0000000000000,00	 0000000000000,00
4200200	 0000000000228,00	 0000000000000,00	 0000000000000,00	 0000000000000,00
4200300	 0000000000005,00	 0000000000000,00	 0000000000000,00	 0000000000000,00
4200400	 0000000000124,00	 0000000000000,00	 0000000000000,00	 0000000000000,00
4200500	 0000000000153,00	 0000000000000,00	 0000000000000,00	 0000000000000,00
4200600	 0000000000008,00	 0000000000000,00	 0000000000000,00	 0000000000000,00
4200700	 0000000000000,00	 0000000000000,00	 0000000000000,00	 0000000000000,00
4200800	 0000000000000,00	 0000000000000,00	 0000000000000,00	 0000000000000,00
4200900	 0000000001349,00	 0000000000000,00	 0000000000000,00	 0000000000000,00
4250000	-0000000000182,00	 0000000000000,00	 0000000000000,00	-0000000000053,00
4250100	 0000000000000,00	 0000000000000,00	 0000000000000,00	 0000000000000,00
4250200	 0000000000000,00	 0000000000000,00	 0000000000000,00	 0000000000000,00
4250300	-0000000000182,00	 0000000000000,00	 0000000000000,00	-0000000000053,00
4300000	 0000000002706,00	 0000000000168,00	 0000000000000,00	 0000000000000,00
4300100	 0000000003519,00	-0000000000268,00	 0000000000000,00	 0000000000000,00
4300200	-0000000000813,00	 0000000000420,00	 0000000000000,00	 0000000000000,00
4300300	 0000000000000,00	 0000000000000,00	 0000000000000,00	 0000000000000,00
4300400	 0000000000000,00	 0000000000000,00	 0000000000000,00	 0000000000000,00
4300500	 0000000000000,00	 0000000000016,00	 0000000000000,00	 0000000000000,00
4350000	 0000000003609,00	 0000000000000,00	 0000000000000,00	 0000000000000,00
4350100	 0000000003609,00	 0000000000000,00	 0000000000000,00	 0000000000000,00
4350200	 0000000000000,00	 0000000000000,00	 0000000000000,00	 0000000000000,00
4350900	 0000000000000,00	 0000000000000,00	 0000000000000,00	 0000000000000,00
4400000	 0000000000281,00	 0000000000000,00	 0000000000000,00	 0000000000022,00
4400100	 0000000000142,00	 0000000000000,00	 0000000000000,00	 0000000000000,00
4400200	 0000000000000,00	 0000000000000,00	 0000000000000,00	 0000000000000,00
4400300	 0000000000139,00	 0000000000000,00	 0000000000000,00	 0000000000022,00
4500000	-0000000003398,00	 0000000000000,00	 0000000000000,00	 0000000000000,00
4500100	-0000000003730,00	 0000000000000,00	 0000000000000,00	 0000000000000,00
4500200	 0000000000000,00	 0000000000000,00	 0000000000000,00	 0000000000000,00
4500900	 0000000000332,00	 0000000000000,00	 0000000000000,00	 0000000000000,00
4500901	 0000000000314,00	 0000000000000,00	 0000000000000,00	 0000000000000,00
4500911	 0000000000000,00	 0000000000000,00	 0000000000000,00	 0000000000000,00
4500921	 0000000000013,00	 0000000000000,00	 0000000000000,00	 0000000000000,00
4600000	-0000000006203,00	 0000000000000,00	 0000000000000,00	 0000000000000,00
4610000	-0000000002001,00	 0000000000000,00	 0000000000000,00	 0000000000000,00
4610100	-0000000001338,00	 0000000000000,00	 0000000000000,00	 0000000000000,00
4610200	 0000000000000,00	 0000000000000,00	 0000000000000,00	 0000000000000,00
4610300	-0000000000155,00	 0000000000000,00	 0000000000000,00	 0000000000000,00
4610400	-0000000000195,00	 0000000000000,00	 0000000000000,00	 0000000000000,00
4610500	-0000000000313,00	 0000000000000,00	 0000000000000,00	 0000000000000,00
4620000	-0000000000490,00	 0000000000000,00	 0000000000000,00	 0000000000000,00
4630000	 0000000000000,00	 0000000000000,00	 0000000000000,00	 0000000000000,00
4650000	-0000000000662,00	 0000000000000,00	 0000000000000,00	 0000000000000,00
4650100	-0000000000540,00	 0000000000000,00	 0000000000000,00	 0000000000000,00
4650200	 0000000000000,00	 0000000000000,00	 0000000000000,00	 0000000000000,00
4650201	 0000000000000,00	 0000000000000,00	 0000000000000,00	 0000000000000,00
4650211	 0000000000000,00	 0000000000000,00	 0000000000000,00	 0000000000000,00
4650212	 0000000000000,00	 0000000000000,00	 0000000000000,00	 0000000000000,00
4650290	 0000000000000,00	 0000000000000,00	 0000000000000,00	 0000000000000,00
4650900	-0000000000122,00	 0000000000000,00	 0000000000000,00	 0000000000000,00
4700000	 0000000000015,00	 0000000000000,00	 0000000000000,00	 0000000000000,00
4700100	 0000000000015,00	 0000000000000,00	 0000000000000,00	 0000000000000,00
4700101	 0000000000000,00	 0000000000000,00	 0000000000000,00	 0000000000000,00
4700102	 0000000000000,00	 0000000000000,00	 0000000000000,00	 0000000000000,00
4700103	 0000000000000,00	 0000000000000,00	 0000000000000,00	 0000000000000,00
4700110	 0000000000015,00	 0000000000000,00	 0000000000000,00	 0000000000000,00
4700200	 0000000000000,00	 0000000000000,00	 0000000000000,00	 0000000000000,00
4700201	 0000000000000,00	 0000000000000,00	 0000000000000,00	 0000000000000,00
4700202	 0000000000000,00	 0000000000000,00	 0000000000000,00	 0000000000000,00
4700203	 0000000000000,00	 0000000000000,00	 0000000000000,00	 0000000000000,00
4700210	 0000000000000,00	 0000000000000,00	 0000000000000,00	 0000000000000,00
4800000	-0000000000354,00	 0000000000000,00	 0000000000000,00	 0000000000000,00
4800001	-0000000000893,00	 0000000000000,00	 0000000000000,00	 0000000000000,00
4850000	 0000000000000,00	 0000000000000,00	 0000000000000,00	 0000000000000,00
4900000	 0000000000000,00	 0000000000000,00	 0000000000000,00	 0000000000000,00
5003000	 0000000005381,00	 0000000001837,00	 0000000000000,00	 0000000001267,00
5004000	 0000000001731,00	 0000000000000,00	 0000000000000,00	-0000000000053,00
5005000	 0000000013708,00	 0000000002005,00	 0000000000000,00	 0000000001236,00
5006000	 0000000010310,00	 0000000002005,00	 0000000000000,00	 0000000001236,00
5007000	 0000000000954,00	 0000000002005,00	 0000000000000,00	 0000000001236,00
5008000	 0000000000969,00	 0000000002005,00	 0000000000000,00	 0000000001236,00
5009000	 0000000000615,00	 0000000002005,00	 0000000000000,00	 0000000001236,00
5010000	 0000000000615,00	 0000000002005,00	 0000000000000,00	 0000000001236,00
