014	SCOTIABANK CHILE
1000000	 0000018087830,00	 0000013449655,00	 0000000091554,00	 0000006601210,00
1100000	 0000000529522,00	 0000000000000,00	 0000000000000,00	 0000000244543,00
1100100	 0000000447046,00	 0000000000000,00	 0000000000000,00	 0000000030199,00
1100200	 0000000070000,00	 0000000000000,00	 0000000000000,00	 0000000054275,00
1100300	 0000000012476,00	 0000000000000,00	 0000000000000,00	 0000000000000,00
1100400	 0000000000000,00	 0000000000000,00	 0000000000000,00	 0000000160069,00
1130000	 0000000449829,00	 0000000000000,00	 0000000000000,00	 0000000254464,00
1130100	 0000000040923,00	 0000000000000,00	 0000000000000,00	 0000000023110,00
1130200	 0000000408906,00	 0000000000000,00	 0000000000000,00	 0000000231354,00
1150000	 0000000525502,00	 0000000146310,00	 0000000000000,00	 0000000000000,00
1150100	 0000000066899,00	 0000000069248,00	 0000000000000,00	 0000000000000,00
1150200	 0000000340663,00	 0000000077062,00	 0000000000000,00	 0000000000000,00
1150300	 0000000000000,00	 0000000000000,00	 0000000000000,00	 0000000000000,00
1150400	 0000000117940,00	 0000000000000,00	 0000000000000,00	 0000000000000,00
1160000	 0000000018505,00	 0000000000000,00	 0000000000000,00	 0000000000000,00
1160100	 0000000000000,00	 0000000000000,00	 0000000000000,00	 0000000000000,00
1160200	 0000000018505,00	 0000000000000,00	 0000000000000,00	 0000000000000,00
1250000	 0000006218157,00	 0000000000000,00	 0000000000000,00	 0000000000000,00
1250100	 0000006072129,00	 0000000000000,00	 0000000000000,00	 0000000000000,00
1250200	 0000000146028,00	 0000000000000,00	 0000000000000,00	 0000000000000,00
1270000	 0000000558110,00	 0000000000000,00	 0000000000000,00	 0000000002083,00
1270100	 0000000000000,00	 0000000000000,00	 0000000000000,00	 0000000000000,00
1270112	 0000000000000,00	 0000000000000,00	 0000000000000,00	 0000000000000,00
1270113	 0000000000000,00	 0000000000000,00	 0000000000000,00	 0000000000000,00
1270116	 0000000000000,00	 0000000000000,00	 0000000000000,00	 0000000000000,00
1270117	 0000000000000,00	 0000000000000,00	 0000000000000,00	 0000000000000,00
1270118	 0000000000000,00	 0000000000000,00	 0000000000000,00	 0000000000000,00
1270190	 0000000000000,00	 0000000000000,00	 0000000000000,00	 0000000000000,00
1270200	-0000000000001,00	 0000000000000,00	 0000000000000,00	 0000000002083,00
1270202	 0000000000000,00	 0000000000000,00	 0000000000000,00	 0000000000000,00
1270203	 0000000000000,00	 0000000000000,00	 0000000000000,00	 0000000000000,00
1270206	 0000000000000,00	 0000000000000,00	 0000000000000,00	 0000000000876,00
1270207	 0000000000000,00	 0000000000000,00	 0000000000000,00	 0000000000000,00
1270208	 0000000000000,00	 0000000000000,00	 0000000000000,00	 0000000000000,00
1270290	-0000000000001,00	 0000000000000,00	 0000000000000,00	 0000000000000,00
1270300	 0000000558111,00	 0000000000000,00	 0000000000000,00	 0000000000000,00
1300000	 0000007476542,00	 0000012937625,00	 0000000090077,00	 0000004890769,00
1302000	 0000004662077,00	 0000003522307,00	 0000000090077,00	 0000004876284,00
1302100	 0000004013848,00	 0000002487641,00	 0000000000351,00	 0000002821555,00
1302101	 0000003947514,00	 0000002432969,00	 0000000000351,00	 0000002684712,00
1302102	 0000000066334,00	 0000000000000,00	 0000000000000,00	 0000000136843,00
1302170	 0000000000000,00	 0000000013074,00	 0000000000000,00	 0000000000000,00
1302180	 0000000000000,00	 0000000001459,00	 0000000000000,00	 0000000000000,00
1302200	 0000000082084,00	 0000000000000,00	 0000000000005,00	 0000002000131,00
1302201	 0000000000000,00	 0000000000000,00	 0000000000000,00	 0000000000000,00
1302202	 0000000082081,00	 0000000000000,00	 0000000000000,00	 0000001549406,00
1302241	 0000000000003,00	 0000000000000,00	 0000000000005,00	 0000000019379,00
1302242	 0000000000000,00	 0000000000000,00	 0000000000000,00	 0000000430831,00
1302281	 0000000000000,00	 0000000000000,00	 0000000000000,00	 0000000000515,00
1302282	 0000000000000,00	 0000000000000,00	 0000000000000,00	 0000000000000,00
1302300	 0000000057509,00	 0000000000000,00	 0000000000000,00	 0000000000000,00
1302500	 0000000213102,00	 0000000036950,00	 0000000000000,00	 0000000053917,00
1302600	 0000000000007,00	 0000000681771,00	 0000000000000,00	 0000000000000,00
1302601	 0000000000000,00	 0000000665735,00	 0000000000000,00	 0000000000000,00
1302602	 0000000000000,00	 0000000006498,00	 0000000000000,00	 0000000000000,00
1302604	 0000000000007,00	 0000000009538,00	 0000000000000,00	 0000000000000,00
1302800	 0000000287201,00	 0000000315848,00	 0000000089607,00	 0000000000000,00
1302900	 0000000008326,00	 0000000000097,00	 0000000000114,00	 0000000000681,00
1304000	 0000000002226,00	 0000009372544,00	 0000000000000,00	 0000000000000,00
1304100	 0000000000000,00	 0000000119187,00	 0000000000000,00	 0000000000000,00
1304101	 0000000000000,00	 0000000119187,00	 0000000000000,00	 0000000000000,00
1304102	 0000000000000,00	 0000000000000,00	 0000000000000,00	 0000000000000,00
1304200	 0000000000000,00	 0000000054017,00	 0000000000000,00	 0000000000000,00
1304400	 0000000000000,00	 0000000000000,00	 0000000000000,00	 0000000000000,00
1304500	 0000000002226,00	 0000009119127,00	 0000000000000,00	 0000000000000,00
1304600	 0000000000000,00	 0000000000000,00	 0000000000000,00	 0000000000000,00
1304800	 0000000000000,00	 0000000053432,00	 0000000000000,00	 0000000000000,00
1304900	 0000000000000,00	 0000000026781,00	 0000000000000,00	 0000000000000,00
1305000	 0000003354786,00	 0000000042774,00	 0000000000000,00	 0000000014485,00
1305100	 0000001673267,00	 0000000042774,00	 0000000000000,00	 0000000000000,00
1305300	 0000000101802,00	 0000000000000,00	 0000000000000,00	 0000000000000,00
1305400	 0000001578970,00	 0000000000000,00	 0000000000000,00	 0000000014485,00
1305800	 0000000000000,00	 0000000000000,00	 0000000000000,00	 0000000000000,00
1305900	 0000000000747,00	 0000000000000,00	 0000000000000,00	 0000000000000,00
1309000	-0000000542547,00	 0000000000000,00	 0000000000000,00	 0000000000000,00
1309100	-0000000235874,00	 0000000000000,00	 0000000000000,00	 0000000000000,00
1309200	-0000000046917,00	 0000000000000,00	 0000000000000,00	 0000000000000,00
1309300	-0000000259756,00	 0000000000000,00	 0000000000000,00	 0000000000000,00
1350000	 0000001218249,00	 0000000345415,00	 0000000000000,00	 0000000000000,00
1350100	 0000001198642,00	 0000000345415,00	 0000000000000,00	 0000000000000,00
1350200	 0000000019607,00	 0000000000000,00	 0000000000000,00	 0000000000000,00
1350300	 0000000000000,00	 0000000000000,00	 0000000000000,00	 0000000000000,00
1360000	 0000000000000,00	 0000000000000,00	 0000000000000,00	 0000000000000,00
1360100	 0000000000000,00	 0000000000000,00	 0000000000000,00	 0000000000000,00
1360200	 0000000000000,00	 0000000000000,00	 0000000000000,00	 0000000000000,00
1360300	 0000000000000,00	 0000000000000,00	 0000000000000,00	 0000000000000,00
1400000	 0000000016699,00	 0000000000000,00	 0000000000000,00	 0000000000010,00
1400100	 0000000000000,00	 0000000000000,00	 0000000000000,00	 0000000000000,00
1400101	 0000000000000,00	 0000000000000,00	 0000000000000,00	 0000000000000,00
1400103	 0000000000000,00	 0000000000000,00	 0000000000000,00	 0000000000000,00
1400200	 0000000016699,00	 0000000000000,00	 0000000000000,00	 0000000000010,00
1500000	 0000000189204,00	 0000000000000,00	 0000000000000,00	 0000000000000,00
1500100	 0000000000000,00	 0000000000000,00	 0000000000000,00	 0000000000000,00
1500200	 0000000189204,00	 0000000000000,00	 0000000000000,00	 0000000000000,00
1600000	 0000000114402,00	 0000000000000,00	 0000000000000,00	 0000000000000,00
1600100	 0000000048285,00	 0000000000000,00	 0000000000000,00	 0000000000000,00
1600200	 0000000066117,00	 0000000000000,00	 0000000000000,00	 0000000000000,00
1650000	 0000000237860,00	 0000000000000,00	 0000000000000,00	 0000000000000,00
1650100	 0000000237860,00	 0000000000000,00	 0000000000000,00	 0000000000000,00
1650200	 0000000000000,00	 0000000000000,00	 0000000000000,00	 0000000000000,00
1700000	 0000000029913,00	 0000000000000,00	 0000000000000,00	 0000000000000,00
1750000	 0000000328049,00	 0000000000000,00	 0000000000000,00	 0000000000000,00
1800000	 0000000177287,00	 0000000020305,00	 0000000001477,00	 0000001209341,00
1800100	 0000000010654,00	 0000000000000,00	 0000000001477,00	 0000000000000,00
1800200	 0000000024796,00	 0000000000000,00	 0000000000000,00	 0000000000000,00
1800900	 0000000141837,00	 0000000020305,00	 0000000000000,00	 0000001209341,00
2000000	 0000021866031,00	 0000006904972,00	 0000000000000,00	 0000007146123,00
2100000	 0000004083460,00	 0000000402621,00	 0000000000000,00	 0000000404456,00
2100100	 0000003151960,00	 0000000000000,00	 0000000000000,00	 0000000271888,00
2100109	 0000002123442,00	 0000000000000,00	 0000000000000,00	 0000000253980,00
2100110	 0000001028518,00	 0000000000000,00	 0000000000000,00	 0000000017908,00
2100200	 0000000591782,00	 0000000000000,00	 0000000000000,00	 0000000000000,00
2100300	 0000000339718,00	 0000000402621,00	 0000000000000,00	 0000000132568,00
2130000	 0000000322491,00	 0000000000000,00	 0000000000000,00	 0000000223459,00
2160000	 0000001091053,00	 0000000000000,00	 0000000000000,00	 0000000000003,00
2160100	 0000000000000,00	 0000000000000,00	 0000000000000,00	 0000000000000,00
2160200	 0000001091053,00	 0000000000000,00	 0000000000000,00	 0000000000003,00
2200000	 0000009167802,00	 0000000147257,00	 0000000000000,00	 0000002543969,00
2200100	 0000009167802,00	 0000000070740,00	 0000000000000,00	 0000002543969,00
2200200	 0000000000000,00	 0000000076517,00	 0000000000000,00	 0000000000000,00
2200900	 0000000000000,00	 0000000000000,00	 0000000000000,00	 0000000000000,00
2250000	 0000006353460,00	 0000000000000,00	 0000000000000,00	 0000000000000,00
2250100	 0000005939062,00	 0000000000000,00	 0000000000000,00	 0000000000000,00
2250200	 0000000414398,00	 0000000000000,00	 0000000000000,00	 0000000000000,00
2300000	 0000000000000,00	 0000000000000,00	 0000000000000,00	 0000003700350,00
2301000	 0000000000000,00	 0000000000000,00	 0000000000000,00	 0000000016584,00
2301001	 0000000000000,00	 0000000000000,00	 0000000000000,00	 0000000000000,00
2302000	 0000000000000,00	 0000000000000,00	 0000000000000,00	 0000003683766,00
2302100	 0000000000000,00	 0000000000000,00	 0000000000000,00	 0000002084654,00
2302200	 0000000000000,00	 0000000000000,00	 0000000000000,00	 0000001599112,00
2303000	 0000000000000,00	 0000000000000,00	 0000000000000,00	 0000000000000,00
2303100	 0000000000000,00	 0000000000000,00	 0000000000000,00	 0000000000000,00
2303900	 0000000000000,00	 0000000000000,00	 0000000000000,00	 0000000000000,00
2400000	 0000000316552,00	 0000006108287,00	 0000000000000,00	 0000000000000,00
2401000	 0000000000000,00	 0000000138672,00	 0000000000000,00	 0000000000000,00
2402000	 0000000316552,00	 0000005969615,00	 0000000000000,00	 0000000000000,00
2402100	 0000000316552,00	 0000005230414,00	 0000000000000,00	 0000000000000,00
2402200	 0000000000000,00	 0000000739201,00	 0000000000000,00	 0000000000000,00
2402300	 0000000000000,00	 0000000000000,00	 0000000000000,00	 0000000000000,00
2500000	 0000000040921,00	 0000000006286,00	 0000000000000,00	 0000000002301,00
2500100	 0000000000000,00	 0000000000000,00	 0000000000000,00	 0000000000000,00
2500200	 0000000040921,00	 0000000006286,00	 0000000000000,00	 0000000002301,00
2500300	 0000000000000,00	 0000000000000,00	 0000000000000,00	 0000000000000,00
2550000	 0000000001711,00	 0000000218950,00	 0000000000000,00	 0000000000000,00
2600000	 0000000003605,00	 0000000000000,00	 0000000000000,00	 0000000000000,00
2650000	 0000000002566,00	 0000000000000,00	 0000000000000,00	 0000000000000,00
2700000	 0000000189087,00	 0000000000000,00	 0000000000000,00	 0000000000000,00
2700100	 0000000035631,00	 0000000000000,00	 0000000000000,00	 0000000000000,00
2700200	 0000000091785,00	 0000000000000,00	 0000000000000,00	 0000000000000,00
2700300	 0000000034616,00	 0000000000000,00	 0000000000000,00	 0000000000000,00
2700400	 0000000027055,00	 0000000000000,00	 0000000000000,00	 0000000000000,00
2700401	 0000000000400,00	 0000000000000,00	 0000000000000,00	 0000000000000,00
2700402	 0000000000000,00	 0000000000000,00	 0000000000000,00	 0000000000000,00
2700411	 0000000001576,00	 0000000000000,00	 0000000000000,00	 0000000000000,00
2700412	 0000000001247,00	 0000000000000,00	 0000000000000,00	 0000000000000,00
2700413	 0000000001714,00	 0000000000000,00	 0000000000000,00	 0000000000000,00
2700421	 0000000000000,00	 0000000000000,00	 0000000000000,00	 0000000000000,00
2700422	 0000000000000,00	 0000000000000,00	 0000000000000,00	 0000000000000,00
2700423	 0000000000000,00	 0000000000000,00	 0000000000000,00	 0000000000000,00
2700490	 0000000022118,00	 0000000000000,00	 0000000000000,00	 0000000000000,00
2800000	 0000000293323,00	 0000000021571,00	 0000000000000,00	 0000000271585,00
3000000	 0000002216215,00	 0000000088310,00	 0000000007311,00	 0000000001287,00
3101000	 0000001131352,00	 0000000000000,00	 0000000000000,00	 0000000000000,00
3102000	 0000000496396,00	 0000000000000,00	 0000000000000,00	 0000000000000,00
3103000	-0000000159952,00	 0000000000000,00	 0000000000000,00	 0000000000000,00
3104000	 0000000640377,00	 0000000088310,00	 0000000007311,00	 0000000001287,00
3104100	 0000000777499,00	 0000000000000,00	 0000000000000,00	 0000000000000,00
3104200	-0000000045337,00	 0000000088310,00	 0000000007311,00	 0000000001287,00
3104300	-0000000091785,00	 0000000000000,00	 0000000000000,00	 0000000000000,00
3200000	 0000000108042,00	 0000000000000,00	 0000000000000,00	 0000000000000,00
5001000	 0000002108173,00	 0000000088310,00	 0000000007311,00	 0000000001287,00
5002000	 0000024082246,00	 0000006993282,00	 0000000007311,00	 0000007147410,00
5100000	 0000008019089,00	 0000012937625,00	 0000000090077,00	 0000004890769,00
