001	BANCO DE CHILE
1000000	 0000015375608,00	 0000013420324,00	 0000000084370,00	 0000003306187,00
1100000	 0000000894969,00	 0000000000000,00	 0000000000000,00	 0000000589672,00
1100100	 0000000543298,00	 0000000000000,00	 0000000000000,00	 0000000047608,00
1100200	 0000000349809,00	 0000000000000,00	 0000000000000,00	 0000000143267,00
1100300	 0000000001862,00	 0000000000000,00	 0000000000000,00	 0000000008895,00
1100400	 0000000000000,00	 0000000000000,00	 0000000000000,00	 0000000389902,00
1130000	 0000000388498,00	 0000000000000,00	 0000000000000,00	 0000000136501,00
1130100	 0000000140239,00	 0000000000000,00	 0000000000000,00	 0000000021409,00
1130200	 0000000248259,00	 0000000000000,00	 0000000000000,00	 0000000115092,00
1150000	 0000001127142,00	 0000000299432,00	 0000000000000,00	 0000000000779,00
1150100	 0000000840027,00	 0000000278059,00	 0000000000000,00	 0000000000000,00
1150200	 0000000256752,00	 0000000021373,00	 0000000000000,00	 0000000000000,00
1150300	 0000000000000,00	 0000000000000,00	 0000000000000,00	 0000000000523,00
1150400	 0000000030363,00	 0000000000000,00	 0000000000000,00	 0000000000256,00
1160000	 0000000065474,00	 0000000000000,00	 0000000000000,00	 0000000000000,00
1160100	 0000000000000,00	 0000000000000,00	 0000000000000,00	 0000000000000,00
1160200	 0000000065474,00	 0000000000000,00	 0000000000000,00	 0000000000000,00
1250000	 0000000973756,00	 0000000000000,00	 0000000000000,00	 0000000072522,00
1250100	 0000000920703,00	 0000000000000,00	 0000000000000,00	 0000000072225,00
1250200	 0000000053053,00	 0000000000000,00	 0000000000000,00	 0000000000297,00
1270000	 0000000000191,00	 0000000000000,00	 0000000000000,00	 0000000301086,00
1270100	 0000000000000,00	 0000000000000,00	 0000000000000,00	 0000000000000,00
1270112	 0000000000000,00	 0000000000000,00	 0000000000000,00	 0000000000000,00
1270113	 0000000000000,00	 0000000000000,00	 0000000000000,00	 0000000000000,00
1270116	 0000000000000,00	 0000000000000,00	 0000000000000,00	 0000000000000,00
1270117	 0000000000000,00	 0000000000000,00	 0000000000000,00	 0000000000000,00
1270118	 0000000000000,00	 0000000000000,00	 0000000000000,00	 0000000000000,00
1270190	 0000000000000,00	 0000000000000,00	 0000000000000,00	 0000000000000,00
1270200	-0000000000594,00	 0000000000000,00	 0000000000000,00	 0000000301086,00
1270202	 0000000000000,00	 0000000000000,00	 0000000000000,00	 0000000000000,00
1270203	 0000000000000,00	 0000000000000,00	 0000000000000,00	 0000000219303,00
1270206	 0000000000000,00	 0000000000000,00	 0000000000000,00	 0000000017512,00
1270207	 0000000000000,00	 0000000000000,00	 0000000000000,00	 0000000000000,00
1270208	 0000000000000,00	 0000000000000,00	 0000000000000,00	 0000000064271,00
1270290	-0000000000594,00	 0000000000000,00	 0000000000000,00	 0000000000000,00
1270300	 0000000000785,00	 0000000000000,00	 0000000000000,00	 0000000000000,00
1300000	 0000010032351,00	 0000012748998,00	 0000000083955,00	 0000001957304,00
1302000	 0000006676290,00	 0000005263635,00	 0000000083955,00	 0000001920090,00
1302100	 0000005346599,00	 0000004362535,00	 0000000001142,00	 0000000892970,00
1302101	 0000005346599,00	 0000004350790,00	 0000000001142,00	 0000000818200,00
1302102	 0000000000000,00	 0000000000000,00	 0000000000000,00	 0000000074770,00
1302170	 0000000000000,00	 0000000006371,00	 0000000000000,00	 0000000000000,00
1302180	 0000000000000,00	 0000000005374,00	 0000000000000,00	 0000000000000,00
1302200	 0000000119523,00	 0000000022041,00	 0000000000018,00	 0000000924524,00
1302201	 0000000000000,00	 0000000000000,00	 0000000000000,00	 0000000000000,00
1302202	 0000000115105,00	 0000000020792,00	 0000000000000,00	 0000000555045,00
1302241	 0000000004418,00	 0000000000000,00	 0000000000000,00	 0000000000000,00
1302242	 0000000000000,00	 0000000001249,00	 0000000000018,00	 0000000368877,00
1302281	 0000000000000,00	 0000000000000,00	 0000000000000,00	 0000000000000,00
1302282	 0000000000000,00	 0000000000000,00	 0000000000000,00	 0000000000602,00
1302300	 0000000228987,00	 0000000000000,00	 0000000000000,00	 0000000000520,00
1302500	 0000000418648,00	 0000000021171,00	 0000000000000,00	 0000000091061,00
1302600	 0000000000012,00	 0000000045724,00	 0000000000000,00	 0000000000000,00
1302601	 0000000000000,00	 0000000000000,00	 0000000000000,00	 0000000000000,00
1302602	 0000000000000,00	 0000000001235,00	 0000000000000,00	 0000000000000,00
1302604	 0000000000012,00	 0000000044489,00	 0000000000000,00	 0000000000000,00
1302800	 0000000497383,00	 0000000808018,00	 0000000082795,00	 0000000000000,00
1302900	 0000000065138,00	 0000000004146,00	 0000000000000,00	 0000000011015,00
1304000	 0000000027916,00	 0000007416437,00	 0000000000000,00	 0000000000000,00
1304100	 0000000000000,00	 0000000030326,00	 0000000000000,00	 0000000000000,00
1304101	 0000000000000,00	 0000000030326,00	 0000000000000,00	 0000000000000,00
1304102	 0000000000000,00	 0000000000000,00	 0000000000000,00	 0000000000000,00
1304200	 0000000000005,00	 0000000055256,00	 0000000000000,00	 0000000000000,00
1304400	 0000000000000,00	 0000000000000,00	 0000000000000,00	 0000000000000,00
1304500	 0000000027239,00	 0000007322821,00	 0000000000000,00	 0000000000000,00
1304600	 0000000000000,00	 0000000000009,00	 0000000000000,00	 0000000000000,00
1304800	 0000000000000,00	 0000000000000,00	 0000000000000,00	 0000000000000,00
1304900	 0000000000672,00	 0000000008025,00	 0000000000000,00	 0000000000000,00
1305000	 0000003890311,00	 0000000068926,00	 0000000000000,00	 0000000037214,00
1305100	 0000002473389,00	 0000000068926,00	 0000000000000,00	 0000000000000,00
1305300	 0000000325667,00	 0000000000000,00	 0000000000000,00	 0000000000010,00
1305400	 0000001090513,00	 0000000000000,00	 0000000000000,00	 0000000037204,00
1305800	 0000000000000,00	 0000000000000,00	 0000000000000,00	 0000000000000,00
1305900	 0000000000742,00	 0000000000000,00	 0000000000000,00	 0000000000000,00
1309000	-0000000562166,00	 0000000000000,00	 0000000000000,00	 0000000000000,00
1309100	-0000000280982,00	 0000000000000,00	 0000000000000,00	 0000000000000,00
1309200	-0000000032447,00	 0000000000000,00	 0000000000000,00	 0000000000000,00
1309300	-0000000248737,00	 0000000000000,00	 0000000000000,00	 0000000000000,00
1350000	 0000000992461,00	 0000000367016,00	 0000000000000,00	 0000000080970,00
1350100	 0000000303125,00	 0000000049817,00	 0000000000000,00	 0000000000000,00
1350200	 0000000689336,00	 0000000317199,00	 0000000000000,00	 0000000080970,00
1350300	 0000000000000,00	 0000000000000,00	 0000000000000,00	 0000000000000,00
1360000	 0000000000000,00	 0000000000000,00	 0000000000000,00	 0000000000000,00
1360100	 0000000000000,00	 0000000000000,00	 0000000000000,00	 0000000000000,00
1360200	 0000000000000,00	 0000000000000,00	 0000000000000,00	 0000000000000,00
1360300	 0000000000000,00	 0000000000000,00	 0000000000000,00	 0000000000000,00
1400000	 0000000037371,00	 0000000000000,00	 0000000000000,00	 0000000000053,00
1400100	 0000000035151,00	 0000000000000,00	 0000000000000,00	 0000000000000,00
1400101	 0000000000000,00	 0000000000000,00	 0000000000000,00	 0000000000000,00
1400103	 0000000035151,00	 0000000000000,00	 0000000000000,00	 0000000000000,00
1400200	 0000000002220,00	 0000000000000,00	 0000000000000,00	 0000000000053,00
1500000	 0000000037270,00	 0000000000000,00	 0000000000000,00	 0000000000000,00
1500100	 0000000000000,00	 0000000000000,00	 0000000000000,00	 0000000000000,00
1500200	 0000000037270,00	 0000000000000,00	 0000000000000,00	 0000000000000,00
1600000	 0000000216542,00	 0000000000000,00	 0000000000000,00	 0000000000000,00
1600100	 0000000168560,00	 0000000000000,00	 0000000000000,00	 0000000000000,00
1600200	 0000000047982,00	 0000000000000,00	 0000000000000,00	 0000000000000,00
1700000	 0000000019330,00	 0000000000000,00	 0000000000000,00	 0000000000000,00
1750000	 0000000295610,00	 0000000000000,00	 0000000000000,00	 0000000000000,00
1800000	 0000000294643,00	 0000000004878,00	 0000000000415,00	 0000000167300,00
1800100	 0000000113124,00	 0000000003596,00	 0000000000415,00	 0000000000082,00
1800200	 0000000014957,00	 0000000000000,00	 0000000000000,00	 0000000000000,00
1800900	 0000000166562,00	 0000000001282,00	 0000000000000,00	 0000000167218,00
2000000	 0000016983567,00	 0000006885961,00	 0000000001228,00	 0000005230888,00
2100000	 0000006942270,00	 0000000323234,00	 0000000000000,00	 0000001156400,00
2100100	 0000005538484,00	 0000000000000,00	 0000000000000,00	 0000001113278,00
2100109	 0000003361383,00	 0000000000000,00	 0000000000000,00	 0000000875713,00
2100110	 0000002171356,00	 0000000000000,00	 0000000000000,00	 0000000236284,00
2100200	 0000000589679,00	 0000000000000,00	 0000000000000,00	 0000000000000,00
2100300	 0000000814107,00	 0000000323234,00	 0000000000000,00	 0000000043122,00
2130000	 0000000258374,00	 0000000000000,00	 0000000000000,00	 0000000167077,00
2160000	 0000000214924,00	 0000000000000,00	 0000000000000,00	 0000000006163,00
2160100	 0000000000000,00	 0000000000000,00	 0000000000000,00	 0000000000000,00
2160200	 0000000214924,00	 0000000000000,00	 0000000000000,00	 0000000006163,00
2200000	 0000007483925,00	 0000001576794,00	 0000000000000,00	 0000001123176,00
2200100	 0000007469663,00	 0000001373751,00	 0000000000000,00	 0000001021276,00
2200200	 0000000013271,00	 0000000200509,00	 0000000000000,00	 0000000000000,00
2200900	 0000000000991,00	 0000000002534,00	 0000000000000,00	 0000000101900,00
2250000	 0000001029732,00	 0000000000000,00	 0000000000000,00	 0000000067201,00
2250100	 0000000978620,00	 0000000000000,00	 0000000000000,00	 0000000065379,00
2250200	 0000000051112,00	 0000000000000,00	 0000000000000,00	 0000000001822,00
2300000	 0000000001566,00	 0000000000000,00	 0000000000030,00	 0000001155048,00
2301000	 0000000001566,00	 0000000000000,00	 0000000000000,00	 0000000000000,00
2301001	 0000000000000,00	 0000000000000,00	 0000000000000,00	 0000000000000,00
2302000	 0000000000000,00	 0000000000000,00	 0000000000030,00	 0000001155048,00
2302100	 0000000000000,00	 0000000000000,00	 0000000000030,00	 0000001047679,00
2302200	 0000000000000,00	 0000000000000,00	 0000000000000,00	 0000000107369,00
2303000	 0000000000000,00	 0000000000000,00	 0000000000000,00	 0000000000000,00
2303100	 0000000000000,00	 0000000000000,00	 0000000000000,00	 0000000000000,00
2303900	 0000000000000,00	 0000000000000,00	 0000000000000,00	 0000000000000,00
2400000	 0000000000000,00	 0000004979015,00	 0000000000000,00	 0000001502373,00
2401000	 0000000000000,00	 0000000023359,00	 0000000000000,00	 0000000000000,00
2402000	 0000000000000,00	 0000004955656,00	 0000000000000,00	 0000001502373,00
2402100	 0000000000000,00	 0000004262688,00	 0000000000000,00	 0000001502373,00
2402200	 0000000000000,00	 0000000692968,00	 0000000000000,00	 0000000000000,00
2402300	 0000000000000,00	 0000000000000,00	 0000000000000,00	 0000000000000,00
2500000	 0000000107452,00	 0000000006296,00	 0000000001195,00	 0000000014818,00
2500100	 0000000026183,00	 0000000006296,00	 0000000001195,00	 0000000000000,00
2500200	 0000000081269,00	 0000000000000,00	 0000000000000,00	 0000000014818,00
2500300	 0000000000000,00	 0000000000000,00	 0000000000000,00	 0000000000000,00
2600000	 0000000003507,00	 0000000000000,00	 0000000000000,00	 0000000000000,00
2650000	 0000000026967,00	 0000000000000,00	 0000000000000,00	 0000000000000,00
2700000	 0000000663962,00	 0000000000000,00	 0000000000000,00	 0000000000000,00
2700100	 0000000083152,00	 0000000000000,00	 0000000000000,00	 0000000000000,00
2700200	 0000000285134,00	 0000000000000,00	 0000000000000,00	 0000000000000,00
2700300	 0000000055469,00	 0000000000000,00	 0000000000000,00	 0000000000000,00
2700400	 0000000240207,00	 0000000000000,00	 0000000000000,00	 0000000000000,00
2700401	 0000000005164,00	 0000000000000,00	 0000000000000,00	 0000000000000,00
2700402	 0000000000000,00	 0000000000000,00	 0000000000000,00	 0000000000000,00
2700411	 0000000213252,00	 0000000000000,00	 0000000000000,00	 0000000000000,00
2700412	 0000000000000,00	 0000000000000,00	 0000000000000,00	 0000000000000,00
2700413	 0000000000000,00	 0000000000000,00	 0000000000000,00	 0000000000000,00
2700421	 0000000000000,00	 0000000000000,00	 0000000000000,00	 0000000000000,00
2700422	 0000000000000,00	 0000000000000,00	 0000000000000,00	 0000000000000,00
2700423	 0000000000000,00	 0000000000000,00	 0000000000000,00	 0000000000000,00
2700490	 0000000021791,00	 0000000000000,00	 0000000000000,00	 0000000000000,00
2800000	 0000000250888,00	 0000000000622,00	 0000000000003,00	 0000000038632,00
3000000	 0000002720141,00	 0000000329034,00	-0000000002822,00	 0000000038492,00
3101000	 0000002271401,00	 0000000000000,00	 0000000000000,00	 0000000000000,00
3102000	 0000000563069,00	 0000000000000,00	 0000000000000,00	 0000000000000,00
3103000	-0000000007426,00	 0000000000000,00	 0000000000000,00	 0000000000000,00
3104000	-0000000106904,00	 0000000329034,00	-0000000002822,00	 0000000038492,00
3104100	 0000000016060,00	 0000000000000,00	 0000000000000,00	 0000000000000,00
3104200	 0000000162170,00	 0000000329034,00	-0000000002822,00	 0000000038492,00
3104300	-0000000285134,00	 0000000000000,00	 0000000000000,00	 0000000000000,00
3200000	 0000000000001,00	 0000000000000,00	 0000000000000,00	 0000000000000,00
5001000	 0000002720140,00	 0000000329034,00	-0000000002822,00	 0000000038492,00
5002000	 0000019703708,00	 0000007214995,00	-0000000001594,00	 0000005269380,00
5100000	 0000010594517,00	 0000012748998,00	 0000000083955,00	 0000001957304,00
