037	BANCO SANTANDER-CHILE
1000000	 0000016780768,00	 0000015879500,00	 0000000114216,00	 0000004118719,00
1100000	 0000000915594,00	 0000000000000,00	 0000000000000,00	 0000000594363,00
1100100	 0000000522993,00	 0000000000000,00	 0000000000000,00	 0000000104839,00
1100200	 0000000392049,00	 0000000000000,00	 0000000000000,00	 0000000085855,00
1100300	 0000000000552,00	 0000000000000,00	 0000000000000,00	 0000000000000,00
1100400	 0000000000000,00	 0000000000000,00	 0000000000000,00	 0000000403669,00
1130000	 0000000407622,00	 0000000000000,00	 0000000000000,00	 0000000154582,00
1130100	 0000000151321,00	 0000000000000,00	 0000000000000,00	 0000000017340,00
1130200	 0000000256301,00	 0000000000000,00	 0000000000000,00	 0000000137242,00
1150000	 0000000122004,00	 0000000025063,00	 0000000000000,00	 0000000001285,00
1150100	 0000000121904,00	 0000000025063,00	 0000000000000,00	 0000000000000,00
1150200	 0000000000000,00	 0000000000000,00	 0000000000000,00	 0000000000000,00
1150300	 0000000000000,00	 0000000000000,00	 0000000000000,00	 0000000001285,00
1150400	 0000000000100,00	 0000000000000,00	 0000000000000,00	 0000000000000,00
1160000	 0000000000000,00	 0000000000000,00	 0000000000000,00	 0000000000000,00
1160100	 0000000000000,00	 0000000000000,00	 0000000000000,00	 0000000000000,00
1160200	 0000000000000,00	 0000000000000,00	 0000000000000,00	 0000000000000,00
1250000	 0000002265906,00	 0000000000000,00	 0000000000000,00	 0000000000000,00
1250100	 0000002167156,00	 0000000000000,00	 0000000000000,00	 0000000000000,00
1250200	 0000000098750,00	 0000000000000,00	 0000000000000,00	 0000000000000,00
1270000	 0000000000000,00	 0000000000000,00	 0000000000000,00	 0000000013237,00
1270100	 0000000000000,00	 0000000000000,00	 0000000000000,00	 0000000000000,00
1270112	 0000000000000,00	 0000000000000,00	 0000000000000,00	 0000000000000,00
1270113	 0000000000000,00	 0000000000000,00	 0000000000000,00	 0000000000000,00
1270116	 0000000000000,00	 0000000000000,00	 0000000000000,00	 0000000000000,00
1270117	 0000000000000,00	 0000000000000,00	 0000000000000,00	 0000000000000,00
1270118	 0000000000000,00	 0000000000000,00	 0000000000000,00	 0000000000000,00
1270190	 0000000000000,00	 0000000000000,00	 0000000000000,00	 0000000000000,00
1270200	 0000000000000,00	 0000000000000,00	 0000000000000,00	 0000000013237,00
1270202	 0000000000000,00	 0000000000000,00	 0000000000000,00	 0000000000000,00
1270203	 0000000000000,00	 0000000000000,00	 0000000000000,00	 0000000000000,00
1270206	 0000000000000,00	 0000000000000,00	 0000000000000,00	 0000000013261,00
1270207	 0000000000000,00	 0000000000000,00	 0000000000000,00	 0000000000000,00
1270208	 0000000000000,00	 0000000000000,00	 0000000000000,00	 0000000000000,00
1270290	 0000000000000,00	 0000000000000,00	 0000000000000,00	-0000000000024,00
1270300	 0000000000000,00	 0000000000000,00	 0000000000000,00	 0000000000000,00
1300000	 0000010281849,00	 0000014843454,00	 0000000113765,00	 0000002614054,00
1302000	 0000006498685,00	 0000005488222,00	 0000000113765,00	 0000002559141,00
1302100	 0000005167170,00	 0000004457599,00	 0000000000000,00	 0000001050073,00
1302101	 0000005166676,00	 0000004454697,00	 0000000000000,00	 0000001050073,00
1302102	 0000000000000,00	 0000000000000,00	 0000000000000,00	 0000000000000,00
1302170	 0000000000000,00	 0000000002517,00	 0000000000000,00	 0000000000000,00
1302180	 0000000000494,00	 0000000000385,00	 0000000000000,00	 0000000000000,00
1302200	 0000000234371,00	 0000000004590,00	 0000000000067,00	 0000001350773,00
1302201	 0000000000000,00	 0000000000000,00	 0000000000000,00	 0000000009648,00
1302202	 0000000093082,00	 0000000003550,00	 0000000000000,00	 0000000651633,00
1302241	 0000000001483,00	 0000000000000,00	 0000000000067,00	 0000000204980,00
1302242	 0000000139806,00	 0000000001040,00	 0000000000000,00	 0000000470768,00
1302281	 0000000000000,00	 0000000000000,00	 0000000000000,00	 0000000013744,00
1302282	 0000000000000,00	 0000000000000,00	 0000000000000,00	 0000000000000,00
1302300	 0000000234815,00	 0000000000000,00	 0000000000000,00	 0000000001302,00
1302500	 0000000297000,00	 0000000010908,00	 0000000000000,00	 0000000152076,00
1302600	 0000000000000,00	 0000000086019,00	 0000000000000,00	 0000000000000,00
1302601	 0000000000000,00	 0000000042752,00	 0000000000000,00	 0000000000000,00
1302602	 0000000000000,00	 0000000000002,00	 0000000000000,00	 0000000000000,00
1302604	 0000000000000,00	 0000000043265,00	 0000000000000,00	 0000000000000,00
1302800	 0000000420722,00	 0000000920024,00	 0000000113484,00	 0000000000000,00
1302900	 0000000144607,00	 0000000009082,00	 0000000000214,00	 0000000004917,00
1304000	 0000000003501,00	 0000009334761,00	 0000000000000,00	 0000000000000,00
1304100	 0000000000000,00	 0000000021766,00	 0000000000000,00	 0000000000000,00
1304101	 0000000000000,00	 0000000021766,00	 0000000000000,00	 0000000000000,00
1304102	 0000000000000,00	 0000000000000,00	 0000000000000,00	 0000000000000,00
1304200	 0000000000000,00	 0000000015169,00	 0000000000000,00	 0000000000000,00
1304400	 0000000000000,00	 0000000097831,00	 0000000000000,00	 0000000000000,00
1304500	 0000000003430,00	 0000009198034,00	 0000000000000,00	 0000000000000,00
1304600	 0000000000000,00	 0000000000000,00	 0000000000000,00	 0000000000000,00
1304800	 0000000000000,00	 0000000000000,00	 0000000000000,00	 0000000000000,00
1304900	 0000000000071,00	 0000000001961,00	 0000000000000,00	 0000000000000,00
1305000	 0000004589292,00	 0000000020471,00	 0000000000000,00	 0000000054913,00
1305100	 0000002974990,00	 0000000019110,00	 0000000000000,00	 0000000000000,00
1305300	 0000000269837,00	 0000000000000,00	 0000000000000,00	 0000000000002,00
1305400	 0000001340522,00	 0000000000000,00	 0000000000000,00	 0000000054911,00
1305800	 0000000003219,00	 0000000001361,00	 0000000000000,00	 0000000000000,00
1305900	 0000000000724,00	 0000000000000,00	 0000000000000,00	 0000000000000,00
1309000	-0000000809629,00	 0000000000000,00	 0000000000000,00	 0000000000000,00
1309100	-0000000467419,00	 0000000000000,00	 0000000000000,00	 0000000000000,00
1309200	-0000000066434,00	 0000000000000,00	 0000000000000,00	 0000000000000,00
1309300	-0000000275776,00	 0000000000000,00	 0000000000000,00	 0000000000000,00
1350000	 0000001508064,00	 0000000978315,00	 0000000000000,00	 0000000481729,00
1350100	 0000001180543,00	 0000000957641,00	 0000000000000,00	 0000000000000,00
1350200	 0000000327521,00	 0000000020674,00	 0000000000000,00	 0000000049044,00
1350300	 0000000000000,00	 0000000000000,00	 0000000000000,00	 0000000432685,00
1360000	 0000000000000,00	 0000000000000,00	 0000000000000,00	 0000000000000,00
1360100	 0000000000000,00	 0000000000000,00	 0000000000000,00	 0000000000000,00
1360200	 0000000000000,00	 0000000000000,00	 0000000000000,00	 0000000000000,00
1360300	 0000000000000,00	 0000000000000,00	 0000000000000,00	 0000000000000,00
1400000	 0000000028891,00	 0000000000000,00	 0000000000000,00	 0000000000000,00
1400100	 0000000028589,00	 0000000000000,00	 0000000000000,00	 0000000000000,00
1400101	 0000000000000,00	 0000000000000,00	 0000000000000,00	 0000000000000,00
1400103	 0000000028589,00	 0000000000000,00	 0000000000000,00	 0000000000000,00
1400200	 0000000000302,00	 0000000000000,00	 0000000000000,00	 0000000000000,00
1500000	 0000000061260,00	 0000000000000,00	 0000000000000,00	 0000000000000,00
1500100	 0000000000000,00	 0000000000000,00	 0000000000000,00	 0000000000000,00
1500200	 0000000061260,00	 0000000000000,00	 0000000000000,00	 0000000000000,00
1600000	 0000000231022,00	 0000000000000,00	 0000000000000,00	 0000000000000,00
1600100	 0000000158192,00	 0000000000000,00	 0000000000000,00	 0000000000000,00
1600200	 0000000072830,00	 0000000000000,00	 0000000000000,00	 0000000000000,00
1700000	 0000000000000,00	 0000000000000,00	 0000000000000,00	 0000000000000,00
1750000	 0000000372707,00	 0000000000000,00	 0000000000000,00	 0000000000000,00
1800000	 0000000585849,00	 0000000032668,00	 0000000000451,00	 0000000259469,00
1800100	 0000000016455,00	 0000000031607,00	 0000000000432,00	 0000000000114,00
1800200	 0000000034252,00	 0000000000000,00	 0000000000000,00	 0000000000000,00
1800900	 0000000535142,00	 0000000001061,00	 0000000000019,00	 0000000259355,00
2000000	 0000020892226,00	 0000006515575,00	 0000000000870,00	 0000006492011,00
2100000	 0000007139999,00	 0000000344057,00	 0000000000014,00	 0000001171214,00
2100100	 0000005406060,00	 0000000000000,00	 0000000000000,00	 0000000932025,00
2100109	 0000003412102,00	 0000000000000,00	 0000000000000,00	 0000000832216,00
2100110	 0000001986133,00	 0000000000000,00	 0000000000000,00	 0000000099397,00
2100200	 0000000572331,00	 0000000000000,00	 0000000000000,00	 0000000000000,00
2100300	 0000001161608,00	 0000000344057,00	 0000000000014,00	 0000000239189,00
2130000	 0000000101514,00	 0000000000000,00	 0000000000000,00	 0000000287041,00
2160000	 0000000185092,00	 0000000000000,00	 0000000000000,00	 0000000005565,00
2160100	 0000000000000,00	 0000000000000,00	 0000000000000,00	 0000000000000,00
2160200	 0000000185092,00	 0000000000000,00	 0000000000000,00	 0000000005565,00
2200000	 0000009291034,00	 0000001369318,00	 0000000000000,00	 0000001554585,00
2200100	 0000009286702,00	 0000001252794,00	 0000000000000,00	 0000001554540,00
2200200	 0000000001789,00	 0000000114488,00	 0000000000000,00	 0000000000000,00
2200900	 0000000002543,00	 0000000002036,00	 0000000000000,00	 0000000000045,00
2250000	 0000002147842,00	 0000000000000,00	 0000000000000,00	 0000000000000,00
2250100	 0000001935345,00	 0000000000000,00	 0000000000000,00	 0000000000000,00
2250200	 0000000212497,00	 0000000000000,00	 0000000000000,00	 0000000000000,00
2300000	 0000000000059,00	 0000000000005,00	 0000000000000,00	 0000001162235,00
2301000	 0000000000000,00	 0000000000000,00	 0000000000000,00	 0000000000000,00
2301001	 0000000000000,00	 0000000000000,00	 0000000000000,00	 0000000000000,00
2302000	 0000000000059,00	 0000000000000,00	 0000000000000,00	 0000001162235,00
2302100	 0000000000059,00	 0000000000000,00	 0000000000000,00	 0000000743085,00
2302200	 0000000000000,00	 0000000000000,00	 0000000000000,00	 0000000419150,00
2303000	 0000000000000,00	 0000000000005,00	 0000000000000,00	 0000000000000,00
2303100	 0000000000000,00	 0000000000000,00	 0000000000000,00	 0000000000000,00
2303900	 0000000000000,00	 0000000000005,00	 0000000000000,00	 0000000000000,00
2400000	 0000001200325,00	 0000004758642,00	 0000000000000,00	 0000001813914,00
2401000	 0000000000000,00	 0000000029763,00	 0000000000000,00	 0000000000000,00
2402000	 0000001200325,00	 0000004728879,00	 0000000000000,00	 0000001813914,00
2402100	 0000001200325,00	 0000003856051,00	 0000000000000,00	 0000001813914,00
2402200	 0000000000000,00	 0000000776802,00	 0000000000000,00	 0000000000000,00
2402300	 0000000000000,00	 0000000096026,00	 0000000000000,00	 0000000000000,00
2500000	 0000000284469,00	 0000000002109,00	 0000000000764,00	 0000000014730,00
2500100	 0000000056468,00	 0000000002109,00	 0000000000764,00	 0000000000000,00
2500200	 0000000224567,00	 0000000000000,00	 0000000000000,00	 0000000000000,00
2500300	 0000000003434,00	 0000000000000,00	 0000000000000,00	 0000000014730,00
2600000	 0000000002137,00	 0000000000000,00	 0000000000000,00	 0000000000000,00
2650000	 0000000010914,00	 0000000000000,00	 0000000000000,00	 0000000000000,00
2700000	 0000000181647,00	 0000000000000,00	 0000000000000,00	 0000000000000,00
2700100	 0000000068144,00	 0000000000000,00	 0000000000000,00	 0000000000000,00
2700200	 0000000058701,00	 0000000000000,00	 0000000000000,00	 0000000000000,00
2700300	 0000000029574,00	 0000000000000,00	 0000000000000,00	 0000000000000,00
2700400	 0000000025228,00	 0000000000000,00	 0000000000000,00	 0000000000000,00
2700401	 0000000000534,00	 0000000000000,00	 0000000000000,00	 0000000000000,00
2700402	 0000000000000,00	 0000000000000,00	 0000000000000,00	 0000000000000,00
2700411	 0000000000000,00	 0000000000000,00	 0000000000000,00	 0000000000000,00
2700412	 0000000000000,00	 0000000000000,00	 0000000000000,00	 0000000000000,00
2700413	 0000000000000,00	 0000000000000,00	 0000000000000,00	 0000000000000,00
2700421	 0000000000000,00	 0000000000000,00	 0000000000000,00	 0000000000000,00
2700422	 0000000000000,00	 0000000000000,00	 0000000000000,00	 0000000000000,00
2700423	 0000000000000,00	 0000000000000,00	 0000000000000,00	 0000000000000,00
2700490	 0000000024694,00	 0000000000000,00	 0000000000000,00	 0000000000000,00
2800000	 0000000347194,00	 0000000041444,00	 0000000000092,00	 0000000482727,00
3000000	 0000002789847,00	 0000000204347,00	-0000000000096,00	-0000000001577,00
3101000	 0000000891303,00	 0000000000000,00	 0000000000000,00	 0000000000000,00
3102000	 0000001923022,00	 0000000000000,00	 0000000000000,00	 0000000000000,00
3103000	-0000000001627,00	 0000000000000,00	 0000000000000,00	 0000000000000,00
3104000	-0000000065705,00	 0000000204347,00	-0000000000096,00	-0000000001577,00
3104100	 0000000000000,00	 0000000000000,00	 0000000000000,00	 0000000000000,00
3104200	-0000000007004,00	 0000000204347,00	-0000000000096,00	-0000000001577,00
3104300	-0000000058701,00	 0000000000000,00	 0000000000000,00	 0000000000000,00
3200000	 0000000042854,00	 0000000000000,00	 0000000000000,00	 0000000000000,00
5001000	 0000002746993,00	 0000000204347,00	-0000000000096,00	-0000000001577,00
5002000	 0000023682073,00	 0000006719922,00	 0000000000774,00	 0000006490434,00
5100000	 0000011091478,00	 0000014843454,00	 0000000113765,00	 0000002614054,00
