028	BANCO BICE                                                              
1000000	 0000001577349,00	 0000001554159,00	 0000000111206,00	 0000000570858,00
1100000	 0000000037021,00	 0000000000000,00	 0000000000000,00	 0000000097729,00
1100100	 0000000007675,00	 0000000000000,00	 0000000000000,00	 0000000002461,00
1100200	 0000000029341,00	 0000000000000,00	 0000000000000,00	 0000000035764,00
1100300	 0000000000005,00	 0000000000000,00	 0000000000000,00	 0000000000121,00
1100400	 0000000000000,00	 0000000000000,00	 0000000000000,00	 0000000059383,00
1130000	 0000000040572,00	 0000000000000,00	 0000000000000,00	 0000000026225,00
1130100	 0000000020500,00	 0000000000000,00	 0000000000000,00	 0000000002982,00
1130200	 0000000020072,00	 0000000000000,00	 0000000000000,00	 0000000023243,00
1150000	 0000000101191,00	 0000000379431,00	 0000000000000,00	 0000000002403,00
1150100	 0000000061416,00	 0000000323815,00	 0000000000000,00	 0000000000000,00
1150200	 0000000023990,00	 0000000055616,00	 0000000000000,00	 0000000002403,00
1150300	 0000000000000,00	 0000000000000,00	 0000000000000,00	 0000000000000,00
1150400	 0000000015785,00	 0000000000000,00	 0000000000000,00	 0000000000000,00
1160000	 0000000000000,00	 0000000000000,00	 0000000000000,00	 0000000000000,00
1160100	 0000000000000,00	 0000000000000,00	 0000000000000,00	 0000000000000,00
1160200	 0000000000000,00	 0000000000000,00	 0000000000000,00	 0000000000000,00
1250000	 0000000027446,00	 0000000000000,00	 0000000000000,00	 0000000000625,00
1250100	 0000000027446,00	 0000000000000,00	 0000000000000,00	 0000000000625,00
1250200	 0000000000000,00	 0000000000000,00	 0000000000000,00	 0000000000000,00
1270000	-0000000000055,00	 0000000000000,00	 0000000000000,00	 0000000059878,00
1270100	-0000000000046,00	 0000000000000,00	 0000000000000,00	 0000000055577,00
1270112	 0000000000000,00	 0000000000000,00	 0000000000000,00	 0000000000000,00
1270113	 0000000000000,00	 0000000000000,00	 0000000000000,00	 0000000055577,00
1270116	 0000000000000,00	 0000000000000,00	 0000000000000,00	 0000000000000,00
1270117	 0000000000000,00	 0000000000000,00	 0000000000000,00	 0000000000000,00
1270118	 0000000000000,00	 0000000000000,00	 0000000000000,00	 0000000000000,00
1270190	-0000000000046,00	 0000000000000,00	 0000000000000,00	 0000000000000,00
1270200	-0000000000009,00	 0000000000000,00	 0000000000000,00	 0000000004299,00
1270202	 0000000000000,00	 0000000000000,00	 0000000000000,00	 0000000000000,00
1270203	 0000000000000,00	 0000000000000,00	 0000000000000,00	 0000000000000,00
1270206	 0000000000000,00	 0000000000000,00	 0000000000000,00	 0000000000000,00
1270207	 0000000000000,00	 0000000000000,00	 0000000000000,00	 0000000000000,00
1270208	 0000000000000,00	 0000000000000,00	 0000000000000,00	 0000000004299,00
1270290	-0000000000009,00	 0000000000000,00	 0000000000000,00	 0000000000000,00
1270300	 0000000000000,00	 0000000000000,00	 0000000000000,00	 0000000000002,00
1300000	 0000001082617,00	 0000001156793,00	 0000000108714,00	 0000000382614,00
1302000	 0000001032940,00	 0000000859960,00	 0000000108714,00	 0000000381492,00
1302100	 0000000977038,00	 0000000699486,00	 0000000081074,00	 0000000205330,00
1302101	 0000000977038,00	 0000000654749,00	 0000000081074,00	 0000000204225,00
1302102	 0000000000000,00	 0000000000000,00	 0000000000000,00	 0000000001105,00
1302170	 0000000000000,00	 0000000011306,00	 0000000000000,00	 0000000000000,00
1302180	 0000000000000,00	 0000000033431,00	 0000000000000,00	 0000000000000,00
1302200	 0000000007998,00	 0000000000000,00	 0000000000014,00	 0000000175642,00
1302201	 0000000000000,00	 0000000000000,00	 0000000000000,00	 0000000000000,00
1302202	 0000000007998,00	 0000000000000,00	 0000000000000,00	 0000000093822,00
1302241	 0000000000000,00	 0000000000000,00	 0000000000014,00	 0000000008045,00
1302242	 0000000000000,00	 0000000000000,00	 0000000000000,00	 0000000071686,00
1302281	 0000000000000,00	 0000000000000,00	 0000000000000,00	 0000000000085,00
1302282	 0000000000000,00	 0000000000000,00	 0000000000000,00	 0000000002004,00
1302300	 0000000021290,00	 0000000000000,00	 0000000000000,00	 0000000000255,00
1302500	 0000000000000,00	 0000000000096,00	 0000000000000,00	 0000000000000,00
1302800	 0000000025425,00	 0000000160354,00	 0000000027559,00	 0000000000000,00
1302900	 0000000001189,00	 0000000000024,00	 0000000000067,00	 0000000000265,00
1304000	 0000000000017,00	 0000000288722,00	 0000000000000,00	 0000000000000,00
1304100	 0000000000000,00	 0000000005465,00	 0000000000000,00	 0000000000000,00
1304101	 0000000000000,00	 0000000005465,00	 0000000000000,00	 0000000000000,00
1304102	 0000000000000,00	 0000000000000,00	 0000000000000,00	 0000000000000,00
1304200	 0000000000000,00	 0000000099207,00	 0000000000000,00	 0000000000000,00
1304500	 0000000000000,00	 0000000184045,00	 0000000000000,00	 0000000000000,00
1304600	 0000000000000,00	 0000000000000,00	 0000000000000,00	 0000000000000,00
1304800	 0000000000000,00	 0000000000000,00	 0000000000000,00	 0000000000000,00
1304900	 0000000000017,00	 0000000000005,00	 0000000000000,00	 0000000000000,00
1305000	 0000000080472,00	 0000000008111,00	 0000000000000,00	 0000000001122,00
1305100	 0000000052273,00	 0000000008111,00	 0000000000000,00	 0000000000000,00
1305300	 0000000011458,00	 0000000000000,00	 0000000000000,00	 0000000000000,00
1305400	 0000000016741,00	 0000000000000,00	 0000000000000,00	 0000000001122,00
1305800	 0000000000000,00	 0000000000000,00	 0000000000000,00	 0000000000000,00
1305900	 0000000000000,00	 0000000000000,00	 0000000000000,00	 0000000000000,00
1309000	-0000000030812,00	 0000000000000,00	 0000000000000,00	 0000000000000,00
1309100	-0000000029632,00	 0000000000000,00	 0000000000000,00	 0000000000000,00
1309200	-0000000000343,00	 0000000000000,00	 0000000000000,00	 0000000000000,00
1309300	-0000000000837,00	 0000000000000,00	 0000000000000,00	 0000000000000,00
1350000	 0000000087026,00	 0000000017934,00	 0000000002492,00	 0000000000000,00
1350100	 0000000057477,00	 0000000012889,00	 0000000000000,00	 0000000000000,00
1350200	 0000000007236,00	 0000000005045,00	 0000000002492,00	 0000000000000,00
1350300	 0000000022313,00	 0000000000000,00	 0000000000000,00	 0000000000000,00
1360000	 0000000000000,00	 0000000000000,00	 0000000000000,00	 0000000000000,00
1360100	 0000000000000,00	 0000000000000,00	 0000000000000,00	 0000000000000,00
1360200	 0000000000000,00	 0000000000000,00	 0000000000000,00	 0000000000000,00
1360300	 0000000000000,00	 0000000000000,00	 0000000000000,00	 0000000000000,00
1400000	 0000000000777,00	 0000000000000,00	 0000000000000,00	 0000000000006,00
1400100	 0000000000000,00	 0000000000000,00	 0000000000000,00	 0000000000000,00
1400101	 0000000000000,00	 0000000000000,00	 0000000000000,00	 0000000000000,00
1400102	 0000000000000,00	 0000000000000,00	 0000000000000,00	 0000000000000,00
1400103	 0000000000000,00	 0000000000000,00	 0000000000000,00	 0000000000000,00
1400200	 0000000000777,00	 0000000000000,00	 0000000000000,00	 0000000000006,00
1500000	 0000000003270,00	 0000000000000,00	 0000000000000,00	 0000000000000,00
1500100	 0000000000275,00	 0000000000000,00	 0000000000000,00	 0000000000000,00
1500200	 0000000002995,00	 0000000000000,00	 0000000000000,00	 0000000000000,00
1600000	 0000000019259,00	 0000000000000,00	 0000000000000,00	 0000000000000,00
1600100	 0000000015427,00	 0000000000000,00	 0000000000000,00	 0000000000000,00
1600200	 0000000003832,00	 0000000000000,00	 0000000000000,00	 0000000000000,00
1700000	 0000000006338,00	 0000000000000,00	 0000000000000,00	 0000000000000,00
1750000	 0000000064063,00	 0000000000000,00	 0000000000000,00	 0000000000000,00
1800000	 0000000107824,00	 0000000000001,00	 0000000000000,00	 0000000001378,00
1800100	 0000000028042,00	 0000000000000,00	 0000000000000,00	 0000000000605,00
1800200	 0000000000077,00	 0000000000000,00	 0000000000000,00	 0000000000000,00
1800900	 0000000079705,00	 0000000000001,00	 0000000000000,00	 0000000000773,00
2000000	 0000001801578,00	 0000001053029,00	 0000000085519,00	 0000000598435,00
2100000	 0000000348019,00	 0000000010735,00	 0000000000000,00	 0000000119660,00
2100100	 0000000297960,00	 0000000000000,00	 0000000000000,00	 0000000116645,00
2100109	 0000000216102,00	 0000000000000,00	 0000000000000,00	 0000000104922,00
2100110	 0000000081856,00	 0000000000000,00	 0000000000000,00	 0000000011723,00
2100200	 0000000025500,00	 0000000000000,00	 0000000000000,00	 0000000000000,00
2100300	 0000000024559,00	 0000000010735,00	 0000000000000,00	 0000000003015,00
2130000	 0000000022638,00	 0000000000000,00	 0000000000000,00	 0000000009539,00
2160000	 0000000058857,00	 0000000000000,00	 0000000000000,00	 0000000001489,00
2160100	 0000000005001,00	 0000000000000,00	 0000000000000,00	 0000000000000,00
2160200	 0000000053856,00	 0000000000000,00	 0000000000000,00	 0000000001489,00
2200000	 0000001145204,00	 0000000606817,00	 0000000000000,00	 0000000203125,00
2200100	 0000001145204,00	 0000000600649,00	 0000000000000,00	 0000000203125,00
2200200	 0000000000000,00	 0000000006168,00	 0000000000000,00	 0000000000000,00
2200900	 0000000000000,00	 0000000000000,00	 0000000000000,00	 0000000000000,00
2250000	 0000000033429,00	 0000000000000,00	 0000000000000,00	 0000000002808,00
2250100	 0000000033429,00	 0000000000000,00	 0000000000000,00	 0000000002808,00
2250200	 0000000000000,00	 0000000000000,00	 0000000000000,00	 0000000000000,00
2300000	 0000000030004,00	 0000000000000,00	 0000000000000,00	 0000000154062,00
2301000	 0000000030004,00	 0000000000000,00	 0000000000000,00	 0000000000170,00
2301001	 0000000030004,00	 0000000000000,00	 0000000000000,00	 0000000000000,00
2302000	 0000000000000,00	 0000000000000,00	 0000000000000,00	 0000000153892,00
2302100	 0000000000000,00	 0000000000000,00	 0000000000000,00	 0000000135884,00
2302200	 0000000000000,00	 0000000000000,00	 0000000000000,00	 0000000018008,00
2303000	 0000000000000,00	 0000000000000,00	 0000000000000,00	 0000000000000,00
2303100	 0000000000000,00	 0000000000000,00	 0000000000000,00	 0000000000000,00
2303900	 0000000000000,00	 0000000000000,00	 0000000000000,00	 0000000000000,00
2400000	 0000000000000,00	 0000000409020,00	 0000000000000,00	 0000000058665,00
2401000	 0000000000000,00	 0000000017131,00	 0000000000000,00	 0000000000000,00
2402000	 0000000000000,00	 0000000391889,00	 0000000000000,00	 0000000058665,00
2402100	 0000000000000,00	 0000000277616,00	 0000000000000,00	 0000000058665,00
2402200	 0000000000000,00	 0000000114273,00	 0000000000000,00	 0000000000000,00
2500000	 0000000001625,00	 0000000025886,00	 0000000083676,00	 0000000049000,00
2500100	 0000000000000,00	 0000000025886,00	 0000000083676,00	 0000000000000,00
2500200	 0000000001625,00	 0000000000000,00	 0000000000000,00	 0000000000835,00
2500300	 0000000000000,00	 0000000000000,00	 0000000000000,00	 0000000048165,00
2600000	 0000000000068,00	 0000000000000,00	 0000000000000,00	 0000000000000,00
2650000	 0000000051850,00	 0000000000000,00	 0000000000000,00	 0000000000000,00
2700000	 0000000045702,00	 0000000000000,00	 0000000000000,00	 0000000000000,00
2700100	 0000000005628,00	 0000000000000,00	 0000000000000,00	 0000000000000,00
2700200	 0000000020286,00	 0000000000000,00	 0000000000000,00	 0000000000000,00
2700300	 0000000004455,00	 0000000000000,00	 0000000000000,00	 0000000000000,00
2700400	 0000000015333,00	 0000000000000,00	 0000000000000,00	 0000000000000,00
2700401	 0000000000020,00	 0000000000000,00	 0000000000000,00	 0000000000000,00
2700402	 0000000000000,00	 0000000000000,00	 0000000000000,00	 0000000000000,00
2700411	 0000000013420,00	 0000000000000,00	 0000000000000,00	 0000000000000,00
2700412	 0000000001444,00	 0000000000000,00	 0000000000000,00	 0000000000000,00
2700413	 0000000000449,00	 0000000000000,00	 0000000000000,00	 0000000000000,00
2700421	 0000000000000,00	 0000000000000,00	 0000000000000,00	 0000000000000,00
2700422	 0000000000000,00	 0000000000000,00	 0000000000000,00	 0000000000000,00
2700423	 0000000000000,00	 0000000000000,00	 0000000000000,00	 0000000000000,00
2700490	 0000000000000,00	 0000000000000,00	 0000000000000,00	 0000000000000,00
2800000	 0000000064182,00	 0000000000571,00	 0000000001843,00	 0000000000087,00
3000000	 0000000275011,00	 0000000000000,00	 0000000000000,00	 0000000000000,00
3101000	 0000000032142,00	 0000000000000,00	 0000000000000,00	 0000000000000,00
3102000	 0000000006041,00	 0000000000000,00	 0000000000000,00	 0000000000000,00
3103000	-0000000000322,00	 0000000000000,00	 0000000000000,00	 0000000000000,00
3104000	 0000000237129,00	 0000000000000,00	 0000000000000,00	 0000000000000,00
3104100	 0000000216844,00	 0000000000000,00	 0000000000000,00	 0000000000000,00
3104200	 0000000040569,00	 0000000000000,00	 0000000000000,00	 0000000000000,00
3104300	-0000000020284,00	 0000000000000,00	 0000000000000,00	 0000000000000,00
3200000	 0000000000021,00	 0000000000000,00	 0000000000000,00	 0000000000000,00
5001000	 0000000274990,00	 0000000000000,00	 0000000000000,00	 0000000000000,00
5002000	 0000002076589,00	 0000001053029,00	 0000000085519,00	 0000000598435,00
5100000	 0000001113429,00	 0000001156793,00	 0000000108714,00	 0000000382614,00
