999	SISTEMA FINANCIERO                      
4100000	 0000004146399,00	 0000002716540,00	 0000000023241,00	 0000000403723,00
4100100	 0000000038480,00	 0000000004680,00	 0000000000070,00	 0000000000148,00
4100101	 0000000038484,00	 0000000002551,00	 0000000000070,00	 0000000000148,00
4100151	-0000000000004,00	 0000000002129,00	 0000000000000,00	 0000000000000,00
4100200	 0000000021407,00	 0000000000002,00	 0000000000000,00	 0000000014695,00
4100201	 0000000021407,00	 0000000000000,00	 0000000000000,00	 0000000014695,00
4100251	 0000000000000,00	 0000000000002,00	 0000000000000,00	 0000000000000,00
4100300	 0000001921025,00	 0000001173088,00	 0000000021574,00	 0000000315905,00
4100301	 0000001549388,00	 0000000620100,00	 0000000005181,00	 0000000164957,00
4100309	 0000000025100,00	 0000000001770,00	 0000000006237,00	 0000000142940,00
4100310	 0000000112803,00	 0000000000000,00	 0000000000000,00	 0000000001635,00
4100320	 0000000119236,00	 0000000002016,00	 0000000000000,00	 0000000004197,00
4100330	 0000000095149,00	 0000000151707,00	 0000000012482,00	 0000000000988,00
4100340	 0000000009923,00	 0000000025643,00	 0000000000000,00	 0000000001105,00
4100351	 0000000000888,00	 0000000288884,00	-0000000000121,00	 0000000000003,00
4100359	 0000000000004,00	 0000000000907,00	 0000000000000,00	 0000000000000,00
4100360	 0000000000000,00	 0000000000000,00	 0000000000000,00	 0000000000000,00
4100370	-0000000000018,00	 0000000002126,00	-0000000000015,00	 0000000000000,00
4100380	 0000000000000,00	 0000000063597,00	-0000000002190,00	 0000000000000,00
4100390	 0000000000002,00	 0000000015599,00	 0000000000000,00	 0000000000000,00
4100399	 0000000008550,00	 0000000000739,00	 0000000000000,00	 0000000000080,00
4100400	 0000000025243,00	 0000001307657,00	 0000000000000,00	 0000000005691,00
4100401	 0000000000022,00	 0000000101994,00	 0000000000000,00	 0000000000000,00
4100402	 0000000016609,00	 0000000007116,00	 0000000000000,00	 0000000000000,00
4100405	 0000000000007,00	 0000000067416,00	 0000000000000,00	 0000000000000,00
4100407	 0000000002136,00	 0000000673208,00	 0000000000000,00	 0000000005691,00
4100408	 0000000000000,00	 0000000000010,00	 0000000000000,00	 0000000000000,00
4100420	 0000000002465,00	 0000000002086,00	 0000000000000,00	 0000000000000,00
4100430	 0000000000000,00	 0000000011233,00	 0000000000000,00	 0000000000000,00
4100451	 0000000000009,00	 0000000043569,00	 0000000000000,00	 0000000000000,00
4100455	 0000000000139,00	 0000000033854,00	 0000000000000,00	 0000000000000,00
4100457	 0000000000310,00	 0000000352267,00	 0000000000000,00	 0000000000000,00
4100458	 0000000000000,00	 0000000000007,00	 0000000000000,00	 0000000000000,00
4100480	 0000000000663,00	 0000000000600,00	 0000000000000,00	 0000000000000,00
4100490	 0000000000000,00	 0000000005958,00	 0000000000000,00	 0000000000000,00
4100499	 0000000002883,00	 0000000008339,00	 0000000000000,00	 0000000000000,00
4100500	 0000001788548,00	 0000000059395,00	 0000000000003,00	 0000000039830,00
4100501	 0000001053720,00	 0000000046277,00	 0000000000000,00	 0000000028050,00
4100510	 0000000255299,00	 0000000000000,00	 0000000000000,00	 0000000003168,00
4100520	 0000000439422,00	 0000000000000,00	 0000000000000,00	 0000000008350,00
4100530	 0000000000374,00	 0000000000160,00	 0000000000000,00	 0000000000000,00
4100540	 0000000021369,00	 0000000000000,00	 0000000000000,00	 0000000000262,00
4100590	 0000000000000,00	 0000000012919,00	 0000000000003,00	 0000000000000,00
4100599	 0000000018364,00	 0000000000039,00	 0000000000000,00	 0000000000000,00
4100600	 0000000302108,00	 0000000149667,00	 0000000001586,00	 0000000030339,00
4100601	 0000000301244,00	 0000000086421,00	 0000000001586,00	 0000000028999,00
4100621	 0000000000255,00	 0000000002817,00	 0000000000000,00	 0000000001618,00
4100651	 0000000000609,00	 0000000059015,00	 0000000000000,00	-0000000000278,00
4100671	 0000000000000,00	 0000000001414,00	 0000000000000,00	 0000000000000,00
4100800	 0000000062573,00	 0000000010562,00	 0000000000008,00	 0000000004651,00
4100801	 0000000001752,00	 0000000000000,00	 0000000000000,00	 0000000000635,00
4100804	 0000000009096,00	 0000000000002,00	 0000000000000,00	 0000000002771,00
4100810	 0000000053219,00	 0000000004562,00	 0000000000008,00	 0000000001245,00
4100850	-0000000001494,00	 0000000005998,00	 0000000000000,00	 0000000000000,00
4100900	-0000000012985,00	 0000000011489,00	 0000000000000,00	-0000000007536,00
4150000	-0000002085466,00	-0000001400131,00	-0000000003296,00	-0000000275038,00
4150100	-0000000018600,00	-0000000005610,00	 0000000000000,00	-0000000001222,00
4150101	-0000000012771,00	 0000000000000,00	 0000000000000,00	-0000000001222,00
4150102	-0000000000009,00	 0000000000000,00	 0000000000000,00	 0000000000000,00
4150103	-0000000005820,00	 0000000000000,00	 0000000000000,00	 0000000000000,00
4150151	 0000000000000,00	-0000000005610,00	 0000000000000,00	 0000000000000,00
4150200	-0000000101354,00	-0000000004361,00	 0000000000000,00	-0000000003667,00
4150201	-0000000101359,00	-0000000004311,00	 0000000000000,00	-0000000003667,00
4150251	 0000000000005,00	-0000000000050,00	 0000000000000,00	 0000000000000,00
4150300	-0000001825714,00	-0000000541818,00	-0000000000001,00	-0000000095551,00
4150301	-0000001801103,00	-0000000302604,00	 0000000000000,00	-0000000089128,00
4150302	-0000000024104,00	-0000000003694,00	 0000000000000,00	-0000000006385,00
4150309	 0000000000000,00	 0000000000000,00	 0000000000000,00	-0000000000038,00
4150351	-0000000000507,00	-0000000199014,00	-0000000000001,00	 0000000000000,00
4150352	 0000000000000,00	-0000000036277,00	 0000000000000,00	 0000000000000,00
4150359	 0000000000000,00	-0000000000229,00	 0000000000000,00	 0000000000000,00
4150400	-0000000037221,00	-0000000001775,00	-0000000001005,00	-0000000107002,00
4150401	-0000000036708,00	-0000000001728,00	-0000000001005,00	-0000000107002,00
4150451	-0000000000513,00	-0000000000047,00	 0000000000000,00	 0000000000000,00
4150500	-0000000038993,00	-0000000828238,00	 0000000000000,00	-0000000066399,00
4150501	-0000000000253,00	-0000000111689,00	 0000000000000,00	 0000000000000,00
4150511	-0000000037101,00	-0000000276366,00	 0000000000000,00	-0000000048603,00
4150521	-0000000000758,00	-0000000138472,00	 0000000000000,00	-0000000017796,00
4150551	-0000000000881,00	-0000000053541,00	 0000000000000,00	 0000000000000,00
4150561	 0000000000000,00	-0000000179458,00	 0000000000000,00	 0000000000000,00
4150571	 0000000000000,00	-0000000068712,00	 0000000000000,00	 0000000000000,00
4150600	-0000000013035,00	-0000000012434,00	-0000000002290,00	-0000000000847,00
4150601	-0000000012462,00	-0000000006263,00	-0000000002410,00	-0000000000444,00
4150651	-0000000000573,00	-0000000006171,00	 0000000000120,00	-0000000000403,00
4150800	-0000000003658,00	-0000000005748,00	 0000000000000,00	-0000000000137,00
4150801	-0000000003655,00	-0000000000039,00	 0000000000000,00	-0000000000137,00
4150851	-0000000000003,00	-0000000005709,00	 0000000000000,00	 0000000000000,00
4150900	-0000000046891,00	-0000000000147,00	 0000000000000,00	-0000000000213,00
4200000	 0000001242139,00	 0000000018969,00	 0000000003283,00	 0000000049691,00
4200100	 0000000062866,00	 0000000000000,00	 0000000000000,00	 0000000005043,00
4200200	 0000000036059,00	 0000000018447,00	 0000000002742,00	 0000000015687,00
4200300	 0000000310336,00	 0000000000004,00	 0000000000000,00	 0000000002627,00
4200303	 0000000038567,00	 0000000000000,00	 0000000000000,00	 0000000000260,00
4200304	 0000000097507,00	 0000000000004,00	 0000000000000,00	 0000000000804,00
4200305	 0000000075001,00	 0000000000000,00	 0000000000000,00	 0000000000793,00
4200306	 0000000060154,00	 0000000000000,00	 0000000000000,00	 0000000000382,00
4200307	 0000000038298,00	 0000000000000,00	 0000000000000,00	 0000000000263,00
4200309	 0000000000809,00	 0000000000000,00	 0000000000000,00	 0000000000125,00
4200400	 0000000122341,00	 0000000000011,00	 0000000000000,00	 0000000000823,00
4200500	 0000000255402,00	 0000000000003,00	 0000000000084,00	 0000000008971,00
4200600	 0000000047583,00	 0000000000170,00	 0000000000000,00	 0000000004080,00
4200700	 0000000143276,00	 0000000000000,00	 0000000000000,00	 0000000006196,00
4200800	 0000000124578,00	 0000000000000,00	 0000000000000,00	 0000000000022,00
4200900	 0000000139698,00	 0000000000334,00	 0000000000457,00	 0000000006242,00
4250000	-0000000260929,00	 0000000000000,00	 0000000000000,00	-0000000010635,00
4250100	-0000000151492,00	 0000000000000,00	 0000000000000,00	-0000000002478,00
4250101	-0000000077028,00	 0000000000000,00	 0000000000000,00	-0000000002465,00
4250102	-0000000073720,00	 0000000000000,00	 0000000000000,00	-0000000000005,00
4250190	-0000000000744,00	 0000000000000,00	 0000000000000,00	-0000000000008,00
4250200	-0000000025625,00	 0000000000000,00	 0000000000000,00	-0000000001221,00
4250300	-0000000083812,00	 0000000000000,00	 0000000000000,00	-0000000006936,00
4300000	 0000000351660,00	-0000000017157,00	 0000000000670,00	-0000000076407,00
4300100	 0000000196593,00	 0000000125131,00	 0000000000005,00	 0000000009016,00
4300101	 0000000162877,00	 0000000120834,00	 0000000000004,00	 0000000001138,00
4300102	-0000000000387,00	-0000000008063,00	 0000000000001,00	 0000000012191,00
4300103	 0000000030049,00	 0000000028449,00	 0000000000000,00	 0000000006604,00
4300104	-0000000023933,00	-0000000016089,00	 0000000000000,00	-0000000011601,00
4300190	 0000000027987,00	 0000000000000,00	 0000000000000,00	 0000000000684,00
4300200	 0000000099364,00	-0000000151476,00	-0000000000159,00	-0000000105088,00
4300300	 0000000014348,00	 0000000008923,00	 0000000000824,00	 0000000013743,00
4300400	 0000000029284,00	 0000000000000,00	 0000000000000,00	 0000000001107,00
4300500	 0000000012071,00	 0000000000265,00	 0000000000000,00	 0000000004815,00
4350000	 0000000274885,00	-0000000000095,00	-0000000003004,00	 0000000067299,00
4350100	 0000000452897,00	 0000000000000,00	 0000000027915,00	 0000000067063,00
4350200	-0000000008200,00	-0000000000023,00	-0000000031045,00	 0000000000184,00
4350900	-0000000169812,00	-0000000000072,00	 0000000000126,00	 0000000000052,00
4400000	 0000000105403,00	 0000000000218,00	 0000000000002,00	 0000000020619,00
4400100	 0000000031998,00	 0000000000000,00	 0000000000000,00	 0000000000000,00
4400200	 0000000000933,00	 0000000000000,00	 0000000000000,00	 0000000008769,00
4400300	 0000000072472,00	 0000000000218,00	 0000000000002,00	 0000000011850,00
4500000	-0000000984495,00	 0000000011133,00	 0000000000000,00	-0000000015332,00
4500100	-0000001089063,00	-0000000013710,00	 0000000000000,00	-0000000015436,00
4500101	-0000000334250,00	-0000000002517,00	 0000000000000,00	-0000000003244,00
4500111	-0000000036973,00	-0000000003705,00	 0000000000000,00	-0000000000435,00
4500112	-0000000718531,00	-0000000007488,00	 0000000000000,00	-0000000011375,00
4500190	 0000000000691,00	 0000000000000,00	 0000000000000,00	-0000000000382,00
4500200	-0000000017747,00	 0000000000000,00	 0000000000000,00	-0000000000568,00
4500700	-0000000054354,00	 0000000000000,00	 0000000000000,00	 0000000000000,00
4500701	 0000000012492,00	 0000000000000,00	 0000000000000,00	 0000000000000,00
4500702	-0000000066952,00	 0000000000000,00	 0000000000000,00	 0000000000000,00
4500703	 0000000000106,00	 0000000000000,00	 0000000000000,00	 0000000000000,00
4500800	 0000000002038,00	 0000000000000,00	 0000000000000,00	-0000000001000,00
4500801	 0000000000236,00	 0000000000000,00	 0000000000000,00	-0000000000016,00
4500802	 0000000001684,00	 0000000000000,00	 0000000000000,00	-0000000000692,00
4500803	 0000000000118,00	 0000000000000,00	 0000000000000,00	-0000000000292,00
4500900	 0000000174631,00	 0000000024843,00	 0000000000000,00	 0000000001672,00
4500901	 0000000051212,00	 0000000013988,00	 0000000000000,00	 0000000000262,00
4500911	 0000000012252,00	 0000000002680,00	 0000000000000,00	 0000000000230,00
4500921	 0000000111167,00	 0000000008175,00	 0000000000000,00	 0000000001180,00
4500931	 0000000000000,00	 0000000000000,00	 0000000000000,00	 0000000000000,00
4600000	-0000001378513,00	-0000000000001,00	 0000000000000,00	-0000000023815,00
4610000	-0000000909063,00	-0000000000012,00	 0000000000000,00	-0000000027116,00
4610100	-0000000587691,00	-0000000000012,00	 0000000000000,00	-0000000016687,00
4610200	-0000000171410,00	 0000000000000,00	 0000000000000,00	-0000000004438,00
4610300	-0000000008475,00	 0000000000000,00	 0000000000000,00	-0000000000042,00
4610400	-0000000087278,00	 0000000000000,00	 0000000000000,00	-0000000002176,00
4610500	-0000000054209,00	 0000000000000,00	 0000000000000,00	-0000000003773,00
4620000	-0000000174120,00	 0000000000000,00	 0000000000000,00	-0000000003199,00
4630000	-0000000002509,00	-0000000000034,00	 0000000000000,00	 0000000000000,00
4650000	-0000000186390,00	-0000000001948,00	 0000000000000,00	-0000000010770,00
4650100	-0000000043368,00	 0000000000000,00	 0000000000000,00	-0000000000027,00
4650200	-0000000017208,00	 0000000000000,00	 0000000000000,00	-0000000004799,00
4650201	-0000000002814,00	 0000000000000,00	 0000000000000,00	-0000000000972,00
4650211	 0000000000000,00	 0000000000000,00	 0000000000000,00	 0000000000000,00
4650290	-0000000014394,00	 0000000000000,00	 0000000000000,00	-0000000003827,00
4650900	-0000000125814,00	-0000000001948,00	 0000000000000,00	-0000000005944,00
4700000	 0000000009935,00	 0000000000000,00	 0000000000000,00	-0000000000329,00
4700100	 0000000011838,00	 0000000000000,00	 0000000000000,00	 0000000000028,00
4700101	 0000000000000,00	 0000000000000,00	 0000000000000,00	 0000000000000,00
4700102	 0000000000000,00	 0000000000000,00	 0000000000000,00	 0000000000000,00
4700103	 0000000010348,00	 0000000000000,00	 0000000000000,00	 0000000000000,00
4700110	 0000000001490,00	 0000000000000,00	 0000000000000,00	 0000000000028,00
4700200	-0000000001903,00	 0000000000000,00	 0000000000000,00	-0000000000357,00
4700201	 0000000000000,00	 0000000000000,00	 0000000000000,00	 0000000000000,00
4700202	 0000000000000,00	 0000000000000,00	 0000000000000,00	 0000000000000,00
4700203	-0000000001903,00	 0000000000000,00	 0000000000000,00	-0000000000357,00
4700210	 0000000000000,00	 0000000000000,00	 0000000000000,00	 0000000000000,00
4800000	-0000000237447,00	 0000000000000,00	 0000000000000,00	-0000000007030,00
4800001	-0000000366919,00	 0000000000000,00	 0000000000000,00	-0000000004329,00
4850000	 0000000000000,00	 0000000000000,00	 0000000000000,00	 0000000000000,00
4900000	 0000000014341,00	 0000000000000,00	 0000000000000,00	 0000000000037,00
5003000	 0000002060933,00	 0000001316409,00	 0000000019945,00	 0000000128685,00
5004000	 0000000981210,00	 0000000018969,00	 0000000003283,00	 0000000039056,00
5005000	 0000003774091,00	 0000001318344,00	 0000000020896,00	 0000000179252,00
5006000	 0000002789596,00	 0000001329477,00	 0000000020896,00	 0000000163920,00
5007000	 0000000139001,00	 0000001327482,00	 0000000020896,00	 0000000099020,00
5008000	 0000000148936,00	 0000001327482,00	 0000000020896,00	 0000000098691,00
5009000	-0000000088511,00	 0000001327482,00	 0000000020896,00	 0000000091661,00
5010000	-0000000088511,00	 0000001327482,00	 0000000020896,00	 0000000091661,00
5020000	-0000000102852,00	 0000001327482,00	 0000000020896,00	 0000000091624,00
