009	BANCO INTERNACIONAL                     
4100000	 0000000013424,00	 0000000000754,00	 0000000000000,00	 0000000001548,00
4100100	 0000000000000,00	 0000000000000,00	 0000000000000,00	 0000000000000,00
4100200	 0000000000000,00	 0000000000000,00	 0000000000000,00	 0000000000000,00
4100300	 0000000013050,00	 0000000000562,00	 0000000000000,00	 0000000001546,00
4100399	 0000000000027,00	 0000000000000,00	 0000000000000,00	 0000000000000,00
4100400	 0000000000000,00	 0000000000040,00	 0000000000000,00	 0000000000000,00
4100499	 0000000000000,00	 0000000000000,00	 0000000000000,00	 0000000000000,00
4100500	 0000000000011,00	-0000000000004,00	 0000000000000,00	 0000000000000,00
4100599	 0000000000000,00	 0000000000000,00	 0000000000000,00	 0000000000000,00
4100600	 0000000000080,00	-0000000000001,00	 0000000000000,00	 0000000000000,00
4100800	 0000000000283,00	 0000000000157,00	 0000000000000,00	 0000000000002,00
4100900	 0000000000000,00	 0000000000000,00	 0000000000000,00	 0000000000000,00
4150000	-0000000008623,00	 0000000000607,00	 0000000000000,00	-0000000000629,00
4150100	 0000000000000,00	 0000000000000,00	 0000000000000,00	 0000000000000,00
4150200	 0000000000000,00	 0000000000000,00	 0000000000000,00	 0000000000000,00
4150300	-0000000008416,00	 0000000000205,00	 0000000000000,00	-0000000000629,00
4150400	-0000000000094,00	 0000000000000,00	 0000000000000,00	 0000000000000,00
4150500	 0000000000000,00	-0000000000034,00	 0000000000000,00	 0000000000000,00
4150600	-0000000000113,00	 0000000000436,00	 0000000000000,00	 0000000000000,00
4150800	 0000000000000,00	 0000000000000,00	 0000000000000,00	 0000000000000,00
4150900	 0000000000000,00	 0000000000000,00	 0000000000000,00	 0000000000000,00
4200000	 0000000001351,00	 0000000000000,00	 0000000000000,00	 0000000000000,00
4200100	 0000000000043,00	 0000000000000,00	 0000000000000,00	 0000000000000,00
4200200	 0000000000126,00	 0000000000000,00	 0000000000000,00	 0000000000000,00
4200300	 0000000000004,00	 0000000000000,00	 0000000000000,00	 0000000000000,00
4200400	 0000000000066,00	 0000000000000,00	 0000000000000,00	 0000000000000,00
4200500	 0000000000121,00	 0000000000000,00	 0000000000000,00	 0000000000000,00
4200600	 0000000000004,00	 0000000000000,00	 0000000000000,00	 0000000000000,00
4200700	 0000000000000,00	 0000000000000,00	 0000000000000,00	 0000000000000,00
4200800	 0000000000000,00	 0000000000000,00	 0000000000000,00	 0000000000000,00
4200900	 0000000000987,00	 0000000000000,00	 0000000000000,00	 0000000000000,00
4250000	-0000000000150,00	 0000000000000,00	 0000000000000,00	-0000000000038,00
4250100	 0000000000000,00	 0000000000000,00	 0000000000000,00	 0000000000000,00
4250200	 0000000000000,00	 0000000000000,00	 0000000000000,00	 0000000000000,00
4250300	-0000000000150,00	 0000000000000,00	 0000000000000,00	-0000000000038,00
4300000	 0000000002440,00	 0000000001115,00	 0000000000000,00	 0000000000000,00
4300100	 0000000002929,00	-0000000000249,00	 0000000000000,00	 0000000000000,00
4300200	-0000000000489,00	 0000000001353,00	 0000000000000,00	 0000000000000,00
4300300	 0000000000000,00	 0000000000000,00	 0000000000000,00	 0000000000000,00
4300400	 0000000000000,00	 0000000000000,00	 0000000000000,00	 0000000000000,00
4300500	 0000000000000,00	 0000000000011,00	 0000000000000,00	 0000000000000,00
4350000	 0000000001143,00	 0000000000000,00	 0000000000000,00	 0000000000000,00
4350100	 0000000001143,00	 0000000000000,00	 0000000000000,00	 0000000000000,00
4350200	 0000000000000,00	 0000000000000,00	 0000000000000,00	 0000000000000,00
4350900	 0000000000000,00	 0000000000000,00	 0000000000000,00	 0000000000000,00
4400000	 0000000000177,00	 0000000000000,00	 0000000000000,00	 0000000000010,00
4400100	 0000000000078,00	 0000000000000,00	 0000000000000,00	 0000000000000,00
4400200	 0000000000000,00	 0000000000000,00	 0000000000000,00	 0000000000000,00
4400300	 0000000000099,00	 0000000000000,00	 0000000000000,00	 0000000000010,00
4500000	-0000000002783,00	 0000000000000,00	 0000000000000,00	 0000000000000,00
4500100	-0000000003094,00	 0000000000000,00	 0000000000000,00	 0000000000000,00
4500200	 0000000000000,00	 0000000000000,00	 0000000000000,00	 0000000000000,00
4500900	 0000000000311,00	 0000000000000,00	 0000000000000,00	 0000000000000,00
4500901	 0000000000296,00	 0000000000000,00	 0000000000000,00	 0000000000000,00
4500911	 0000000000000,00	 0000000000000,00	 0000000000000,00	 0000000000000,00
4500921	 0000000000013,00	 0000000000000,00	 0000000000000,00	 0000000000000,00
4600000	-0000000004676,00	 0000000000000,00	 0000000000000,00	 0000000000000,00
4610000	-0000000001641,00	 0000000000000,00	 0000000000000,00	 0000000000000,00
4610100	-0000000001167,00	 0000000000000,00	 0000000000000,00	 0000000000000,00
4610200	 0000000000000,00	 0000000000000,00	 0000000000000,00	 0000000000000,00
4610300	-0000000000117,00	 0000000000000,00	 0000000000000,00	 0000000000000,00
4610400	-0000000000125,00	 0000000000000,00	 0000000000000,00	 0000000000000,00
4610500	-0000000000232,00	 0000000000000,00	 0000000000000,00	 0000000000000,00
4620000	-0000000000326,00	 0000000000000,00	 0000000000000,00	 0000000000000,00
4630000	 0000000000000,00	 0000000000000,00	 0000000000000,00	 0000000000000,00
4650000	-0000000000690,00	 0000000000000,00	 0000000000000,00	 0000000000000,00
4650100	-0000000000580,00	 0000000000000,00	 0000000000000,00	 0000000000000,00
4650200	 0000000000000,00	 0000000000000,00	 0000000000000,00	 0000000000000,00
4650201	 0000000000000,00	 0000000000000,00	 0000000000000,00	 0000000000000,00
4650211	 0000000000000,00	 0000000000000,00	 0000000000000,00	 0000000000000,00
4650212	 0000000000000,00	 0000000000000,00	 0000000000000,00	 0000000000000,00
4650290	 0000000000000,00	 0000000000000,00	 0000000000000,00	 0000000000000,00
4650900	-0000000000110,00	 0000000000000,00	 0000000000000,00	 0000000000000,00
4700000	 0000000000015,00	 0000000000000,00	 0000000000000,00	 0000000000000,00
4700100	 0000000000015,00	 0000000000000,00	 0000000000000,00	 0000000000000,00
4700101	 0000000000000,00	 0000000000000,00	 0000000000000,00	 0000000000000,00
4700102	 0000000000000,00	 0000000000000,00	 0000000000000,00	 0000000000000,00
4700103	 0000000000000,00	 0000000000000,00	 0000000000000,00	 0000000000000,00
4700110	 0000000000015,00	 0000000000000,00	 0000000000000,00	 0000000000000,00
4700200	 0000000000000,00	 0000000000000,00	 0000000000000,00	 0000000000000,00
4700201	 0000000000000,00	 0000000000000,00	 0000000000000,00	 0000000000000,00
4700202	 0000000000000,00	 0000000000000,00	 0000000000000,00	 0000000000000,00
4700203	 0000000000000,00	 0000000000000,00	 0000000000000,00	 0000000000000,00
4700210	 0000000000000,00	 0000000000000,00	 0000000000000,00	 0000000000000,00
4800000	-0000000000246,00	 0000000000000,00	 0000000000000,00	 0000000000000,00
4800001	-0000000000785,00	 0000000000000,00	 0000000000000,00	 0000000000000,00
4850000	 0000000000000,00	 0000000000000,00	 0000000000000,00	 0000000000000,00
4900000	 0000000000000,00	 0000000000000,00	 0000000000000,00	 0000000000000,00
5003000	 0000000004801,00	 0000000001361,00	 0000000000000,00	 0000000000919,00
5004000	 0000000001201,00	 0000000000000,00	 0000000000000,00	-0000000000038,00
5005000	 0000000009762,00	 0000000002476,00	 0000000000000,00	 0000000000891,00
5006000	 0000000006979,00	 0000000002476,00	 0000000000000,00	 0000000000891,00
5007000	-0000000000354,00	 0000000002476,00	 0000000000000,00	 0000000000891,00
5008000	-0000000000339,00	 0000000002476,00	 0000000000000,00	 0000000000891,00
5009000	-0000000000585,00	 0000000002476,00	 0000000000000,00	 0000000000891,00
5010000	-0000000000585,00	 0000000002476,00	 0000000000000,00	 0000000000891,00
