055	BANCO CONSORCIO
100000000	 2929408382493,00	 3766974322631,00	 0000000000000,00	 1318961156136,00
105000000	 0128526393444,00	 0000000000000,00	 0000000000000,00	 0301613931296,00
105000100	 0003040084718,00	 0000000000000,00	 0000000000000,00	 0000264147649,00
105000101	 0001686294718,00	 0000000000000,00	 0000000000000,00	 0000138665649,00
105000102	 0001353790000,00	 0000000000000,00	 0000000000000,00	 0000125482000,00
105000103	 0000000000000,00	 0000000000000,00	 0000000000000,00	 0000000000000,00
105000200	 0113985126230,00	 0000000000000,00	 0000000000000,00	 0007456836578,00
105000201	 0003585126230,00	 0000000000000,00	 0000000000000,00	 0007456836578,00
105000202	 0000000000000,00	 0000000000000,00	 0000000000000,00	 0000000000000,00
105000209	 0110400000000,00	 0000000000000,00	 0000000000000,00	 0000000000000,00
105000300	 0000000000000,00	 0000000000000,00	 0000000000000,00	 0000000000000,00
105000301	 0000000000000,00	 0000000000000,00	 0000000000000,00	 0000000000000,00
105000302	 0000000000000,00	 0000000000000,00	 0000000000000,00	 0000000000000,00
105000309	 0000000000000,00	 0000000000000,00	 0000000000000,00	 0000000000000,00
105000400	 0011501182496,00	 0000000000000,00	 0000000000000,00	 0004427036348,00
105000500	 0000000000000,00	 0000000000000,00	 0000000000000,00	 0289465910721,00
107000000	 0056913008764,00	 0000000000000,00	 0000000000000,00	 0049692021140,00
107000100	 0010914402425,00	 0000000000000,00	 0000000000000,00	 0002240750000,00
107000101	 0000000000000,00	 0000000000000,00	 0000000000000,00	 0000000000000,00
107000102	 0010914402425,00	 0000000000000,00	 0000000000000,00	 0002240750000,00
107000103	 0000000000000,00	 0000000000000,00	 0000000000000,00	 0000000000000,00
107000200	 0000000000000,00	 0000000000000,00	 0000000000000,00	 0000000000000,00
107000201	 0000000000000,00	 0000000000000,00	 0000000000000,00	 0000000000000,00
107000202	 0000000000000,00	 0000000000000,00	 0000000000000,00	 0000000000000,00
107000300	 0000000000000,00	 0000000000000,00	 0000000000000,00	 0000000000000,00
107000400	 0045998606339,00	 0000000000000,00	 0000000000000,00	 0047451271140,00
107000401	 0045844044039,00	 0000000000000,00	 0000000000000,00	 0000000000000,00
107000409	 0000000000000,00	 0000000000000,00	 0000000000000,00	 0047451271140,00
107000411	 0000154562300,00	 0000000000000,00	 0000000000000,00	 0000000000000,00
107000419	 0000000000000,00	 0000000000000,00	 0000000000000,00	 0000000000000,00
110000000	 0362504536041,00	 0031366657091,00	 0000000000000,00	 0000000000000,00
111000100	 0141176390191,00	 0000000000000,00	 0000000000000,00	 0000000000000,00
111000101	 0052701332924,00	 0000000000000,00	 0000000000000,00	 0000000000000,00
111000102	 0068319272262,00	 0000000000000,00	 0000000000000,00	 0000000000000,00
111000103	 0000000000000,00	 0000000000000,00	 0000000000000,00	 0000000000000,00
111000104	 0000000000000,00	 0000000000000,00	 0000000000000,00	 0000000000000,00
111000105	 0000000000000,00	 0000000000000,00	 0000000000000,00	 0000000000000,00
111000109	 0020155785005,00	 0000000000000,00	 0000000000000,00	 0000000000000,00
112000000	 0216710328674,00	 0031366657091,00	 0000000000000,00	 0000000000000,00
112000100	 0216710328674,00	 0023114358701,00	 0000000000000,00	 0000000000000,00
112000101	 0199728424002,00	 0000000000000,00	 0000000000000,00	 0000000000000,00
112000102	 0016981904672,00	 0023114358701,00	 0000000000000,00	 0000000000000,00
112000109	 0000000000000,00	 0000000000000,00	 0000000000000,00	 0000000000000,00
112000200	 0000000000000,00	 0008252298390,00	 0000000000000,00	 0000000000000,00
112000201	 0000000000000,00	 0008252298390,00	 0000000000000,00	 0000000000000,00
112000202	 0000000000000,00	 0000000000000,00	 0000000000000,00	 0000000000000,00
112000209	 0000000000000,00	 0000000000000,00	 0000000000000,00	 0000000000000,00
112000300	 0000000000000,00	 0000000000000,00	 0000000000000,00	 0000000000000,00
112000301	 0000000000000,00	 0000000000000,00	 0000000000000,00	 0000000000000,00
112000302	 0000000000000,00	 0000000000000,00	 0000000000000,00	 0000000000000,00
112000303	 0000000000000,00	 0000000000000,00	 0000000000000,00	 0000000000000,00
112000304	 0000000000000,00	 0000000000000,00	 0000000000000,00	 0000000000000,00
112000309	 0000000000000,00	 0000000000000,00	 0000000000000,00	 0000000000000,00
113000000	 0004617817176,00	 0000000000000,00	 0000000000000,00	 0000000000000,00
113000100	 0000000000000,00	 0000000000000,00	 0000000000000,00	 0000000000000,00
113000101	 0000000000000,00	 0000000000000,00	 0000000000000,00	 0000000000000,00
113000102	 0000000000000,00	 0000000000000,00	 0000000000000,00	 0000000000000,00
113000200	 0004617817176,00	 0000000000000,00	 0000000000000,00	 0000000000000,00
113000201	 0004617817176,00	 0000000000000,00	 0000000000000,00	 0000000000000,00
113000202	 0000000000000,00	 0000000000000,00	 0000000000000,00	 0000000000000,00
113000300	 0000000000000,00	 0000000000000,00	 0000000000000,00	 0000000000000,00
113000301	 0000000000000,00	 0000000000000,00	 0000000000000,00	 0000000000000,00
113000302	 0000000000000,00	 0000000000000,00	 0000000000000,00	 0000000000000,00
113000303	 0000000000000,00	 0000000000000,00	 0000000000000,00	 0000000000000,00
113000304	 0000000000000,00	 0000000000000,00	 0000000000000,00	 0000000000000,00
113000400	 0000000000000,00	 0000000000000,00	 0000000000000,00	 0000000000000,00
115000000	 0000000000000,00	 0000000000000,00	 0000000000000,00	 0000000000000,00
115250000	 0000000000000,00	 0000000000000,00	 0000000000000,00	 0000000000000,00
115250100	 0000000000000,00	 0000000000000,00	 0000000000000,00	 0000000000000,00
115250101	 0000000000000,00	 0000000000000,00	 0000000000000,00	 0000000000000,00
115250102	 0000000000000,00	 0000000000000,00	 0000000000000,00	 0000000000000,00
115250109	 0000000000000,00	 0000000000000,00	 0000000000000,00	 0000000000000,00
115250200	 0000000000000,00	 0000000000000,00	 0000000000000,00	 0000000000000,00
115250201	 0000000000000,00	 0000000000000,00	 0000000000000,00	 0000000000000,00
115250202	 0000000000000,00	 0000000000000,00	 0000000000000,00	 0000000000000,00
115250209	 0000000000000,00	 0000000000000,00	 0000000000000,00	 0000000000000,00
115250300	 0000000000000,00	 0000000000000,00	 0000000000000,00	 0000000000000,00
115250301	 0000000000000,00	 0000000000000,00	 0000000000000,00	 0000000000000,00
115250302	 0000000000000,00	 0000000000000,00	 0000000000000,00	 0000000000000,00
115250303	 0000000000000,00	 0000000000000,00	 0000000000000,00	 0000000000000,00
115250304	 0000000000000,00	 0000000000000,00	 0000000000000,00	 0000000000000,00
115250309	 0000000000000,00	 0000000000000,00	 0000000000000,00	 0000000000000,00
115500000	 0000000000000,00	 0000000000000,00	 0000000000000,00	 0000000000000,00
115500100	 0000000000000,00	 0000000000000,00	 0000000000000,00	 0000000000000,00
115500101	 0000000000000,00	 0000000000000,00	 0000000000000,00	 0000000000000,00
115500102	 0000000000000,00	 0000000000000,00	 0000000000000,00	 0000000000000,00
115500300	 0000000000000,00	 0000000000000,00	 0000000000000,00	 0000000000000,00
115500301	 0000000000000,00	 0000000000000,00	 0000000000000,00	 0000000000000,00
115500302	 0000000000000,00	 0000000000000,00	 0000000000000,00	 0000000000000,00
115500303	 0000000000000,00	 0000000000000,00	 0000000000000,00	 0000000000000,00
115500304	 0000000000000,00	 0000000000000,00	 0000000000000,00	 0000000000000,00
115500400	 0000000000000,00	 0000000000000,00	 0000000000000,00	 0000000000000,00
118000000	 0000000000000,00	 0000000000000,00	 0000000000000,00	 0000000000000,00
118250000	 0000000000000,00	 0000000000000,00	 0000000000000,00	 0000000000000,00
118250100	 0000000000000,00	 0000000000000,00	 0000000000000,00	 0000000000000,00
118250101	 0000000000000,00	 0000000000000,00	 0000000000000,00	 0000000000000,00
118250102	 0000000000000,00	 0000000000000,00	 0000000000000,00	 0000000000000,00
118250109	 0000000000000,00	 0000000000000,00	 0000000000000,00	 0000000000000,00
118250200	 0000000000000,00	 0000000000000,00	 0000000000000,00	 0000000000000,00
118250201	 0000000000000,00	 0000000000000,00	 0000000000000,00	 0000000000000,00
118250202	 0000000000000,00	 0000000000000,00	 0000000000000,00	 0000000000000,00
118250209	 0000000000000,00	 0000000000000,00	 0000000000000,00	 0000000000000,00
118250300	 0000000000000,00	 0000000000000,00	 0000000000000,00	 0000000000000,00
118250301	 0000000000000,00	 0000000000000,00	 0000000000000,00	 0000000000000,00
118250302	 0000000000000,00	 0000000000000,00	 0000000000000,00	 0000000000000,00
118250303	 0000000000000,00	 0000000000000,00	 0000000000000,00	 0000000000000,00
118250304	 0000000000000,00	 0000000000000,00	 0000000000000,00	 0000000000000,00
118250309	 0000000000000,00	 0000000000000,00	 0000000000000,00	 0000000000000,00
118500000	 0000000000000,00	 0000000000000,00	 0000000000000,00	 0000000000000,00
118500300	 0000000000000,00	 0000000000000,00	 0000000000000,00	 0000000000000,00
118500301	 0000000000000,00	 0000000000000,00	 0000000000000,00	 0000000000000,00
118500302	 0000000000000,00	 0000000000000,00	 0000000000000,00	 0000000000000,00
118500303	 0000000000000,00	 0000000000000,00	 0000000000000,00	 0000000000000,00
118500304	 0000000000000,00	 0000000000000,00	 0000000000000,00	 0000000000000,00
118500400	 0000000000000,00	 0000000000000,00	 0000000000000,00	 0000000000000,00
120000000	 0263940503444,00	 0779312346603,00	 0000000000000,00	 0322071278158,00
122000000	 0262143523444,00	 0779312346603,00	 0000000000000,00	 0322071278158,00
122000100	 0142782096176,00	 0276630564277,00	 0000000000000,00	 0000000000000,00
122000101	 0079684050072,00	 0000831072837,00	 0000000000000,00	 0000000000000,00
122000102	 0063098046104,00	 0275799491440,00	 0000000000000,00	 0000000000000,00
122000109	 0000000000000,00	 0000000000000,00	 0000000000000,00	 0000000000000,00
122000200	 0119361427268,00	 0502681782326,00	 0000000000000,00	 0050639933319,00
122000201	 0071316715968,00	 0056006707046,00	 0000000000000,00	 0000000000000,00
122000202	 0048044711300,00	 0446675075280,00	 0000000000000,00	 0050639933319,00
122000209	 0000000000000,00	 0000000000000,00	 0000000000000,00	 0000000000000,00
122000300	 0000000000000,00	 0000000000000,00	 0000000000000,00	 0271431344839,00
122000301	 0000000000000,00	 0000000000000,00	 0000000000000,00	 0000000000000,00
122000302	 0000000000000,00	 0000000000000,00	 0000000000000,00	 0257109970976,00
122000303	 0000000000000,00	 0000000000000,00	 0000000000000,00	 0000000000000,00
122000304	 0000000000000,00	 0000000000000,00	 0000000000000,00	 0014321373863,00
122000309	 0000000000000,00	 0000000000000,00	 0000000000000,00	 0000000000000,00
123000000	 0001796980000,00	 0000000000000,00	 0000000000000,00	 0000000000000,00
123000300	 0000000000000,00	 0000000000000,00	 0000000000000,00	 0000000000000,00
123000301	 0000000000000,00	 0000000000000,00	 0000000000000,00	 0000000000000,00
123000302	 0000000000000,00	 0000000000000,00	 0000000000000,00	 0000000000000,00
123000303	 0000000000000,00	 0000000000000,00	 0000000000000,00	 0000000000000,00
123000304	 0000000000000,00	 0000000000000,00	 0000000000000,00	 0000000000000,00
123000400	 0001796980000,00	 0000000000000,00	 0000000000000,00	 0000000000000,00
130000000	 0001072823903,00	 0000000000000,00	 0000000000000,00	 0000000000000,00
130000100	 0001072823903,00	 0000000000000,00	 0000000000000,00	 0000000000000,00
130000101	 0000000000000,00	 0000000000000,00	 0000000000000,00	 0000000000000,00
130000102	 0001072823903,00	 0000000000000,00	 0000000000000,00	 0000000000000,00
130000103	 0000000000000,00	 0000000000000,00	 0000000000000,00	 0000000000000,00
130000104	 0000000000000,00	 0000000000000,00	 0000000000000,00	 0000000000000,00
130000105	 0000000000000,00	 0000000000000,00	 0000000000000,00	 0000000000000,00
130000190	 0000000000000,00	 0000000000000,00	 0000000000000,00	 0000000000000,00
140000000	 1905155294333,00	 2954117668639,00	 0000000000000,00	 0576930004678,00
141000000	 0037997146603,00	 0000000000000,00	 0000000000000,00	 0000000000000,00
141000100	 0000000000000,00	 0000000000000,00	 0000000000000,00	 0000000000000,00
141000101	 0000000000000,00	 0000000000000,00	 0000000000000,00	 0000000000000,00
141000102	 0000000000000,00	 0000000000000,00	 0000000000000,00	 0000000000000,00
141000103	 0000000000000,00	 0000000000000,00	 0000000000000,00	 0000000000000,00
141000200	 0000000000000,00	 0000000000000,00	 0000000000000,00	 0000000000000,00
141000201	 0000000000000,00	 0000000000000,00	 0000000000000,00	 0000000000000,00
141000202	 0000000000000,00	 0000000000000,00	 0000000000000,00	 0000000000000,00
141000203	 0000000000000,00	 0000000000000,00	 0000000000000,00	 0000000000000,00
141000300	 0038062115963,00	 0000000000000,00	 0000000000000,00	 0000000000000,00
141000301	 0038062115963,00	 0000000000000,00	 0000000000000,00	 0000000000000,00
141000302	 0000000000000,00	 0000000000000,00	 0000000000000,00	 0000000000000,00
141000400	 0000000000000,00	 0000000000000,00	 0000000000000,00	 0000000000000,00
141000401	 0000000000000,00	 0000000000000,00	 0000000000000,00	 0000000000000,00
141000402	 0000000000000,00	 0000000000000,00	 0000000000000,00	 0000000000000,00
141000900	-0000064969360,00	 0000000000000,00	 0000000000000,00	 0000000000000,00
141000901	-0000064969360,00	 0000000000000,00	 0000000000000,00	 0000000000000,00
141000902	 0000000000000,00	 0000000000000,00	 0000000000000,00	 0000000000000,00
141000903	 0000000000000,00	 0000000000000,00	 0000000000000,00	 0000000000000,00
141500000	 0730829477172,00	 0006669681570,00	 0000000000000,00	 0025301787002,00
141500100	 0715375499398,00	 0000000000000,00	 0000000000000,00	 0000000000000,00
141500101	 0000555179379,00	 0000000000000,00	 0000000000000,00	 0000000000000,00
141500102	 0714820320019,00	 0000000000000,00	 0000000000000,00	 0000000000000,00
141500109	 0000000000000,00	 0000000000000,00	 0000000000000,00	 0000000000000,00
141500200	 0020199242114,00	 0023476956573,00	 0000000000000,00	 0000000000000,00
141500201	 0000000000000,00	 0000000000000,00	 0000000000000,00	 0000000000000,00
141500202	 0020199242114,00	 0023476956573,00	 0000000000000,00	 0000000000000,00
141500209	 0000000000000,00	 0000000000000,00	 0000000000000,00	 0000000000000,00
141500300	 0000000000000,00	 0000000000000,00	 0000000000000,00	 0045620204451,00
141500301	 0000000000000,00	 0000000000000,00	 0000000000000,00	 0000000000000,00
141500302	 0000000000000,00	 0000000000000,00	 0000000000000,00	 0000000000000,00
141500303	 0000000000000,00	 0000000000000,00	 0000000000000,00	 0000000000000,00
141500304	 0000000000000,00	 0000000000000,00	 0000000000000,00	 0045620204451,00
141500309	 0000000000000,00	 0000000000000,00	 0000000000000,00	 0000000000000,00
141500900	-0004745264340,00	-0016807275003,00	 0000000000000,00	-0020318417449,00
141500901	-0000000000368,00	-0000001685206,00	 0000000000000,00	 0000000000000,00
141500902	 0000000000000,00	 0000000000000,00	 0000000000000,00	 0000000000000,00
141500903	-0004745263972,00	-0016805589797,00	 0000000000000,00	-0020318417449,00
143000000	 0000000000000,00	 0000000000000,00	 0000000000000,00	 0000000000000,00
143100100	 0000000000000,00	 0000000000000,00	 0000000000000,00	 0000000000000,00
143100101	 0000000000000,00	 0000000000000,00	 0000000000000,00	 0000000000000,00
143100102	 0000000000000,00	 0000000000000,00	 0000000000000,00	 0000000000000,00
143100103	 0000000000000,00	 0000000000000,00	 0000000000000,00	 0000000000000,00
143100104	 0000000000000,00	 0000000000000,00	 0000000000000,00	 0000000000000,00
143100105	 0000000000000,00	 0000000000000,00	 0000000000000,00	 0000000000000,00
143100106	 0000000000000,00	 0000000000000,00	 0000000000000,00	 0000000000000,00
143100107	 0000000000000,00	 0000000000000,00	 0000000000000,00	 0000000000000,00
143100190	 0000000000000,00	 0000000000000,00	 0000000000000,00	 0000000000000,00
143150100	 0000000000000,00	 0000000000000,00	 0000000000000,00	 0000000000000,00
143150101	 0000000000000,00	 0000000000000,00	 0000000000000,00	 0000000000000,00
143150102	 0000000000000,00	 0000000000000,00	 0000000000000,00	 0000000000000,00
143150103	 0000000000000,00	 0000000000000,00	 0000000000000,00	 0000000000000,00
143200100	 0000000000000,00	 0000000000000,00	 0000000000000,00	 0000000000000,00
143200101	 0000000000000,00	 0000000000000,00	 0000000000000,00	 0000000000000,00
143200102	 0000000000000,00	 0000000000000,00	 0000000000000,00	 0000000000000,00
143200103	 0000000000000,00	 0000000000000,00	 0000000000000,00	 0000000000000,00
143200104	 0000000000000,00	 0000000000000,00	 0000000000000,00	 0000000000000,00
143200105	 0000000000000,00	 0000000000000,00	 0000000000000,00	 0000000000000,00
143200106	 0000000000000,00	 0000000000000,00	 0000000000000,00	 0000000000000,00
143200107	 0000000000000,00	 0000000000000,00	 0000000000000,00	 0000000000000,00
143200108	 0000000000000,00	 0000000000000,00	 0000000000000,00	 0000000000000,00
143200190	 0000000000000,00	 0000000000000,00	 0000000000000,00	 0000000000000,00
143250100	 0000000000000,00	 0000000000000,00	 0000000000000,00	 0000000000000,00
143250101	 0000000000000,00	 0000000000000,00	 0000000000000,00	 0000000000000,00
143250102	 0000000000000,00	 0000000000000,00	 0000000000000,00	 0000000000000,00
143250103	 0000000000000,00	 0000000000000,00	 0000000000000,00	 0000000000000,00
143300100	 0000000000000,00	 0000000000000,00	 0000000000000,00	 0000000000000,00
143300101	 0000000000000,00	 0000000000000,00	 0000000000000,00	 0000000000000,00
143300102	 0000000000000,00	 0000000000000,00	 0000000000000,00	 0000000000000,00
143300103	 0000000000000,00	 0000000000000,00	 0000000000000,00	 0000000000000,00
143400100	 0000000000000,00	 0000000000000,00	 0000000000000,00	 0000000000000,00
143400101	 0000000000000,00	 0000000000000,00	 0000000000000,00	 0000000000000,00
143400102	 0000000000000,00	 0000000000000,00	 0000000000000,00	 0000000000000,00
143400103	 0000000000000,00	 0000000000000,00	 0000000000000,00	 0000000000000,00
144000000	 1136328670558,00	 2947447987069,00	 0000000000000,00	 0551628217676,00
145000000	 1138845751030,00	 1762838398094,00	 0000000000000,00	 0583363223212,00
145400100	 1025299633913,00	 1708460420784,00	 0000000000000,00	 0357170133658,00
145400101	 1025299633913,00	 1583180079497,00	 0000000000000,00	 0357170133658,00
145400102	 0000000000000,00	 0000000000000,00	 0000000000000,00	 0000000000000,00
145400103	 0000000000000,00	 0000000000000,00	 0000000000000,00	 0000000000000,00
145400104	 0000000000000,00	 0000000000000,00	 0000000000000,00	 0000000000000,00
145400105	 0000000000000,00	 0105726139021,00	 0000000000000,00	 0000000000000,00
145400106	 0000000000000,00	 0019554202266,00	 0000000000000,00	 0000000000000,00
145400200	 0003537583698,00	 0000000000000,00	 0000000000000,00	 0147999206377,00
145400201	 0000000000000,00	 0000000000000,00	 0000000000000,00	 0000000000000,00
145400202	 0003537583698,00	 0000000000000,00	 0000000000000,00	 0069910816966,00
145400203	 0000000000000,00	 0000000000000,00	 0000000000000,00	 0012166332407,00
145400204	 0000000000000,00	 0000000000000,00	 0000000000000,00	 0065922057004,00
145400205	 0000000000000,00	 0000000000000,00	 0000000000000,00	 0000000000000,00
145400290	 0000000000000,00	 0000000000000,00	 0000000000000,00	 0000000000000,00
145400300	 0002400414447,00	 0000000000000,00	 0000000000000,00	 0000000000000,00
145400400	 0000000846824,00	 0000000000000,00	 0000000000000,00	 0000003623400,00
145400401	 0000000846824,00	 0000000000000,00	 0000000000000,00	 0000003623400,00
145400402	 0000000000000,00	 0000000000000,00	 0000000000000,00	 0000000000000,00
145400500	 0071805821496,00	 0000000000000,00	 0000000000000,00	 0077940540415,00
145400501	 0064291803920,00	 0000000000000,00	 0000000000000,00	 0009152624912,00
145400502	 0007514017576,00	 0000000000000,00	 0000000000000,00	 0068787915503,00
145400600	 0034672325312,00	 0054377977310,00	 0000000000000,00	 0000249719362,00
145400601	 0000585371157,00	 0008071048027,00	 0000000000000,00	 0000000000000,00
145400602	 0034086954155,00	 0046306929283,00	 0000000000000,00	 0000249719362,00
145400700	 0000000000000,00	 0000000000000,00	 0000000000000,00	 0000000000000,00
145400701	 0000000000000,00	 0000000000000,00	 0000000000000,00	 0000000000000,00
145400702	 0000000000000,00	 0000000000000,00	 0000000000000,00	 0000000000000,00
145400703	 0000000000000,00	 0000000000000,00	 0000000000000,00	 0000000000000,00
145400900	 0001129125340,00	 0000000000000,00	 0000000000000,00	 0000000000000,00
145400901	 0000000000000,00	 0000000000000,00	 0000000000000,00	 0000000000000,00
145400902	 0000000000000,00	 0000000000000,00	 0000000000000,00	 0000000000000,00
145400990	 0001129125340,00	 0000000000000,00	 0000000000000,00	 0000000000000,00
146000000	 0000000000000,00	 1184609588975,00	 0000000000000,00	 0000000000000,00
146000100	 0000000000000,00	 0000000000000,00	 0000000000000,00	 0000000000000,00
146000200	 0000000000000,00	 1031786639144,00	 0000000000000,00	 0000000000000,00
146000300	 0000000000000,00	 0000000000000,00	 0000000000000,00	 0000000000000,00
146000400	 0000000000000,00	 0122324665163,00	 0000000000000,00	 0000000000000,00
146000401	 0000000000000,00	 0122324665163,00	 0000000000000,00	 0000000000000,00
146000402	 0000000000000,00	 0000000000000,00	 0000000000000,00	 0000000000000,00
146000500	 0000000000000,00	 0000000000000,00	 0000000000000,00	 0000000000000,00
146000900	 0000000000000,00	 0030498284668,00	 0000000000000,00	 0000000000000,00
146000901	 0000000000000,00	 0030498284668,00	 0000000000000,00	 0000000000000,00
146000902	 0000000000000,00	 0000000000000,00	 0000000000000,00	 0000000000000,00
146000903	 0000000000000,00	 0000000000000,00	 0000000000000,00	 0000000000000,00
146000909	 0000000000000,00	 0000000000000,00	 0000000000000,00	 0000000000000,00
148000000	 0082737113397,00	 0000000000000,00	 0000000000000,00	 0000101643656,00
148000100	 0076568729169,00	 0000000000000,00	 0000000000000,00	 0000000000000,00
148000200	 0003085550016,00	 0000000000000,00	 0000000000000,00	 0000000000000,00
148000300	 0003007330204,00	 0000000000000,00	 0000000000000,00	 0000101643656,00
148000301	 0002036583764,00	 0000000000000,00	 0000000000000,00	 0000101643656,00
148000302	 0000970746440,00	 0000000000000,00	 0000000000000,00	 0000000000000,00
148000400	 0000000000000,00	 0000000000000,00	 0000000000000,00	 0000000000000,00
148000900	 0000075504008,00	 0000000000000,00	 0000000000000,00	 0000000000000,00
148000901	 0000075504008,00	 0000000000000,00	 0000000000000,00	 0000000000000,00
148000902	 0000000000000,00	 0000000000000,00	 0000000000000,00	 0000000000000,00
149000000	-0085254193869,00	 0000000000000,00	 0000000000000,00	-0031836649192,00
149500100	-0079644837898,00	 0000000000000,00	 0000000000000,00	-0031830882281,00
149500101	-0011298413183,00	 0000000000000,00	 0000000000000,00	-0009890923257,00
149500102	-0020348824164,00	 0000000000000,00	 0000000000000,00	-0000876399720,00
149500103	-0047086999821,00	 0000000000000,00	 0000000000000,00	-0021063559304,00
149500104	-0000283234031,00	 0000000000000,00	 0000000000000,00	 0000000000000,00
149500105	-0000205987766,00	 0000000000000,00	 0000000000000,00	 0000000000000,00
149500109	-0000421378933,00	 0000000000000,00	 0000000000000,00	 0000000000000,00
149600100	-0001692938782,00	 0000000000000,00	 0000000000000,00	 0000000000000,00
149600101	-0001317925126,00	 0000000000000,00	 0000000000000,00	 0000000000000,00
149600102	-0000375013656,00	 0000000000000,00	 0000000000000,00	 0000000000000,00
149700100	-0003916417189,00	 0000000000000,00	 0000000000000,00	-0000005766911,00
149700101	-0002443671023,00	 0000000000000,00	 0000000000000,00	-0000005766911,00
149700102	-0001472746166,00	 0000000000000,00	 0000000000000,00	 0000000000000,00
150000000	 0000207916512,00	 0000000000000,00	 0000000000000,00	 0000051828583,00
150000100	 0000000000000,00	 0000000000000,00	 0000000000000,00	 0000000000000,00
150000200	 0000000000000,00	 0000000000000,00	 0000000000000,00	 0000000000000,00
150000201	 0000000000000,00	 0000000000000,00	 0000000000000,00	 0000000000000,00
150000202	 0000000000000,00	 0000000000000,00	 0000000000000,00	 0000000000000,00
150000300	 0000000000000,00	 0000000000000,00	 0000000000000,00	 0000000000000,00
150000400	 0000000000000,00	 0000000000000,00	 0000000000000,00	 0000000000000,00
150000500	 0000000000000,00	 0000000000000,00	 0000000000000,00	 0000000000000,00
150000600	 0000000000000,00	 0000000000000,00	 0000000000000,00	 0000000000000,00
150000700	 0000207916512,00	 0000000000000,00	 0000000000000,00	 0000051828583,00
150000800	 0000000000000,00	 0000000000000,00	 0000000000000,00	 0000000000000,00
160000000	 0003058926232,00	 0000000000000,00	 0000000000000,00	 0000000000000,00
160000100	 0000000000000,00	 0000000000000,00	 0000000000000,00	 0000000000000,00
160000200	 0000000000000,00	 0000000000000,00	 0000000000000,00	 0000000000000,00
160000201	 0000000000000,00	 0000000000000,00	 0000000000000,00	 0000000000000,00
160000202	 0000000000000,00	 0000000000000,00	 0000000000000,00	 0000000000000,00
160000203	 0000000000000,00	 0000000000000,00	 0000000000000,00	 0000000000000,00
160000204	 0000000000000,00	 0000000000000,00	 0000000000000,00	 0000000000000,00
160000205	 0000000000000,00	 0000000000000,00	 0000000000000,00	 0000000000000,00
160000206	 0000000000000,00	 0000000000000,00	 0000000000000,00	 0000000000000,00
160000207	 0000000000000,00	 0000000000000,00	 0000000000000,00	 0000000000000,00
160000208	 0000000000000,00	 0000000000000,00	 0000000000000,00	 0000000000000,00
160000209	 0000000000000,00	 0000000000000,00	 0000000000000,00	 0000000000000,00
160000219	 0000000000000,00	 0000000000000,00	 0000000000000,00	 0000000000000,00
160000300	 0003058926232,00	 0000000000000,00	 0000000000000,00	 0000000000000,00
160000301	 0008676246646,00	 0000000000000,00	 0000000000000,00	 0000000000000,00
160000302	 0000000000000,00	 0000000000000,00	 0000000000000,00	 0000000000000,00
160000303	 0000000000000,00	 0000000000000,00	 0000000000000,00	 0000000000000,00
160000309	 0000000000000,00	 0000000000000,00	 0000000000000,00	 0000000000000,00
160000319	-0005617320414,00	 0000000000000,00	 0000000000000,00	 0000000000000,00
170000000	 0006689595278,00	 0000000000000,00	 0000000000000,00	 0000000000000,00
170000100	 0004367973358,00	 0000000000000,00	 0000000000000,00	 0000000000000,00
170000101	 0005483142949,00	 0000000000000,00	 0000000000000,00	 0000000000000,00
170000102	 0000000000000,00	 0000000000000,00	 0000000000000,00	 0000000000000,00
170000119	-0001115169591,00	 0000000000000,00	 0000000000000,00	 0000000000000,00
170000200	 0002321621920,00	 0000000000000,00	 0000000000000,00	 0000000000000,00
170000201	 0004969709803,00	 0000000000000,00	 0000000000000,00	 0000000000000,00
170000209	 0006358863713,00	 0000000000000,00	 0000000000000,00	 0000000000000,00
170000219	-0009006951596,00	 0000000000000,00	 0000000000000,00	 0000000000000,00
175000000	 0002180446040,00	 0000000000000,00	 0000000000000,00	 0000000000000,00
175000100	 0002180446040,00	 0000000000000,00	 0000000000000,00	 0000000000000,00
175000101	 0005388619728,00	 0000000000000,00	 0000000000000,00	 0000000000000,00
175000102	 0000000000000,00	 0000000000000,00	 0000000000000,00	 0000000000000,00
175000119	-0003208173688,00	 0000000000000,00	 0000000000000,00	 0000000000000,00
175000200	 0000000000000,00	 0000000000000,00	 0000000000000,00	 0000000000000,00
175000201	 0000000000000,00	 0000000000000,00	 0000000000000,00	 0000000000000,00
175000219	 0000000000000,00	 0000000000000,00	 0000000000000,00	 0000000000000,00
175000300	 0000000000000,00	 0000000000000,00	 0000000000000,00	 0000000000000,00
175000301	 0000000000000,00	 0000000000000,00	 0000000000000,00	 0000000000000,00
175000309	 0000000000000,00	 0000000000000,00	 0000000000000,00	 0000000000000,00
175000319	 0000000000000,00	 0000000000000,00	 0000000000000,00	 0000000000000,00
175000400	 0000000000000,00	 0000000000000,00	 0000000000000,00	 0000000000000,00
175000401	 0000000000000,00	 0000000000000,00	 0000000000000,00	 0000000000000,00
175000409	 0000000000000,00	 0000000000000,00	 0000000000000,00	 0000000000000,00
175000419	 0000000000000,00	 0000000000000,00	 0000000000000,00	 0000000000000,00
180000000	 0015059540738,00	 0000000000000,00	 0000000000000,00	 0000000000000,00
185000000	 0082319454393,00	 0000000000000,00	 0000000000000,00	 0000000000000,00
190000000	 0101096220433,00	 0002177650298,00	 0000000000000,00	 0068602092281,00
190000100	 0002455815796,00	 0002177650298,00	 0000000000000,00	 0000000000000,00
190000101	 0002455815796,00	 0002177650298,00	 0000000000000,00	 0000000000000,00
190000102	 0000000000000,00	 0000000000000,00	 0000000000000,00	 0000000000000,00
190000103	 0000000000000,00	 0000000000000,00	 0000000000000,00	 0000000000000,00
190000200	 0015901225605,00	 0000000000000,00	 0000000000000,00	 0068074837515,00
190000201	 0000000000000,00	 0000000000000,00	 0000000000000,00	 0000000000000,00
190000202	 0000000000000,00	 0000000000000,00	 0000000000000,00	 0000000000000,00
190000203	 0015901225605,00	 0000000000000,00	 0000000000000,00	 0006305159582,00
190000204	 0000000000000,00	 0000000000000,00	 0000000000000,00	 0061769677933,00
190000300	 0066289977318,00	 0000000000000,00	 0000000000000,00	 0000000000000,00
190000301	 0000000000000,00	 0000000000000,00	 0000000000000,00	 0000000000000,00
190000302	 0066289977318,00	 0000000000000,00	 0000000000000,00	 0000000000000,00
190000303	 0000000000000,00	 0000000000000,00	 0000000000000,00	 0000000000000,00
190000400	 0000000000000,00	 0000000000000,00	 0000000000000,00	 0000000000000,00
190000401	 0000000000000,00	 0000000000000,00	 0000000000000,00	 0000000000000,00
190000402	 0000000000000,00	 0000000000000,00	 0000000000000,00	 0000000000000,00
190000500	 0007707112594,00	 0000000000000,00	 0000000000000,00	 0000020417453,00
190000501	 0000000000000,00	 0000000000000,00	 0000000000000,00	 0000000000000,00
190000502	 0000000000000,00	 0000000000000,00	 0000000000000,00	 0000000000000,00
190000503	 0002173592707,00	 0000000000000,00	 0000000000000,00	 0000000000000,00
190000504	 0000000000000,00	 0000000000000,00	 0000000000000,00	 0000000000000,00
190000505	 0000000000000,00	 0000000000000,00	 0000000000000,00	 0000007221444,00
190000509	 0005533519887,00	 0000000000000,00	 0000000000000,00	 0000013196009,00
190000600	 0000002725476,00	 0000000000000,00	 0000000000000,00	 0000000000000,00
190000700	 0000000000000,00	 0000000000000,00	 0000000000000,00	 0000000000000,00
190000701	 0000000000000,00	 0000000000000,00	 0000000000000,00	 0000000000000,00
190000702	 0000000000000,00	 0000000000000,00	 0000000000000,00	 0000000000000,00
190000800	 0007618672242,00	 0000000000000,00	 0000000000000,00	 0000000000000,00
190000900	 0000691794547,00	 0000000000000,00	 0000000000000,00	 0000000000000,00
190001000	 0000000000000,00	 0000000000000,00	 0000000000000,00	 0000000000000,00
190001100	 0000000000000,00	 0000000000000,00	 0000000000000,00	 0000000000000,00
190001200	 0000000000000,00	 0000000000000,00	 0000000000000,00	 0000000000000,00
190001300	 0000000000000,00	 0000000000000,00	 0000000000000,00	 0000000000000,00
190001400	 0000096298699,00	 0000000000000,00	 0000000000000,00	 0000492965000,00
190001500	 0000078969806,00	 0000000000000,00	 0000000000000,00	 0000006444603,00
190002900	 0000253628350,00	 0000000000000,00	 0000000000000,00	 0000007427710,00
192500100	 0000000000000,00	 0000000000000,00	 0000000000000,00	 0000000000000,00
192500101	 0000000000000,00	 0000000000000,00	 0000000000000,00	 0000000000000,00
192500102	 0000000000000,00	 0000000000000,00	 0000000000000,00	 0000000000000,00
192500103	 0000000000000,00	 0000000000000,00	 0000000000000,00	 0000000000000,00
195000000	 0000683722938,00	 0000000000000,00	 0000000000000,00	 0000000000000,00
195000100	 0000683722938,00	 0000000000000,00	 0000000000000,00	 0000000000000,00
195000101	 0000683722938,00	 0000000000000,00	 0000000000000,00	 0000000000000,00
195000102	 0000000000000,00	 0000000000000,00	 0000000000000,00	 0000000000000,00
195000103	 0000000000000,00	 0000000000000,00	 0000000000000,00	 0000000000000,00
195000200	 0000000000000,00	 0000000000000,00	 0000000000000,00	 0000000000000,00
195000201	 0000000000000,00	 0000000000000,00	 0000000000000,00	 0000000000000,00
195000202	 0000000000000,00	 0000000000000,00	 0000000000000,00	 0000000000000,00
195000203	 0000000000000,00	 0000000000000,00	 0000000000000,00	 0000000000000,00
195000204	 0000000000000,00	 0000000000000,00	 0000000000000,00	 0000000000000,00
195000219	 0000000000000,00	 0000000000000,00	 0000000000000,00	 0000000000000,00
195000300	 0000000000000,00	 0000000000000,00	 0000000000000,00	 0000000000000,00
200000000	 3620321472672,00	 2449706730654,00	 0000000000000,00	 1308770310518,00
207000000	 0045151695465,00	 0000000000000,00	 0000000000000,00	 0045884444597,00
207000100	 0000000000000,00	 0000000000000,00	 0000000000000,00	 0000000000000,00
207000101	 0000000000000,00	 0000000000000,00	 0000000000000,00	 0000000000000,00
207000102	 0000000000000,00	 0000000000000,00	 0000000000000,00	 0000000000000,00
207000200	 0000000000000,00	 0000000000000,00	 0000000000000,00	 0000000000000,00
207000300	 0045151695465,00	 0000000000000,00	 0000000000000,00	 0045884444597,00
207000301	 0044549003011,00	 0000000000000,00	 0000000000000,00	 0000000000000,00
207000309	 0000000000000,00	 0000000000000,00	 0000000000000,00	 0045884444597,00
207000311	 0000602692454,00	 0000000000000,00	 0000000000000,00	 0000000000000,00
207000319	 0000000000000,00	 0000000000000,00	 0000000000000,00	 0000000000000,00
210000000	 0137349813709,00	 0000000000000,00	 0000000000000,00	 0000000000000,00
211000100	 0137349813709,00	 0000000000000,00	 0000000000000,00	 0000000000000,00
211000101	 0061030665720,00	 0000000000000,00	 0000000000000,00	 0000000000000,00
211000102	 0065226286036,00	 0000000000000,00	 0000000000000,00	 0000000000000,00
211000103	 0000000000000,00	 0000000000000,00	 0000000000000,00	 0000000000000,00
211000104	 0000000000000,00	 0000000000000,00	 0000000000000,00	 0000000000000,00
211000105	 0000000000000,00	 0000000000000,00	 0000000000000,00	 0000000000000,00
211000190	 0011092861953,00	 0000000000000,00	 0000000000000,00	 0000000000000,00
213000100	 0000000000000,00	 0000000000000,00	 0000000000000,00	 0000000000000,00
213000101	 0000000000000,00	 0000000000000,00	 0000000000000,00	 0000000000000,00
213000102	 0000000000000,00	 0000000000000,00	 0000000000000,00	 0000000000000,00
213000103	 0000000000000,00	 0000000000000,00	 0000000000000,00	 0000000000000,00
213000109	 0000000000000,00	 0000000000000,00	 0000000000000,00	 0000000000000,00
218000000	 0000000000000,00	 0000000000000,00	 0000000000000,00	 0000000000000,00
218000001	 0000000000000,00	 0000000000000,00	 0000000000000,00	 0000000000000,00
218000002	 0000000000000,00	 0000000000000,00	 0000000000000,00	 0000000000000,00
218000003	 0000000000000,00	 0000000000000,00	 0000000000000,00	 0000000000000,00
218000009	 0000000000000,00	 0000000000000,00	 0000000000000,00	 0000000000000,00
230000000	 0010975859982,00	 0000001239938,00	 0000000000000,00	 0000000000000,00
230000100	 0010975859982,00	 0000001239938,00	 0000000000000,00	 0000000000000,00
230000101	 0008875016648,00	 0000000000000,00	 0000000000000,00	 0000000000000,00
230000102	 0002100843334,00	 0000001239938,00	 0000000000000,00	 0000000000000,00
230000103	 0000000000000,00	 0000000000000,00	 0000000000000,00	 0000000000000,00
230000104	 0000000000000,00	 0000000000000,00	 0000000000000,00	 0000000000000,00
230000105	 0000000000000,00	 0000000000000,00	 0000000000000,00	 0000000000000,00
230000190	 0000000000000,00	 0000000000000,00	 0000000000000,00	 0000000000000,00
240000000	 3280015175025,00	 2165682622137,00	 0000000000000,00	 1237438751126,00
241000000	 0145489808359,00	 0022639328071,00	 0000000000000,00	 0045382400501,00
241000100	 0055488846781,00	 0000000000000,00	 0000000000000,00	 0024842302526,00
241000101	 0000000000000,00	 0000000000000,00	 0000000000000,00	 0000000000000,00
241000102	 0000000000000,00	 0000000000000,00	 0000000000000,00	 0000000000000,00
241000103	 0044031367359,00	 0000000000000,00	 0000000000000,00	 0024842302526,00
241000104	 0011457479422,00	 0000000000000,00	 0000000000000,00	 0000000000000,00
241000200	 0068674623615,00	 0000000000000,00	 0000000000000,00	 0000000000000,00
241000201	 0000000000000,00	 0000000000000,00	 0000000000000,00	 0000000000000,00
241000202	 0068674623615,00	 0000000000000,00	 0000000000000,00	 0000000000000,00
241000300	 0007499354715,00	 0000000000000,00	 0000000000000,00	 0000000000000,00
241000301	 0007499354715,00	 0000000000000,00	 0000000000000,00	 0000000000000,00
241000400	 0000000000000,00	 0000000000000,00	 0000000000000,00	 0000000000000,00
241000401	 0000000000000,00	 0000000000000,00	 0000000000000,00	 0000000000000,00
241000402	 0000000000000,00	 0000000000000,00	 0000000000000,00	 0000000000000,00
241000500	 0013826983248,00	 0022639328071,00	 0000000000000,00	 0020540097975,00
241000501	 0000000000000,00	 0000000000000,00	 0000000000000,00	 0000000000000,00
241000502	 0000124195138,00	 0022628771273,00	 0000000000000,00	 0000000000000,00
241000503	 0001800571337,00	 0000000000000,00	 0000000000000,00	 0000000000000,00
241000504	 0000000000000,00	 0000000000000,00	 0000000000000,00	 0000000000000,00
241000505	 0001538269371,00	 0000000000000,00	 0000000000000,00	 0000000000000,00
241000506	 0000000073115,00	 0000000000000,00	 0000000000000,00	 0000000079735,00
241000507	 0000000000000,00	 0000000000000,00	 0000000000000,00	 0000000000000,00
241000508	 0000000000000,00	 0000000000000,00	 0000000000000,00	 0000000000000,00
241000509	 0000000000000,00	 0000000000000,00	 0000000000000,00	 0000000000000,00
241000510	 0000789311073,00	 0000000000000,00	 0000000000000,00	 0000147204858,00
241000511	 0006560949335,00	 0000000000000,00	 0000000000000,00	 0018421184436,00
241000512	 0000000000000,00	 0000000000000,00	 0000000000000,00	 0000000000000,00
241000513	 0000000000000,00	 0000000000000,00	 0000000000000,00	 0000000000000,00
241000590	 0003013613879,00	 0000010556798,00	 0000000000000,00	 0001971628946,00
242000000	 1995614796772,00	 0479920063288,00	 0000000000000,00	 0938608418866,00
242000100	 1877967931859,00	 0119248340208,00	 0000000000000,00	 0877711428627,00
242000200	 0000000000000,00	 0000000000000,00	 0000000000000,00	 0000000000000,00
242000201	 0000000000000,00	 0000000000000,00	 0000000000000,00	 0000000000000,00
242000202	 0000000000000,00	 0000000000000,00	 0000000000000,00	 0000000000000,00
242000300	 0117646864913,00	 0360671723080,00	 0000000000000,00	 0060896990239,00
242000301	 0000000000000,00	 0000000000000,00	 0000000000000,00	 0000000000000,00
242000302	 0000000000000,00	 0000000000000,00	 0000000000000,00	 0000000000000,00
242000390	 0117646864913,00	 0360671723080,00	 0000000000000,00	 0060896990239,00
243000000	 0199964752086,00	 0000000000000,00	 0000000000000,00	 0052170932334,00
243000100	 0000000000000,00	 0000000000000,00	 0000000000000,00	 0000000000000,00
243000101	 0000000000000,00	 0000000000000,00	 0000000000000,00	 0000000000000,00
243000102	 0000000000000,00	 0000000000000,00	 0000000000000,00	 0000000000000,00
243000103	 0000000000000,00	 0000000000000,00	 0000000000000,00	 0000000000000,00
243000200	 0000000000000,00	 0000000000000,00	 0000000000000,00	 0052170932334,00
243000201	 0000000000000,00	 0000000000000,00	 0000000000000,00	 0052170932334,00
243000202	 0000000000000,00	 0000000000000,00	 0000000000000,00	 0000000000000,00
243000203	 0000000000000,00	 0000000000000,00	 0000000000000,00	 0000000000000,00
243000300	 0199964752086,00	 0000000000000,00	 0000000000000,00	 0000000000000,00
243000301	 0199964752086,00	 0000000000000,00	 0000000000000,00	 0000000000000,00
243000302	 0000000000000,00	 0000000000000,00	 0000000000000,00	 0000000000000,00
243000400	 0000000000000,00	 0000000000000,00	 0000000000000,00	 0000000000000,00
243000401	 0000000000000,00	 0000000000000,00	 0000000000000,00	 0000000000000,00
243000402	 0000000000000,00	 0000000000000,00	 0000000000000,00	 0000000000000,00
244000000	 0908759262092,00	 0000000000000,00	 0000000000000,00	 0201274499877,00
244250000	 0015213783333,00	 0000000000000,00	 0000000000000,00	 0000000000000,00
244250100	 0000000000000,00	 0000000000000,00	 0000000000000,00	 0000000000000,00
244250101	 0000000000000,00	 0000000000000,00	 0000000000000,00	 0000000000000,00
244250102	 0000000000000,00	 0000000000000,00	 0000000000000,00	 0000000000000,00
244250103	 0000000000000,00	 0000000000000,00	 0000000000000,00	 0000000000000,00
244250200	 0015213783333,00	 0000000000000,00	 0000000000000,00	 0000000000000,00
244250201	 0015213783333,00	 0000000000000,00	 0000000000000,00	 0000000000000,00
244250202	 0000000000000,00	 0000000000000,00	 0000000000000,00	 0000000000000,00
244250203	 0000000000000,00	 0000000000000,00	 0000000000000,00	 0000000000000,00
244250204	 0000000000000,00	 0000000000000,00	 0000000000000,00	 0000000000000,00
244250209	 0000000000000,00	 0000000000000,00	 0000000000000,00	 0000000000000,00
244500000	 0000000000000,00	 0000000000000,00	 0000000000000,00	 0201274499877,00
244500100	 0000000000000,00	 0000000000000,00	 0000000000000,00	 0201264767861,00
244500101	 0000000000000,00	 0000000000000,00	 0000000000000,00	 0000000000000,00
244500102	 0000000000000,00	 0000000000000,00	 0000000000000,00	 0201264767861,00
244500103	 0000000000000,00	 0000000000000,00	 0000000000000,00	 0000000000000,00
244500200	 0000000000000,00	 0000000000000,00	 0000000000000,00	 0000009732016,00
244500201	 0000000000000,00	 0000000000000,00	 0000000000000,00	 0000000000000,00
244500202	 0000000000000,00	 0000000000000,00	 0000000000000,00	 0000000000000,00
244500203	 0000000000000,00	 0000000000000,00	 0000000000000,00	 0000009731989,00
244500204	 0000000000000,00	 0000000000000,00	 0000000000000,00	 0000000000000,00
244500209	 0000000000000,00	 0000000000000,00	 0000000000000,00	 0000000000027,00
244700000	 0893545478759,00	 0000000000000,00	 0000000000000,00	 0000000000000,00
244700100	 0893545478759,00	 0000000000000,00	 0000000000000,00	 0000000000000,00
244700200	 0000000000000,00	 0000000000000,00	 0000000000000,00	 0000000000000,00
244900000	 0000000000000,00	 0000000000000,00	 0000000000000,00	 0000000000000,00
244900100	 0000000000000,00	 0000000000000,00	 0000000000000,00	 0000000000000,00
244900200	 0000000000000,00	 0000000000000,00	 0000000000000,00	 0000000000000,00
245000000	 0029966304997,00	 1663123230778,00	 0000000000000,00	 0000000000000,00
245000100	 0000000000000,00	 0000000000000,00	 0000000000000,00	 0000000000000,00
245000101	 0000000000000,00	 0000000000000,00	 0000000000000,00	 0000000000000,00
245000102	 0000000000000,00	 0000000000000,00	 0000000000000,00	 0000000000000,00
245000200	 0029966304997,00	 1663123230778,00	 0000000000000,00	 0000000000000,00
245000201	 0029966304997,00	 1663123230778,00	 0000000000000,00	 0000000000000,00
245000203	 0000000000000,00	 0000000000000,00	 0000000000000,00	 0000000000000,00
246000000	 0000220250719,00	 0000000000000,00	 0000000000000,00	 0000002499548,00
246000100	 0000000000000,00	 0000000000000,00	 0000000000000,00	 0000000000000,00
246000101	 0000000000000,00	 0000000000000,00	 0000000000000,00	 0000000000000,00
246000102	 0000000000000,00	 0000000000000,00	 0000000000000,00	 0000000000000,00
246000200	 0000220250719,00	 0000000000000,00	 0000000000000,00	 0000002499548,00
246000201	 0000000000000,00	 0000000000000,00	 0000000000000,00	 0000000000000,00
246000202	 0000000000000,00	 0000000000000,00	 0000000000000,00	 0000000000000,00
246000203	 0000000000000,00	 0000000000000,00	 0000000000000,00	 0000000000000,00
246000204	 0000220250719,00	 0000000000000,00	 0000000000000,00	 0000002499548,00
246000205	 0000000000000,00	 0000000000000,00	 0000000000000,00	 0000000000000,00
246000206	 0000000000000,00	 0000000000000,00	 0000000000000,00	 0000000000000,00
246000207	 0000000000000,00	 0000000000000,00	 0000000000000,00	 0000000000000,00
246000208	 0000000000000,00	 0000000000000,00	 0000000000000,00	 0000000000000,00
246000290	 0000000000000,00	 0000000000000,00	 0000000000000,00	 0000000000000,00
246000300	 0000000000000,00	 0000000000000,00	 0000000000000,00	 0000000000000,00
246000301	 0000000000000,00	 0000000000000,00	 0000000000000,00	 0000000000000,00
246000302	 0000000000000,00	 0000000000000,00	 0000000000000,00	 0000000000000,00
246000303	 0000000000000,00	 0000000000000,00	 0000000000000,00	 0000000000000,00
246000304	 0000000000000,00	 0000000000000,00	 0000000000000,00	 0000000000000,00
246000305	 0000000000000,00	 0000000000000,00	 0000000000000,00	 0000000000000,00
246000390	 0000000000000,00	 0000000000000,00	 0000000000000,00	 0000000000000,00
250000000	 0000000000000,00	 0002022402296,00	 0000000000000,00	 0000000000000,00
255000000	 0000000000000,00	 0281771408908,00	 0000000000000,00	 0000000000000,00
255000100	 0000000000000,00	 0281771408908,00	 0000000000000,00	 0000000000000,00
255000101	 0000000000000,00	 0000000000000,00	 0000000000000,00	 0000000000000,00
255000102	 0000000000000,00	 0281771408908,00	 0000000000000,00	 0000000000000,00
255000200	 0000000000000,00	 0000000000000,00	 0000000000000,00	 0000000000000,00
255000300	 0000000000000,00	 0000000000000,00	 0000000000000,00	 0000000000000,00
260000000	 0005399323280,00	 0000000000000,00	 0000000000000,00	 0000000000000,00
260000100	 0005399323280,00	 0000000000000,00	 0000000000000,00	 0000000000000,00
260000101	 0003991164709,00	 0000000000000,00	 0000000000000,00	 0000000000000,00
260000102	 0000000000000,00	 0000000000000,00	 0000000000000,00	 0000000000000,00
260000103	 0000000000000,00	 0000000000000,00	 0000000000000,00	 0000000000000,00
260000104	 0000000000000,00	 0000000000000,00	 0000000000000,00	 0000000000000,00
260000105	 0000000000000,00	 0000000000000,00	 0000000000000,00	 0000000000000,00
260000106	 0000000000000,00	 0000000000000,00	 0000000000000,00	 0000000000000,00
260000107	 0000000000000,00	 0000000000000,00	 0000000000000,00	 0000000000000,00
260000109	 0001408158571,00	 0000000000000,00	 0000000000000,00	 0000000000000,00
260000200	 0000000000000,00	 0000000000000,00	 0000000000000,00	 0000000000000,00
260000300	 0000000000000,00	 0000000000000,00	 0000000000000,00	 0000000000000,00
260000400	 0000000000000,00	 0000000000000,00	 0000000000000,00	 0000000000000,00
260000500	 0000000000000,00	 0000000000000,00	 0000000000000,00	 0000000000000,00
260000600	 0000000000000,00	 0000000000000,00	 0000000000000,00	 0000000000000,00
260000900	 0000000000000,00	 0000000000000,00	 0000000000000,00	 0000000000000,00
265000000	 0022670865914,00	 0000000000000,00	 0000000000000,00	 0000000000000,00
265000100	 0022670865914,00	 0000000000000,00	 0000000000000,00	 0000000000000,00
265000101	 0022670865914,00	 0000000000000,00	 0000000000000,00	 0000000000000,00
265000102	 0000000000000,00	 0000000000000,00	 0000000000000,00	 0000000000000,00
265000200	 0000000000000,00	 0000000000000,00	 0000000000000,00	 0000000000000,00
265000300	 0000000000000,00	 0000000000000,00	 0000000000000,00	 0000000000000,00
270000000	 0015143364234,00	 0000000000000,00	 0000000000000,00	 0000366470611,00
271000000	 0001880364234,00	 0000000000000,00	 0000000000000,00	 0000366470611,00
271000100	 0000000000000,00	 0000000000000,00	 0000000000000,00	 0000000000000,00
271000200	 0000000000000,00	 0000000000000,00	 0000000000000,00	 0000079725795,00
271000400	 0001355068929,00	 0000000000000,00	 0000000000000,00	 0000191723742,00
271000500	 0000525295305,00	 0000000000000,00	 0000000000000,00	 0000095021074,00
271000501	 0000000000000,00	 0000000000000,00	 0000000000000,00	 0000000000000,00
271000502	 0000000000000,00	 0000000000000,00	 0000000000000,00	 0000000000000,00
271000503	 0000525295305,00	 0000000000000,00	 0000000000000,00	 0000095021074,00
271000504	 0000000000000,00	 0000000000000,00	 0000000000000,00	 0000000000000,00
271000505	 0000000000000,00	 0000000000000,00	 0000000000000,00	 0000000000000,00
271000600	 0000000000000,00	 0000000000000,00	 0000000000000,00	 0000000000000,00
271000601	 0000000000000,00	 0000000000000,00	 0000000000000,00	 0000000000000,00
271000602	 0000000000000,00	 0000000000000,00	 0000000000000,00	 0000000000000,00
271000700	 0000000000000,00	 0000000000000,00	 0000000000000,00	 0000000000000,00
271000701	 0000000000000,00	 0000000000000,00	 0000000000000,00	 0000000000000,00
271000702	 0000000000000,00	 0000000000000,00	 0000000000000,00	 0000000000000,00
271000703	 0000000000000,00	 0000000000000,00	 0000000000000,00	 0000000000000,00
271000704	 0000000000000,00	 0000000000000,00	 0000000000000,00	 0000000000000,00
271000705	 0000000000000,00	 0000000000000,00	 0000000000000,00	 0000000000000,00
271000800	 0000000000000,00	 0000000000000,00	 0000000000000,00	 0000000000000,00
271000900	 0000000000000,00	 0000000000000,00	 0000000000000,00	 0000000000000,00
272000000	 0000000000000,00	 0000000000000,00	 0000000000000,00	 0000000000000,00
273000000	 0000000000000,00	 0000000000000,00	 0000000000000,00	 0000000000000,00
274000000	 0013263000000,00	 0000000000000,00	 0000000000000,00	 0000000000000,00
274000100	 0013000000000,00	 0000000000000,00	 0000000000000,00	 0000000000000,00
274000200	 0000000000000,00	 0000000000000,00	 0000000000000,00	 0000000000000,00
274000300	 0000263000000,00	 0000000000000,00	 0000000000000,00	 0000000000000,00
275000000	 0000000000000,00	 0000000000000,00	 0000000000000,00	 0000000000000,00
275000100	 0000000000000,00	 0000000000000,00	 0000000000000,00	 0000000000000,00
275000200	 0000000000000,00	 0000000000000,00	 0000000000000,00	 0000000000000,00
275000300	 0000000000000,00	 0000000000000,00	 0000000000000,00	 0000000000000,00
275000400	 0000000000000,00	 0000000000000,00	 0000000000000,00	 0000000000000,00
275000500	 0000000000000,00	 0000000000000,00	 0000000000000,00	 0000000000000,00
275000600	 0000000000000,00	 0000000000000,00	 0000000000000,00	 0000000000000,00
279000000	 0000000000000,00	 0000000000000,00	 0000000000000,00	 0000000000000,00
279000100	 0000000000000,00	 0000000000000,00	 0000000000000,00	 0000000000000,00
279000200	 0000000000000,00	 0000000000000,00	 0000000000000,00	 0000000000000,00
279000300	 0000000000000,00	 0000000000000,00	 0000000000000,00	 0000000000000,00
280000000	 0000000000000,00	 0000000000000,00	 0000000000000,00	 0000000000000,00
285000000	 0000000000000,00	 0000000000000,00	 0000000000000,00	 0000000000000,00
290000000	 0103615375063,00	 0000229057375,00	 0000000000000,00	 0025080644184,00
290000100	 0000000000000,00	 0000000000000,00	 0000000000000,00	 0000000000000,00
290000101	 0000000000000,00	 0000000000000,00	 0000000000000,00	 0000000000000,00
290000102	 0000000000000,00	 0000000000000,00	 0000000000000,00	 0000000000000,00
290000103	 0000000000000,00	 0000000000000,00	 0000000000000,00	 0000000000000,00
290000104	 0000000000000,00	 0000000000000,00	 0000000000000,00	 0000000000000,00
290000200	 0064313194213,00	 0000000000000,00	 0000000000000,00	 0000000000000,00
290000201	 0000000000000,00	 0000000000000,00	 0000000000000,00	 0000000000000,00
290000202	 0064313194213,00	 0000000000000,00	 0000000000000,00	 0000000000000,00
290000203	 0000000000000,00	 0000000000000,00	 0000000000000,00	 0000000000000,00
290000300	 0035634479083,00	 0000229057375,00	 0000000000000,00	 0025055529460,00
290000301	 0000000000000,00	 0000000000000,00	 0000000000000,00	 0000000000000,00
290000302	 0000023045801,00	 0000000000000,00	 0000000000000,00	 0000000000000,00
290000303	 0000000000000,00	 0000000000000,00	 0000000000000,00	 0000000000000,00
290000304	 0000000000000,00	 0000000000000,00	 0000000000000,00	 0000000000000,00
290000305	 0003025638175,00	 0000000000000,00	 0000000000000,00	 0000593761653,00
290000306	 0000000000000,00	 0000000000000,00	 0000000000000,00	 0000000000000,00
290000307	 0003404061084,00	 0000229057375,00	 0000000000000,00	 0000001508831,00
290000308	 0004525010610,00	 0000000000000,00	 0000000000000,00	 0000000000000,00
290000309	 0000000000000,00	 0000000000000,00	 0000000000000,00	 0000000000000,00
290000390	 0024656723413,00	 0000000000000,00	 0000000000000,00	 0024460258976,00
290000400	 0000013467980,00	 0000000000000,00	 0000000000000,00	 0000000000000,00
290000500	 0000000000000,00	 0000000000000,00	 0000000000000,00	 0000000000000,00
290000501	 0000000000000,00	 0000000000000,00	 0000000000000,00	 0000000000000,00
290000502	 0000000000000,00	 0000000000000,00	 0000000000000,00	 0000000000000,00
290000700	 0000032346542,00	 0000000000000,00	 0000000000000,00	 0000000000000,00
290000800	 0000000000000,00	 0000000000000,00	 0000000000000,00	 0000000000000,00
290000801	 0000000000000,00	 0000000000000,00	 0000000000000,00	 0000000000000,00
290000802	 0000000000000,00	 0000000000000,00	 0000000000000,00	 0000000000000,00
290000803	 0000000000000,00	 0000000000000,00	 0000000000000,00	 0000000000000,00
290000809	 0000000000000,00	 0000000000000,00	 0000000000000,00	 0000000000000,00
290000900	 0002801825036,00	 0000000000000,00	 0000000000000,00	 0000000000000,00
290001000	 0000000000000,00	 0000000000000,00	 0000000000000,00	 0000000000000,00
290001100	 0000038700085,00	 0000000000000,00	 0000000000000,00	 0000000000627,00
290001200	 0000781362124,00	 0000000000000,00	 0000000000000,00	 0000025114097,00
295000000	 0000000000000,00	 0000000000000,00	 0000000000000,00	 0000000000000,00
300000000	 0562581524777,00	 0110665294441,00	 0000000000000,00	-0036701471802,00
310000000	 0495572047794,00	 0000000000000,00	 0000000000000,00	 0000000000000,00
311000000	 0495572047794,00	 0000000000000,00	 0000000000000,00	 0000000000000,00
311000100	 0495572047794,00	 0000000000000,00	 0000000000000,00	 0000000000000,00
311000200	 0000000000000,00	 0000000000000,00	 0000000000000,00	 0000000000000,00
311000300	 0000000000000,00	 0000000000000,00	 0000000000000,00	 0000000000000,00
311000400	 0000000000000,00	 0000000000000,00	 0000000000000,00	 0000000000000,00
311000500	 0000000000000,00	 0000000000000,00	 0000000000000,00	 0000000000000,00
311000600	 0000000000000,00	 0000000000000,00	 0000000000000,00	 0000000000000,00
312000000	 0000000000000,00	 0000000000000,00	 0000000000000,00	 0000000000000,00
313000000	 0000000000000,00	 0000000000000,00	 0000000000000,00	 0000000000000,00
320000000	-0018929921793,00	 0000000000000,00	 0000000000000,00	 0000000000000,00
320000100	-0018929921793,00	 0000000000000,00	 0000000000000,00	 0000000000000,00
320000200	 0000000000000,00	 0000000000000,00	 0000000000000,00	 0000000000000,00
320000300	 0000000000000,00	 0000000000000,00	 0000000000000,00	 0000000000000,00
320000400	 0000000000000,00	 0000000000000,00	 0000000000000,00	 0000000000000,00
330000000	-0029260697819,00	 0000000000000,00	 0000000000000,00	 0000000000000,00
331000000	-0000113331038,00	 0000000000000,00	 0000000000000,00	 0000000000000,00
331000100	-0000113331038,00	 0000000000000,00	 0000000000000,00	 0000000000000,00
331000200	 0000000000000,00	 0000000000000,00	 0000000000000,00	 0000000000000,00
331000201	 0000000000000,00	 0000000000000,00	 0000000000000,00	 0000000000000,00
331000202	 0000000000000,00	 0000000000000,00	 0000000000000,00	 0000000000000,00
331000203	 0000000000000,00	 0000000000000,00	 0000000000000,00	 0000000000000,00
331000209	 0000000000000,00	 0000000000000,00	 0000000000000,00	 0000000000000,00
331000300	 0000000000000,00	 0000000000000,00	 0000000000000,00	 0000000000000,00
331000400	 0000000000000,00	 0000000000000,00	 0000000000000,00	 0000000000000,00
331000500	 0000000000000,00	 0000000000000,00	 0000000000000,00	 0000000000000,00
331000900	 0000000000000,00	 0000000000000,00	 0000000000000,00	 0000000000000,00
332000000	-0029147366781,00	 0000000000000,00	 0000000000000,00	 0000000000000,00
332000100	-0034194653280,00	 0000000000000,00	 0000000000000,00	 0000000000000,00
332000200	 0000000000000,00	 0000000000000,00	 0000000000000,00	 0000000000000,00
332000300	 0000000000000,00	 0000000000000,00	 0000000000000,00	 0000000000000,00
332000400	 0005047286499,00	 0000000000000,00	 0000000000000,00	 0000000000000,00
332000500	 0000000000000,00	 0000000000000,00	 0000000000000,00	 0000000000000,00
332000600	 0000000000000,00	 0000000000000,00	 0000000000000,00	 0000000000000,00
332000700	 0000000000000,00	 0000000000000,00	 0000000000000,00	 0000000000000,00
332000900	 0000000000000,00	 0000000000000,00	 0000000000000,00	 0000000000000,00
340000000	 0136265232100,00	 0000000000000,00	 0000000000000,00	 0000000000000,00
340000100	 0136265232103,00	 0000000000000,00	 0000000000000,00	 0000000000000,00
340000200	-0000000000003,00	 0000000000000,00	 0000000000000,00	 0000000000000,00
350000000	 0001605730409,00	 0110665294441,00	 0000000000000,00	-0036701471802,00
360000000	-0022670865914,00	 0000000000000,00	 0000000000000,00	 0000000000000,00
360000100	-0022670865914,00	 0000000000000,00	 0000000000000,00	 0000000000000,00
360000101	-0022670865914,00	 0000000000000,00	 0000000000000,00	 0000000000000,00
360000102	 0000000000000,00	 0000000000000,00	 0000000000000,00	 0000000000000,00
360000200	 0000000000000,00	 0000000000000,00	 0000000000000,00	 0000000000000,00
360000300	 0000000000000,00	 0000000000000,00	 0000000000000,00	 0000000000000,00
365000000	 0000000000000,00	 0000000000000,00	 0000000000000,00	 0000000000000,00
380000000	 0562581524777,00	 0110665294441,00	 0000000000000,00	-0036701471802,00
390000000	 0000000000000,00	 0000000000000,00	 0000000000000,00	 0000000000000,00
500000000	 1221582864427,00	 2947447987069,00	 0000000000000,00	 0583464866868,00
505000000	 1221582864427,00	 2947447987069,00	 0000000000000,00	 0583464866868,00
510000000	 4182902997449,00	 2560372025095,00	 0000000000000,00	 1272068838716,00
