037	BANCO SANTANDER-CHILE
1000000	 0000017153241,00	 0000016600627,00	 0000000123244,00	 0000004148544,00
1100000	 0000001305827,00	 0000000000000,00	 0000000000000,00	 0000000474252,00
1100100	 0000000578098,00	 0000000000000,00	 0000000000000,00	 0000000113516,00
1100200	 0000000727587,00	 0000000000000,00	 0000000000000,00	 0000000000803,00
1100300	 0000000000142,00	 0000000000000,00	 0000000000000,00	 0000000000000,00
1100400	 0000000000000,00	 0000000000000,00	 0000000000000,00	 0000000359933,00
1130000	 0000000429427,00	 0000000000000,00	 0000000000000,00	 0000000134818,00
1130100	 0000000165482,00	 0000000000000,00	 0000000000000,00	 0000000014522,00
1130200	 0000000263945,00	 0000000000000,00	 0000000000000,00	 0000000120296,00
1150000	 0000000130247,00	 0000000145774,00	 0000000000000,00	 0000000115992,00
1150100	 0000000123880,00	 0000000120498,00	 0000000000000,00	 0000000000000,00
1150200	 0000000000000,00	 0000000025276,00	 0000000000000,00	 0000000000000,00
1150300	 0000000000000,00	 0000000000000,00	 0000000000000,00	 0000000115992,00
1150400	 0000000006367,00	 0000000000000,00	 0000000000000,00	 0000000000000,00
1160000	 0000000000000,00	 0000000000000,00	 0000000000000,00	 0000000000000,00
1160100	 0000000000000,00	 0000000000000,00	 0000000000000,00	 0000000000000,00
1160200	 0000000000000,00	 0000000000000,00	 0000000000000,00	 0000000000000,00
1250000	 0000002230448,00	 0000000000000,00	 0000000000000,00	 0000000000000,00
1250100	 0000002152008,00	 0000000000000,00	 0000000000000,00	 0000000000000,00
1250200	 0000000078440,00	 0000000000000,00	 0000000000000,00	 0000000000000,00
1270000	 0000000000000,00	 0000000000000,00	 0000000000000,00	 0000000014307,00
1270100	 0000000000000,00	 0000000000000,00	 0000000000000,00	 0000000000000,00
1270112	 0000000000000,00	 0000000000000,00	 0000000000000,00	 0000000000000,00
1270113	 0000000000000,00	 0000000000000,00	 0000000000000,00	 0000000000000,00
1270116	 0000000000000,00	 0000000000000,00	 0000000000000,00	 0000000000000,00
1270117	 0000000000000,00	 0000000000000,00	 0000000000000,00	 0000000000000,00
1270118	 0000000000000,00	 0000000000000,00	 0000000000000,00	 0000000000000,00
1270190	 0000000000000,00	 0000000000000,00	 0000000000000,00	 0000000000000,00
1270200	 0000000000000,00	 0000000000000,00	 0000000000000,00	 0000000014307,00
1270202	 0000000000000,00	 0000000000000,00	 0000000000000,00	 0000000000000,00
1270203	 0000000000000,00	 0000000000000,00	 0000000000000,00	 0000000000000,00
1270206	 0000000000000,00	 0000000000000,00	 0000000000000,00	 0000000014335,00
1270207	 0000000000000,00	 0000000000000,00	 0000000000000,00	 0000000000000,00
1270208	 0000000000000,00	 0000000000000,00	 0000000000000,00	 0000000000000,00
1270290	 0000000000000,00	 0000000000000,00	 0000000000000,00	-0000000000028,00
1270300	 0000000000000,00	 0000000000000,00	 0000000000000,00	 0000000000000,00
1300000	 0000010457559,00	 0000015563485,00	 0000000120857,00	 0000003011426,00
1302000	 0000006662984,00	 0000005729691,00	 0000000120857,00	 0000002942718,00
1302100	 0000005307271,00	 0000004695696,00	 0000000000000,00	 0000001239738,00
1302101	 0000005306777,00	 0000004693223,00	 0000000000000,00	 0000001239738,00
1302102	 0000000000000,00	 0000000000000,00	 0000000000000,00	 0000000000000,00
1302170	 0000000000000,00	 0000000002124,00	 0000000000000,00	 0000000000000,00
1302180	 0000000000494,00	 0000000000349,00	 0000000000000,00	 0000000000000,00
1302200	 0000000249734,00	 0000000003120,00	 0000000000029,00	 0000001547198,00
1302201	 0000000000000,00	 0000000000000,00	 0000000000000,00	 0000000008445,00
1302202	 0000000106884,00	 0000000002933,00	 0000000000000,00	 0000000732550,00
1302241	 0000000002056,00	 0000000000000,00	 0000000000029,00	 0000000229294,00
1302242	 0000000140794,00	 0000000000187,00	 0000000000000,00	 0000000563802,00
1302281	 0000000000000,00	 0000000000000,00	 0000000000000,00	 0000000013107,00
1302282	 0000000000000,00	 0000000000000,00	 0000000000000,00	 0000000000000,00
1302300	 0000000224045,00	 0000000000000,00	 0000000000000,00	 0000000004335,00
1302500	 0000000307001,00	 0000000010937,00	 0000000000000,00	 0000000145915,00
1302600	 0000000000000,00	 0000000083674,00	 0000000000000,00	 0000000000000,00
1302601	 0000000000000,00	 0000000043019,00	 0000000000000,00	 0000000000000,00
1302602	 0000000000000,00	 0000000000001,00	 0000000000000,00	 0000000000000,00
1302604	 0000000000000,00	 0000000040654,00	 0000000000000,00	 0000000000000,00
1302800	 0000000428200,00	 0000000927519,00	 0000000120535,00	 0000000000000,00
1302900	 0000000146733,00	 0000000008745,00	 0000000000293,00	 0000000005532,00
1304000	 0000000003197,00	 0000009814394,00	 0000000000000,00	 0000000000000,00
1304100	 0000000000000,00	 0000000018986,00	 0000000000000,00	 0000000000000,00
1304101	 0000000000000,00	 0000000018986,00	 0000000000000,00	 0000000000000,00
1304102	 0000000000000,00	 0000000000000,00	 0000000000000,00	 0000000000000,00
1304200	 0000000000000,00	 0000000013733,00	 0000000000000,00	 0000000000000,00
1304400	 0000000000000,00	 0000000096673,00	 0000000000000,00	 0000000000000,00
1304500	 0000000003145,00	 0000009683072,00	 0000000000000,00	 0000000000000,00
1304600	 0000000000000,00	 0000000000000,00	 0000000000000,00	 0000000000000,00
1304800	 0000000000000,00	 0000000000000,00	 0000000000000,00	 0000000000000,00
1304900	 0000000000052,00	 0000000001930,00	 0000000000000,00	 0000000000000,00
1305000	 0000004596235,00	 0000000019400,00	 0000000000000,00	 0000000068708,00
1305100	 0000003064201,00	 0000000018428,00	 0000000000000,00	 0000000000000,00
1305300	 0000000264777,00	 0000000000000,00	 0000000000000,00	 0000000000002,00
1305400	 0000001263460,00	 0000000000000,00	 0000000000000,00	 0000000068706,00
1305800	 0000000003181,00	 0000000000972,00	 0000000000000,00	 0000000000000,00
1305900	 0000000000616,00	 0000000000000,00	 0000000000000,00	 0000000000000,00
1309000	-0000000804857,00	 0000000000000,00	 0000000000000,00	 0000000000000,00
1309100	-0000000473536,00	 0000000000000,00	 0000000000000,00	 0000000000000,00
1309200	-0000000066304,00	 0000000000000,00	 0000000000000,00	 0000000000000,00
1309300	-0000000265017,00	 0000000000000,00	 0000000000000,00	 0000000000000,00
1350000	 0000001392542,00	 0000000877049,00	 0000000000000,00	 0000000226032,00
1350100	 0000001388166,00	 0000000791424,00	 0000000000000,00	 0000000000000,00
1350200	 0000000004376,00	 0000000019980,00	 0000000000000,00	 0000000000000,00
1350300	 0000000000000,00	 0000000065645,00	 0000000000000,00	 0000000226032,00
1360000	 0000000000000,00	 0000000000000,00	 0000000000000,00	 0000000000000,00
1360100	 0000000000000,00	 0000000000000,00	 0000000000000,00	 0000000000000,00
1360200	 0000000000000,00	 0000000000000,00	 0000000000000,00	 0000000000000,00
1360300	 0000000000000,00	 0000000000000,00	 0000000000000,00	 0000000000000,00
1400000	 0000000032498,00	 0000000000000,00	 0000000000000,00	 0000000000000,00
1400100	 0000000032196,00	 0000000000000,00	 0000000000000,00	 0000000000000,00
1400101	 0000000000000,00	 0000000000000,00	 0000000000000,00	 0000000000000,00
1400103	 0000000032196,00	 0000000000000,00	 0000000000000,00	 0000000000000,00
1400200	 0000000000302,00	 0000000000000,00	 0000000000000,00	 0000000000000,00
1500000	 0000000059748,00	 0000000000000,00	 0000000000000,00	 0000000000000,00
1500100	 0000000000000,00	 0000000000000,00	 0000000000000,00	 0000000000000,00
1500200	 0000000059748,00	 0000000000000,00	 0000000000000,00	 0000000000000,00
1600000	 0000000240002,00	 0000000000000,00	 0000000000000,00	 0000000000000,00
1600100	 0000000168069,00	 0000000000000,00	 0000000000000,00	 0000000000000,00
1600200	 0000000071933,00	 0000000000000,00	 0000000000000,00	 0000000000000,00
1700000	 0000000018149,00	 0000000000000,00	 0000000000000,00	 0000000000000,00
1750000	 0000000388289,00	 0000000000000,00	 0000000000000,00	 0000000000000,00
1800000	 0000000468505,00	 0000000014319,00	 0000000002387,00	 0000000171717,00
1800100	 0000000017016,00	 0000000012672,00	 0000000002323,00	 0000000000309,00
1800200	 0000000033991,00	 0000000000000,00	 0000000000000,00	 0000000000000,00
1800900	 0000000417498,00	 0000000001647,00	 0000000000064,00	 0000000171408,00
2000000	 0000021532695,00	 0000006769399,00	 0000000000924,00	 0000006593157,00
2100000	 0000006573148,00	 0000000459481,00	 0000000000015,00	 0000000951599,00
2100100	 0000005396056,00	 0000000000000,00	 0000000000000,00	 0000000807810,00
2100109	 0000003394451,00	 0000000000000,00	 0000000000000,00	 0000000716850,00
2100110	 0000001997759,00	 0000000000000,00	 0000000000000,00	 0000000089500,00
2100200	 0000000614492,00	 0000000000000,00	 0000000000000,00	 0000000000000,00
2100300	 0000000562600,00	 0000000459481,00	 0000000000015,00	 0000000143789,00
2130000	 0000000173050,00	 0000000000000,00	 0000000000000,00	 0000000282318,00
2160000	 0000000047172,00	 0000000000000,00	 0000000000000,00	 0000000132829,00
2160100	 0000000000000,00	 0000000000000,00	 0000000000000,00	 0000000000000,00
2160200	 0000000047172,00	 0000000000000,00	 0000000000000,00	 0000000132829,00
2200000	 0000010478035,00	 0000001333719,00	 0000000000000,00	 0000000965611,00
2200100	 0000010473683,00	 0000001214710,00	 0000000000000,00	 0000000965559,00
2200200	 0000000001865,00	 0000000116941,00	 0000000000000,00	 0000000000000,00
2200900	 0000000002487,00	 0000000002068,00	 0000000000000,00	 0000000000052,00
2250000	 0000002086532,00	 0000000000000,00	 0000000000000,00	 0000000000000,00
2250100	 0000001914748,00	 0000000000000,00	 0000000000000,00	 0000000000000,00
2250200	 0000000171784,00	 0000000000000,00	 0000000000000,00	 0000000000000,00
2300000	 0000000000053,00	 0000000000004,00	 0000000000000,00	 0000001793131,00
2301000	 0000000000000,00	 0000000000000,00	 0000000000000,00	 0000000000000,00
2301001	 0000000000000,00	 0000000000000,00	 0000000000000,00	 0000000000000,00
2302000	 0000000000053,00	 0000000000000,00	 0000000000000,00	 0000001793131,00
2302100	 0000000000053,00	 0000000000000,00	 0000000000000,00	 0000001139507,00
2302200	 0000000000000,00	 0000000000000,00	 0000000000000,00	 0000000653624,00
2303000	 0000000000000,00	 0000000000004,00	 0000000000000,00	 0000000000000,00
2303100	 0000000000000,00	 0000000000000,00	 0000000000000,00	 0000000000000,00
2303900	 0000000000000,00	 0000000000004,00	 0000000000000,00	 0000000000000,00
2400000	 0000001217557,00	 0000004929833,00	 0000000000000,00	 0000002039328,00
2401000	 0000000000000,00	 0000000027604,00	 0000000000000,00	 0000000000000,00
2402000	 0000001217557,00	 0000004902229,00	 0000000000000,00	 0000002039328,00
2402100	 0000001217557,00	 0000004018231,00	 0000000000000,00	 0000002039328,00
2402200	 0000000000000,00	 0000000788987,00	 0000000000000,00	 0000000000000,00
2402300	 0000000000000,00	 0000000095011,00	 0000000000000,00	 0000000000000,00
2500000	 0000000227933,00	 0000000001755,00	 0000000000842,00	 0000000010372,00
2500100	 0000000056710,00	 0000000001755,00	 0000000000842,00	 0000000000000,00
2500200	 0000000167800,00	 0000000000000,00	 0000000000000,00	 0000000000000,00
2500300	 0000000003423,00	 0000000000000,00	 0000000000000,00	 0000000010372,00
2600000	 0000000000000,00	 0000000000000,00	 0000000000000,00	 0000000000000,00
2650000	 0000000033037,00	 0000000000000,00	 0000000000000,00	 0000000000000,00
2700000	 0000000275750,00	 0000000000000,00	 0000000000000,00	 0000000000000,00
2700100	 0000000086114,00	 0000000000000,00	 0000000000000,00	 0000000000000,00
2700200	 0000000130577,00	 0000000000000,00	 0000000000000,00	 0000000000000,00
2700300	 0000000029322,00	 0000000000000,00	 0000000000000,00	 0000000000000,00
2700400	 0000000029737,00	 0000000000000,00	 0000000000000,00	 0000000000000,00
2700401	 0000000000680,00	 0000000000000,00	 0000000000000,00	 0000000000000,00
2700402	 0000000000000,00	 0000000000000,00	 0000000000000,00	 0000000000000,00
2700411	 0000000000000,00	 0000000000000,00	 0000000000000,00	 0000000000000,00
2700412	 0000000000000,00	 0000000000000,00	 0000000000000,00	 0000000000000,00
2700413	 0000000020000,00	 0000000000000,00	 0000000000000,00	 0000000000000,00
2700421	 0000000000000,00	 0000000000000,00	 0000000000000,00	 0000000000000,00
2700422	 0000000000000,00	 0000000000000,00	 0000000000000,00	 0000000000000,00
2700423	 0000000000000,00	 0000000000000,00	 0000000000000,00	 0000000000000,00
2700490	 0000000009057,00	 0000000000000,00	 0000000000000,00	 0000000000000,00
2800000	 0000000420428,00	 0000000044607,00	 0000000000067,00	 0000000417969,00
3000000	 0000002619354,00	 0000000498432,00	 0000000011189,00	 0000000000506,00
3101000	 0000000891303,00	 0000000000000,00	 0000000000000,00	 0000000000000,00
3102000	 0000001923022,00	 0000000000000,00	 0000000000000,00	 0000000000000,00
3103000	-0000000033231,00	 0000000000000,00	 0000000000000,00	 0000000000000,00
3104000	-0000000205446,00	 0000000498432,00	 0000000011189,00	 0000000000506,00
3104100	 0000000000000,00	 0000000000000,00	 0000000000000,00	 0000000000000,00
3104200	-0000000074869,00	 0000000498432,00	 0000000011189,00	 0000000000506,00
3104300	-0000000130577,00	 0000000000000,00	 0000000000000,00	 0000000000000,00
3200000	 0000000043706,00	 0000000000000,00	 0000000000000,00	 0000000000000,00
5001000	 0000002575648,00	 0000000498432,00	 0000000011189,00	 0000000000506,00
5002000	 0000024152049,00	 0000007267831,00	 0000000012113,00	 0000006593663,00
5100000	 0000011262416,00	 0000015563485,00	 0000000120857,00	 0000003011426,00
