504	BANCO BILBAO VIZCAYA ARGENTARIA, CHILE.                                 
1000000	 0000003658067,00	 0000002938384,00	 0000000024019,00	 0000001131362,00
1100000	 0000000076414,00	 0000000000000,00	 0000000000000,00	 0000000104117,00
1100100	 0000000072065,00	 0000000000000,00	 0000000000000,00	 0000000007921,00
1100200	 0000000004060,00	 0000000000000,00	 0000000000000,00	 0000000056674,00
1100300	 0000000000289,00	 0000000000000,00	 0000000000000,00	 0000000000000,00
1100400	 0000000000000,00	 0000000000000,00	 0000000000000,00	 0000000039522,00
1130000	 0000000074611,00	 0000000000000,00	 0000000000000,00	 0000000074752,00
1130100	 0000000044646,00	 0000000000000,00	 0000000000000,00	 0000000041386,00
1130200	 0000000029965,00	 0000000000000,00	 0000000000000,00	 0000000033366,00
1150000	 0000000457485,00	 0000000151303,00	 0000000000000,00	 0000000000000,00
1150100	 0000000292356,00	 0000000129369,00	 0000000000000,00	 0000000000000,00
1150200	 0000000139813,00	 0000000021934,00	 0000000000000,00	 0000000000000,00
1150300	 0000000000000,00	 0000000000000,00	 0000000000000,00	 0000000000000,00
1150400	 0000000025316,00	 0000000000000,00	 0000000000000,00	 0000000000000,00
1160000	 0000000000000,00	 0000000000000,00	 0000000000000,00	 0000000000000,00
1160100	 0000000000000,00	 0000000000000,00	 0000000000000,00	 0000000000000,00
1160200	 0000000000000,00	 0000000000000,00	 0000000000000,00	 0000000000000,00
1250000	 0000000972518,00	 0000000000000,00	 0000000000000,00	 0000000000000,00
1250100	 0000000923307,00	 0000000000000,00	 0000000000000,00	 0000000000000,00
1250200	 0000000049211,00	 0000000000000,00	 0000000000000,00	 0000000000000,00
1270000	 0000000042000,00	 0000000000000,00	 0000000000000,00	 0000000068328,00
1270100	 0000000042000,00	 0000000000000,00	 0000000000000,00	 0000000000000,00
1270101	 0000000042000,00	 0000000000000,00	 0000000000000,00	 0000000000000,00
1270111	 0000000000000,00	 0000000000000,00	 0000000000000,00	 0000000000000,00
1270190	 0000000000000,00	 0000000000000,00	 0000000000000,00	 0000000000000,00
1270200	 0000000000000,00	 0000000000000,00	 0000000000000,00	 0000000068328,00
1270201	 0000000000000,00	 0000000000000,00	 0000000000000,00	 0000000000000,00
1270290	 0000000000000,00	 0000000000000,00	 0000000000000,00	-0000000000204,00
1300000	 0000001765260,00	 0000002630634,00	 0000000024019,00	 0000000780153,00
1302000	 0000001346982,00	 0000001237594,00	 0000000024019,00	 0000000779693,00
1302100	 0000001103053,00	 0000001052966,00	 0000000000208,00	 0000000189178,00
1302101	 0000001102985,00	 0000001000219,00	 0000000000208,00	 0000000164047,00
1302102	 0000000000068,00	 0000000000000,00	 0000000000000,00	 0000000025131,00
1302170	 0000000000000,00	 0000000042296,00	 0000000000000,00	 0000000000000,00
1302180	 0000000000000,00	 0000000010451,00	 0000000000000,00	 0000000000000,00
1302200	 0000000043944,00	 0000000004779,00	 0000000000015,00	 0000000558767,00
1302202	 0000000043944,00	 0000000004779,00	 0000000000000,00	 0000000413509,00
1302300	 0000000026771,00	 0000000000000,00	 0000000000000,00	 0000000000000,00
1302500	 0000000128982,00	 0000000062666,00	 0000000000000,00	 0000000031712,00
1302800	 0000000043420,00	 0000000117015,00	 0000000023703,00	 0000000000000,00
1302900	 0000000000812,00	 0000000000168,00	 0000000000093,00	 0000000000036,00
1304000	 0000000028254,00	 0000001343397,00	 0000000000000,00	 0000000000000,00
1304100	 0000000000000,00	 0000000053624,00	 0000000000000,00	 0000000000000,00
1304101	 0000000000000,00	 0000000053624,00	 0000000000000,00	 0000000000000,00
1304102	 0000000000000,00	 0000000000000,00	 0000000000000,00	 0000000000000,00
1304200	 0000000000000,00	 0000000059625,00	 0000000000000,00	 0000000000000,00
1304300	 0000000003713,00	 0000001228475,00	 0000000000000,00	 0000000000000,00
1304800	 0000000024148,00	 0000000000000,00	 0000000000000,00	 0000000000000,00
1304900	 0000000000393,00	 0000000001673,00	 0000000000000,00	 0000000000000,00
1305000	 0000000452375,00	 0000000049643,00	 0000000000000,00	 0000000000460,00
1305100	 0000000391028,00	 0000000049612,00	 0000000000000,00	 0000000000000,00
1305300	 0000000023718,00	 0000000000000,00	 0000000000000,00	 0000000000000,00
1305400	 0000000037244,00	 0000000000000,00	 0000000000000,00	 0000000000460,00
1305800	 0000000000004,00	 0000000000031,00	 0000000000000,00	 0000000000000,00
1305900	 0000000000381,00	 0000000000000,00	 0000000000000,00	 0000000000000,00
1309000	-0000000062351,00	 0000000000000,00	 0000000000000,00	 0000000000000,00
1309001	-0000000034314,00	 0000000000000,00	 0000000000000,00	 0000000000000,00
1309002	-0000000007542,00	 0000000000000,00	 0000000000000,00	 0000000000000,00
1309003	-0000000020495,00	 0000000000000,00	 0000000000000,00	 0000000000000,00
1350000	 0000000132808,00	 0000000054419,00	 0000000000000,00	 0000000000000,00
1350100	 0000000072530,00	 0000000046679,00	 0000000000000,00	 0000000000000,00
1350200	 0000000060278,00	 0000000007740,00	 0000000000000,00	 0000000000000,00
1350300	 0000000000000,00	 0000000000000,00	 0000000000000,00	 0000000000000,00
1360000	 0000000000000,00	 0000000000000,00	 0000000000000,00	 0000000000000,00
1360100	 0000000000000,00	 0000000000000,00	 0000000000000,00	 0000000000000,00
1360200	 0000000000000,00	 0000000000000,00	 0000000000000,00	 0000000000000,00
1360300	 0000000000000,00	 0000000000000,00	 0000000000000,00	 0000000000000,00
1400000	 0000000000000,00	 0000000001836,00	 0000000000000,00	 0000000000010,00
1400100	 0000000000000,00	 0000000000000,00	 0000000000000,00	 0000000000000,00
1400101	 0000000000000,00	 0000000000000,00	 0000000000000,00	 0000000000000,00
1400103	 0000000000000,00	 0000000000000,00	 0000000000000,00	 0000000000000,00
1400200	 0000000000000,00	 0000000001836,00	 0000000000000,00	 0000000000010,00
1500000	 0000000019293,00	 0000000000005,00	 0000000000000,00	 0000000000000,00
1500100	 0000000000137,00	 0000000000000,00	 0000000000000,00	 0000000000000,00
1500200	 0000000019156,00	 0000000000005,00	 0000000000000,00	 0000000000000,00
1600000	 0000000000006,00	 0000000063263,00	 0000000000000,00	 0000000000000,00
1600100	 0000000000000,00	 0000000052486,00	 0000000000000,00	 0000000000000,00
1600200	 0000000000006,00	 0000000010777,00	 0000000000000,00	 0000000000000,00
1700000	 0000000000000,00	 0000000007352,00	 0000000000000,00	 0000000000000,00
1750000	 0000000081492,00	 0000000000000,00	 0000000000000,00	 0000000000000,00
1800000	 0000000036180,00	 0000000029572,00	 0000000000000,00	 0000000104002,00
1800100	 0000000002224,00	 0000000000000,00	 0000000000000,00	 0000000000000,00
1800200	 0000000000000,00	 0000000006522,00	 0000000000000,00	 0000000000000,00
1800900	 0000000033956,00	 0000000023050,00	 0000000000000,00	 0000000104002,00
2000000	 0000003538792,00	 0000002441399,00	 0000000002963,00	 0000001318059,00
2100000	 0000000464702,00	 0000000031887,00	 0000000000000,00	 0000000034318,00
2100100	 0000000356047,00	 0000000000000,00	 0000000000000,00	 0000000024863,00
2100109	 0000000260377,00	 0000000000000,00	 0000000000000,00	 0000000022592,00
2100110	 0000000095489,00	 0000000000000,00	 0000000000000,00	 0000000002271,00
2100200	 0000000061337,00	 0000000000000,00	 0000000000000,00	 0000000000000,00
2100300	 0000000047318,00	 0000000031887,00	 0000000000000,00	 0000000009455,00
2130000	 0000000033047,00	 0000000000000,00	 0000000000000,00	 0000000029636,00
2160000	 0000000384422,00	 0000000000000,00	 0000000000000,00	 0000000037061,00
2160100	 0000000229832,00	 0000000000000,00	 0000000000000,00	 0000000000000,00
2160200	 0000000154590,00	 0000000000000,00	 0000000000000,00	 0000000037061,00
2200000	 0000001651584,00	 0000001667854,00	 0000000000000,00	 0000000649737,00
2200100	 0000001651483,00	 0000001623893,00	 0000000000000,00	 0000000649737,00
2200200	 0000000000000,00	 0000000043529,00	 0000000000000,00	 0000000000000,00
2200900	 0000000000101,00	 0000000000432,00	 0000000000000,00	 0000000000000,00
2250000	 0000000777512,00	 0000000000000,00	 0000000000000,00	 0000000000000,00
2250100	 0000000767156,00	 0000000000000,00	 0000000000000,00	 0000000000000,00
2250200	 0000000010356,00	 0000000000000,00	 0000000000000,00	 0000000000000,00
2300000	 0000000061079,00	 0000000000527,00	 0000000002176,00	 0000000529600,00
2301000	 0000000061079,00	 0000000000000,00	 0000000000000,00	 0000000005202,00
2301001	 0000000061079,00	 0000000000000,00	 0000000000000,00	 0000000005202,00
2302000	 0000000000000,00	 0000000000000,00	 0000000002176,00	 0000000524398,00
2302100	 0000000000000,00	 0000000000000,00	 0000000000000,00	 0000000354526,00
2302200	 0000000000000,00	 0000000000000,00	 0000000002176,00	 0000000169872,00
2303000	 0000000000000,00	 0000000000527,00	 0000000000000,00	 0000000000000,00
2303100	 0000000000000,00	 0000000000000,00	 0000000000000,00	 0000000000000,00
2303900	 0000000000000,00	 0000000000527,00	 0000000000000,00	 0000000000000,00
2400000	 0000000014673,00	 0000000723186,00	 0000000000000,00	 0000000000000,00
2401000	 0000000000000,00	 0000000112377,00	 0000000000000,00	 0000000000000,00
2402000	 0000000014673,00	 0000000610809,00	 0000000000000,00	 0000000000000,00
2402100	 0000000014673,00	 0000000346114,00	 0000000000000,00	 0000000000000,00
2402200	 0000000000000,00	 0000000264695,00	 0000000000000,00	 0000000000000,00
2500000	 0000000020235,00	 0000000017855,00	 0000000000787,00	 0000000037590,00
2500100	 0000000018400,00	 0000000017855,00	 0000000000787,00	 0000000000000,00
2500200	 0000000001835,00	 0000000000000,00	 0000000000000,00	 0000000037590,00
2500300	 0000000000000,00	 0000000000000,00	 0000000000000,00	 0000000000000,00
2600000	 0000000000070,00	 0000000000000,00	 0000000000000,00	 0000000000000,00
2650000	 0000000052752,00	 0000000000000,00	 0000000000000,00	 0000000000000,00
2700000	 0000000046017,00	 0000000000000,00	 0000000000000,00	 0000000000000,00
2700100	 0000000013194,00	 0000000000000,00	 0000000000000,00	 0000000000000,00
2700200	 0000000012566,00	 0000000000000,00	 0000000000000,00	 0000000000000,00
2700300	 0000000001160,00	 0000000000000,00	 0000000000000,00	 0000000000000,00
2700400	 0000000019097,00	 0000000000000,00	 0000000000000,00	 0000000000000,00
2700401	 0000000000000,00	 0000000000000,00	 0000000000000,00	 0000000000000,00
2700402	 0000000000000,00	 0000000000000,00	 0000000000000,00	 0000000000000,00
2700403	 0000000004602,00	 0000000000000,00	 0000000000000,00	 0000000000000,00
2700490	 0000000014495,00	 0000000000000,00	 0000000000000,00	 0000000000000,00
2800000	 0000000032699,00	 0000000000090,00	 0000000000000,00	 0000000000117,00
3000000	-0000000000270,00	 0000000450889,00	 0000000000000,00	 0000000000000,00
3101000	 0000000000000,00	 0000000224795,00	 0000000000000,00	 0000000000000,00
3102000	 0000000000000,00	 0000000195301,00	 0000000000000,00	 0000000000000,00
3103000	-0000000000653,00	 0000000001471,00	 0000000000000,00	 0000000000000,00
3104000	 0000000000000,00	 0000000029322,00	 0000000000000,00	 0000000000000,00
3104100	 0000000000000,00	 0000000000000,00	 0000000000000,00	 0000000000000,00
3104200	 0000000000000,00	 0000000041888,00	 0000000000000,00	 0000000000000,00
3104300	 0000000000000,00	-0000000012566,00	 0000000000000,00	 0000000000000,00
3200000	 0000000000383,00	 0000000000000,00	 0000000000000,00	 0000000000000,00
5001000	-0000000000653,00	 0000000450889,00	 0000000000000,00	 0000000000000,00
5002000	 0000003538522,00	 0000002892288,00	 0000000002963,00	 0000001318059,00
5100000	 0000001827611,00	 0000002630634,00	 0000000024019,00	 0000000780153,00
