900	BANCOS                                                                  
1000000	 0000041164078,00	 0000032127279,00	 0000000446563,00	 0000013979272,00
1100000	 0000001650943,00	 0000000000000,00	 0000000000000,00	 0000001575280,00
1100100	 0000000855681,00	 0000000000000,00	 0000000000000,00	 0000000124895,00
1100200	 0000000701851,00	 0000000000000,00	 0000000000000,00	 0000000210627,00
1100300	 0000000093346,00	 0000000000000,00	 0000000000000,00	 0000000009797,00
1100400	 0000000000065,00	 0000000000000,00	 0000000000000,00	 0000001229961,00
1130000	 0000001163909,00	 0000000000000,00	 0000000000000,00	 0000000729084,00
1130100	 0000000682073,00	 0000000000000,00	 0000000000000,00	 0000000167075,00
1130200	 0000000481836,00	 0000000000000,00	 0000000000000,00	 0000000562009,00
1150000	 0000001767611,00	 0000002934278,00	 0000000002008,00	 0000000147470,00
1150100	 0000000884748,00	 0000002324187,00	 0000000002007,00	 0000000000002,00
1150200	 0000000662749,00	 0000000610091,00	 0000000000001,00	 0000000040526,00
1150300	 0000000000000,00	 0000000000000,00	 0000000000000,00	 0000000106917,00
1150400	 0000000220114,00	 0000000000000,00	 0000000000000,00	 0000000000025,00
1160000	 0000000160944,00	 0000000046594,00	 0000000000000,00	 0000000013564,00
1160100	 0000000009281,00	 0000000018739,00	 0000000000000,00	 0000000013246,00
1160200	 0000000151663,00	 0000000027855,00	 0000000000000,00	 0000000000318,00
1250000	 0000005915212,00	 0000000197541,00	 0000000000000,00	 0000000250550,00
1250100	 0000005678055,00	 0000000197541,00	 0000000000000,00	 0000000222706,00
1250200	 0000000237157,00	 0000000000000,00	 0000000000000,00	 0000000027844,00
1270000	 0000000547251,00	 0000000000000,00	 0000000000000,00	 0000000715345,00
1270100	 0000000547689,00	 0000000000000,00	 0000000000000,00	 0000000034317,00
1270101	 0000000397505,00	 0000000000000,00	 0000000000000,00	 0000000000000,00
1270111	 0000000149571,00	 0000000000000,00	 0000000000000,00	 0000000034317,00
1270190	-0000000000052,00	 0000000000000,00	 0000000000000,00	 0000000000000,00
1270200	-0000000000438,00	 0000000000000,00	 0000000000000,00	 0000000681028,00
1270201	 0000000000000,00	 0000000000000,00	 0000000000000,00	 0000000316413,00
1270290	-0000000000438,00	 0000000000000,00	 0000000000000,00	-0000000000367,00
1300000	 0000023586820,00	 0000027155461,00	 0000000438061,00	 0000008690081,00
1302000	 0000017380255,00	 0000014458171,00	 0000000438061,00	 0000008669909,00
1302100	 0000014196607,00	 0000011610521,00	 0000000073447,00	 0000002311990,00
1302101	 0000014196407,00	 0000010221013,00	 0000000073445,00	 0000001369167,00
1302102	 0000000000068,00	 0000000000000,00	 0000000000002,00	 0000000942820,00
1302170	 0000000000100,00	 0000000984960,00	 0000000000000,00	 0000000000000,00
1302180	 0000000000032,00	 0000000404548,00	 0000000000000,00	 0000000000003,00
1302200	 0000000586250,00	 0000000069124,00	 0000000000339,00	 0000006034656,00
1302202	 0000000364824,00	 0000000027517,00	 0000000000000,00	 0000002805083,00
1302300	 0000000871964,00	 0000000000000,00	 0000000000000,00	 0000000011068,00
1302500	 0000001145216,00	 0000000245302,00	 0000000000000,00	 0000000287406,00
1302800	 0000000474277,00	 0000002522695,00	 0000000362657,00	 0000000000000,00
1302900	 0000000105941,00	 0000000010529,00	 0000000001618,00	 0000000024789,00
1304000	 0000000058647,00	 0000012303607,00	 0000000000000,00	 0000000000000,00
1304100	 0000000000080,00	 0000001515838,00	 0000000000000,00	 0000000000000,00
1304101	 0000000000045,00	 0000001490868,00	 0000000000000,00	 0000000000000,00
1304102	 0000000000035,00	 0000000024970,00	 0000000000000,00	 0000000000000,00
1304200	 0000000017008,00	 0000001128028,00	 0000000000000,00	 0000000000000,00
1304300	 0000000016584,00	 0000009318705,00	 0000000000000,00	 0000000000000,00
1304800	 0000000024148,00	 0000000046461,00	 0000000000000,00	 0000000000000,00
1304900	 0000000000827,00	 0000000294575,00	 0000000000000,00	 0000000000000,00
1305000	 0000007204564,00	 0000000393683,00	 0000000000000,00	 0000000021651,00
1305100	 0000005112152,00	 0000000390215,00	 0000000000000,00	 0000000000068,00
1305300	 0000000753822,00	 0000000000000,00	 0000000000000,00	 0000000000025,00
1305400	 0000001236662,00	 0000000000000,00	 0000000000000,00	 0000000021558,00
1305800	 0000000002739,00	 0000000003468,00	 0000000000000,00	 0000000000000,00
1305900	 0000000099189,00	 0000000000000,00	 0000000000000,00	 0000000000000,00
1309000	-0000001056646,00	 0000000000000,00	 0000000000000,00	-0000000001479,00
1309001	-0000000566887,00	 0000000000000,00	 0000000000000,00	-0000000001479,00
1309002	-0000000053505,00	 0000000000000,00	 0000000000000,00	 0000000000000,00
1309003	-0000000436254,00	 0000000000000,00	 0000000000000,00	 0000000000000,00
1350000	 0000003174821,00	 0000001657948,00	 0000000006494,00	 0000000829028,00
1350100	 0000001629241,00	 0000000840988,00	 0000000000000,00	 0000000000000,00
1350200	 0000001545580,00	 0000000816960,00	 0000000006494,00	 0000000021034,00
1350300	 0000000000000,00	 0000000000000,00	 0000000000000,00	 0000000807994,00
1360000	 0000000000000,00	 0000000000000,00	 0000000000000,00	 0000000000000,00
1360100	 0000000000000,00	 0000000000000,00	 0000000000000,00	 0000000000000,00
1360200	 0000000000000,00	 0000000000000,00	 0000000000000,00	 0000000000000,00
1360300	 0000000000000,00	 0000000000000,00	 0000000000000,00	 0000000000000,00
1400000	 0000000069571,00	 0000000001836,00	 0000000000000,00	 0000000000034,00
1400100	 0000000028641,00	 0000000000000,00	 0000000000000,00	 0000000000000,00
1400101	 0000000000000,00	 0000000000000,00	 0000000000000,00	 0000000000000,00
1400103	 0000000028063,00	 0000000000000,00	 0000000000000,00	 0000000000000,00
1400200	 0000000040930,00	 0000000001836,00	 0000000000000,00	 0000000000034,00
1500000	 0000000617976,00	 0000000000005,00	 0000000000000,00	 0000000000123,00
1500100	 0000000261840,00	 0000000000000,00	 0000000000000,00	 0000000000000,00
1500200	 0000000356136,00	 0000000000005,00	 0000000000000,00	 0000000000123,00
1600000	 0000000902552,00	 0000000063263,00	 0000000000000,00	 0000000000219,00
1600100	 0000000679407,00	 0000000052486,00	 0000000000000,00	 0000000000000,00
1600200	 0000000223145,00	 0000000010777,00	 0000000000000,00	 0000000000219,00
1700000	 0000000120668,00	 0000000007352,00	 0000000000000,00	 0000000000000,00
1750000	 0000000489536,00	 0000000000000,00	 0000000000000,00	 0000000000000,00
1800000	 0000000996264,00	 0000000063001,00	 0000000000000,00	 0000001028494,00
1800100	 0000000252468,00	 0000000000000,00	 0000000000000,00	 0000000006812,00
1800200	 0000000036197,00	 0000000006522,00	 0000000000000,00	 0000000000000,00
1800900	 0000000707599,00	 0000000056479,00	 0000000000000,00	 0000001021682,00
2000000	 0000041247950,00	 0000022513753,00	 0000000142573,00	 0000016992220,00
2100000	 0000008787119,00	 0000000198775,00	 0000000000017,00	 0000001316499,00
2100100	 0000007085142,00	 0000000000000,00	 0000000000000,00	 0000001146268,00
2100109	 0000004306202,00	 0000000000000,00	 0000000000000,00	 0000001035149,00
2100110	 0000002757514,00	 0000000000000,00	 0000000000000,00	 0000000108539,00
2100200	 0000000747578,00	 0000000000000,00	 0000000000000,00	 0000000000000,00
2100300	 0000000954399,00	 0000000198775,00	 0000000000017,00	 0000000170231,00
2130000	 0000000464687,00	 0000000000000,00	 0000000000000,00	 0000000421867,00
2160000	 0000002166260,00	 0000000146134,00	 0000000000000,00	 0000000214959,00
2160100	 0000000939926,00	 0000000070749,00	 0000000000000,00	 0000000006926,00
2160200	 0000001226334,00	 0000000075385,00	 0000000000000,00	 0000000208033,00
2200000	 0000021291116,00	 0000012904895,00	 0000000051633,00	 0000007027973,00
2200100	 0000021288238,00	 0000012445103,00	 0000000051633,00	 0000006846900,00
2200200	 0000000000684,00	 0000000456576,00	 0000000000000,00	 0000000000000,00
2200900	 0000000002194,00	 0000000003216,00	 0000000000000,00	 0000000181073,00
2250000	 0000005127796,00	 0000000173383,00	 0000000000000,00	 0000000176020,00
2250100	 0000005115276,00	 0000000170503,00	 0000000000000,00	 0000000159878,00
2250200	 0000000012520,00	 0000000002880,00	 0000000000000,00	 0000000016142,00
2300000	 0000000576083,00	 0000000005135,00	 0000000002810,00	 0000006761323,00
2301000	 0000000380534,00	 0000000001194,00	 0000000000000,00	 0000000032285,00
2301001	 0000000357346,00	 0000000001194,00	 0000000000000,00	 0000000029687,00
2302000	 0000000000019,00	 0000000000000,00	 0000000002810,00	 0000006727658,00
2302100	 0000000000000,00	 0000000000000,00	 0000000000208,00	 0000005839742,00
2302200	 0000000000019,00	 0000000000000,00	 0000000002602,00	 0000000887916,00
2303000	 0000000195530,00	 0000000003941,00	 0000000000000,00	 0000000001380,00
2303100	 0000000195530,00	 0000000000000,00	 0000000000000,00	 0000000001380,00
2303900	 0000000000000,00	 0000000003941,00	 0000000000000,00	 0000000000000,00
2400000	 0000000185836,00	 0000008744949,00	 0000000000000,00	 0000000741383,00
2401000	 0000000000846,00	 0000002420389,00	 0000000000000,00	 0000000000000,00
2402000	 0000000184990,00	 0000006324560,00	 0000000000000,00	 0000000741383,00
2402100	 0000000151328,00	 0000004435079,00	 0000000000000,00	 0000000256562,00
2402200	 0000000033662,00	 0000001889481,00	 0000000000000,00	 0000000484821,00
2500000	 0000000391764,00	 0000000299581,00	 0000000084087,00	 0000000123804,00
2500100	 0000000305607,00	 0000000296853,00	 0000000084087,00	 0000000000929,00
2500200	 0000000086151,00	 0000000002728,00	 0000000000000,00	 0000000076926,00
2500300	 0000000000006,00	 0000000000000,00	 0000000000000,00	 0000000045949,00
2600000	 0000000036786,00	 0000000000000,00	 0000000000000,00	 0000000000000,00
2650000	 0000000296149,00	 0000000000000,00	 0000000000000,00	 0000000000000,00
2700000	 0000000748875,00	 0000000000855,00	 0000000000000,00	 0000000000977,00
2700100	 0000000138732,00	 0000000000000,00	 0000000000000,00	 0000000000000,00
2700200	 0000000418986,00	 0000000000000,00	 0000000000000,00	 0000000000000,00
2700300	 0000000019980,00	 0000000000000,00	 0000000000000,00	 0000000000000,00
2700400	 0000000171177,00	 0000000000855,00	 0000000000000,00	 0000000000977,00
2700401	 0000000001375,00	 0000000000000,00	 0000000000000,00	 0000000000977,00
2700402	 0000000000000,00	 0000000000000,00	 0000000000000,00	 0000000000000,00
2700403	 0000000110835,00	 0000000000000,00	 0000000000000,00	 0000000000000,00
2700490	 0000000058967,00	 0000000000855,00	 0000000000000,00	 0000000000000,00
2800000	 0000001175479,00	 0000000040046,00	 0000000004026,00	 0000000207415,00
3000000	 0000004979236,00	 0000001752658,00	 0000000045084,00	 0000000043718,00
3101000	 0000004393481,00	 0000000224795,00	 0000000000000,00	 0000000000006,00
3102000	 0000000618144,00	 0000000195301,00	 0000000000000,00	 0000000000576,00
3103000	-0000000058128,00	 0000000000158,00	 0000000000000,00	 0000000000000,00
3104000	-0000000000222,00	 0000001332404,00	 0000000045084,00	 0000000043136,00
3104100	 0000000912012,00	 0000000000000,00	 0000000000000,00	 0000000000000,00
3104200	-0000000505813,00	 0000001344970,00	 0000000045084,00	 0000000043136,00
3104300	-0000000406421,00	-0000000012566,00	 0000000000000,00	 0000000000000,00
3200000	 0000000025961,00	 0000000000000,00	 0000000000000,00	 0000000000000,00
5001000	 0000004953275,00	 0000001752658,00	 0000000045084,00	 0000000043718,00
5002000	 0000046227186,00	 0000024266411,00	 0000000187657,00	 0000017035938,00
5100000	 0000024643466,00	 0000027155461,00	 0000000438061,00	 0000008691560,00
