016	BANCO DE CREDITO E INVERSIONES                                          
1000000	 0000009736924,00	 0000007546597,00	 0000000049634,00	 0000004645936,00
1100000	 0000000460302,00	 0000000000000,00	 0000000000000,00	 0000000633561,00
1100100	 0000000312700,00	 0000000000000,00	 0000000000000,00	 0000000047214,00
1100200	 0000000144966,00	 0000000000000,00	 0000000000000,00	 0000000048746,00
1100300	 0000000002636,00	 0000000000000,00	 0000000000000,00	 0000000000000,00
1100400	 0000000000000,00	 0000000000000,00	 0000000000000,00	 0000000537601,00
1130000	 0000000236219,00	 0000000000000,00	 0000000000000,00	 0000000768948,00
1130100	 0000000100705,00	 0000000000000,00	 0000000000000,00	 0000000020059,00
1130200	 0000000135514,00	 0000000000000,00	 0000000000000,00	 0000000748889,00
1150000	 0000000232980,00	 0000000830359,00	 0000000000000,00	 0000000004149,00
1150100	 0000000080777,00	 0000000654094,00	 0000000000000,00	 0000000000000,00
1150200	 0000000096175,00	 0000000176265,00	 0000000000000,00	 0000000002925,00
1150300	 0000000000000,00	 0000000000000,00	 0000000000000,00	 0000000001224,00
1150400	 0000000056028,00	 0000000000000,00	 0000000000000,00	 0000000000000,00
1160000	 0000000179451,00	 0000000000000,00	 0000000000000,00	 0000000000000,00
1160100	 0000000000000,00	 0000000000000,00	 0000000000000,00	 0000000000000,00
1160200	 0000000179451,00	 0000000000000,00	 0000000000000,00	 0000000000000,00
1250000	 0000001962946,00	 0000000167519,00	 0000000000000,00	 0000000003891,00
1250100	 0000000890085,00	 0000000152165,00	 0000000000000,00	 0000000002026,00
1250200	 0000001072861,00	 0000000015354,00	 0000000000000,00	 0000000001865,00
1270000	 0000000061207,00	 0000000000000,00	 0000000000000,00	 0000000138216,00
1270100	 0000000061207,00	 0000000000000,00	 0000000000000,00	 0000000000000,00
1270112	 0000000061230,00	 0000000000000,00	 0000000000000,00	 0000000000000,00
1270113	 0000000000000,00	 0000000000000,00	 0000000000000,00	 0000000000000,00
1270116	 0000000000000,00	 0000000000000,00	 0000000000000,00	 0000000000000,00
1270117	 0000000000000,00	 0000000000000,00	 0000000000000,00	 0000000000000,00
1270118	 0000000000000,00	 0000000000000,00	 0000000000000,00	 0000000000000,00
1270190	-0000000000023,00	 0000000000000,00	 0000000000000,00	 0000000000000,00
1270200	 0000000000000,00	 0000000000000,00	 0000000000000,00	 0000000138216,00
1270202	 0000000000000,00	 0000000000000,00	 0000000000000,00	 0000000000000,00
1270203	 0000000000000,00	 0000000000000,00	 0000000000000,00	 0000000138505,00
1270206	 0000000000000,00	 0000000000000,00	 0000000000000,00	 0000000000000,00
1270207	 0000000000000,00	 0000000000000,00	 0000000000000,00	 0000000000000,00
1270208	 0000000000000,00	 0000000000000,00	 0000000000000,00	 0000000000000,00
1270290	 0000000000000,00	 0000000000000,00	 0000000000000,00	-0000000000289,00
1270300	 0000000000000,00	 0000000000000,00	 0000000000000,00	 0000000000000,00
1300000	 0000005614676,00	 0000006352712,00	 0000000047719,00	 0000002628497,00
1302000	 0000004135895,00	 0000003213718,00	 0000000047719,00	 0000002624011,00
1302100	 0000003413123,00	 0000002506298,00	 0000000000089,00	 0000001468609,00
1302101	 0000003413089,00	 0000002490653,00	 0000000000000,00	 0000000028532,00
1302102	 0000000000000,00	 0000000000000,00	 0000000000089,00	 0000001440077,00
1302170	 0000000000034,00	 0000000015081,00	 0000000000000,00	 0000000000000,00
1302180	 0000000000000,00	 0000000000564,00	 0000000000000,00	 0000000000000,00
1302200	 0000000020475,00	 0000000003058,00	 0000000000028,00	 0000001071966,00
1302201	 0000000000000,00	 0000000000000,00	 0000000000000,00	 0000000000000,00
1302202	 0000000019953,00	 0000000003058,00	 0000000000000,00	 0000000561053,00
1302241	 0000000000000,00	 0000000000000,00	 0000000000028,00	 0000000021232,00
1302242	 0000000000522,00	 0000000000000,00	 0000000000000,00	 0000000273964,00
1302281	 0000000000000,00	 0000000000000,00	 0000000000000,00	 0000000105463,00
1302282	 0000000000000,00	 0000000000000,00	 0000000000000,00	 0000000110254,00
1302300	 0000000110676,00	 0000000000000,00	 0000000000000,00	 0000000000082,00
1302500	 0000000344095,00	 0000000052733,00	 0000000000000,00	 0000000081082,00
1302800	 0000000225218,00	 0000000480269,00	 0000000047602,00	 0000000000000,00
1302900	 0000000022308,00	 0000000171360,00	 0000000000000,00	 0000000002272,00
1304000	 0000000015878,00	 0000003100610,00	 0000000000000,00	 0000000000000,00
1304100	 0000000000000,00	 0000000037674,00	 0000000000000,00	 0000000000000,00
1304101	 0000000000000,00	 0000000037674,00	 0000000000000,00	 0000000000000,00
1304102	 0000000000000,00	 0000000000000,00	 0000000000000,00	 0000000000000,00
1304200	 0000000000000,00	 0000000019868,00	 0000000000000,00	 0000000000000,00
1304400	 0000000000000,00	 0000000000000,00	 0000000000000,00	 0000000000000,00
1304500	 0000000015878,00	 0000003043068,00	 0000000000000,00	 0000000000000,00
1304600	 0000000000000,00	 0000000000000,00	 0000000000000,00	 0000000000000,00
1304800	 0000000000000,00	 0000000000000,00	 0000000000000,00	 0000000000000,00
1304900	 0000000000000,00	 0000000000000,00	 0000000000000,00	 0000000000000,00
1305000	 0000001806613,00	 0000000038384,00	 0000000000000,00	 0000000012760,00
1305100	 0000001440915,00	 0000000038144,00	 0000000000000,00	 0000000000000,00
1305300	 0000000091162,00	 0000000000000,00	 0000000000000,00	 0000000000000,00
1305400	 0000000264947,00	 0000000000000,00	 0000000000000,00	 0000000012760,00
1305800	 0000000000444,00	 0000000000240,00	 0000000000000,00	 0000000000000,00
1305900	 0000000009145,00	 0000000000000,00	 0000000000000,00	 0000000000000,00
1309000	-0000000343710,00	 0000000000000,00	 0000000000000,00	-0000000008274,00
1309100	-0000000244383,00	 0000000000000,00	 0000000000000,00	-0000000008274,00
1309200	-0000000014305,00	 0000000000000,00	 0000000000000,00	 0000000000000,00
1309300	-0000000085022,00	 0000000000000,00	 0000000000000,00	 0000000000000,00
1350000	 0000000280336,00	 0000000195238,00	 0000000001397,00	 0000000255791,00
1350100	 0000000247804,00	 0000000017936,00	 0000000000000,00	 0000000000000,00
1350200	 0000000030096,00	 0000000177302,00	 0000000001397,00	 0000000000000,00
1350300	 0000000002436,00	 0000000000000,00	 0000000000000,00	 0000000255791,00
1360000	 0000000000000,00	 0000000000000,00	 0000000000000,00	 0000000000000,00
1360100	 0000000000000,00	 0000000000000,00	 0000000000000,00	 0000000000000,00
1360200	 0000000000000,00	 0000000000000,00	 0000000000000,00	 0000000000000,00
1360300	 0000000000000,00	 0000000000000,00	 0000000000000,00	 0000000000000,00
1400000	 0000000098958,00	 0000000000000,00	 0000000000000,00	 0000000000000,00
1400100	 0000000096753,00	 0000000000000,00	 0000000000000,00	 0000000000000,00
1400101	 0000000000000,00	 0000000000000,00	 0000000000000,00	 0000000000000,00
1400103	 0000000096753,00	 0000000000000,00	 0000000000000,00	 0000000000000,00
1400200	 0000000002205,00	 0000000000000,00	 0000000000000,00	 0000000000000,00
1500000	 0000000086259,00	 0000000000000,00	 0000000000000,00	 0000000000023,00
1500100	 0000000000000,00	 0000000000000,00	 0000000000000,00	 0000000000000,00
1500200	 0000000086259,00	 0000000000000,00	 0000000000000,00	 0000000000023,00
1600000	 0000000230857,00	 0000000000000,00	 0000000000000,00	 0000000001195,00
1600100	 0000000179018,00	 0000000000000,00	 0000000000000,00	 0000000000302,00
1600200	 0000000051839,00	 0000000000000,00	 0000000000000,00	 0000000000893,00
1700000	 0000000050641,00	 0000000000020,00	 0000000000000,00	 0000000000000,00
1750000	 0000000063845,00	 0000000000000,00	 0000000000000,00	 0000000000000,00
1800000	 0000000178247,00	 0000000000749,00	 0000000000518,00	 0000000211665,00
1800100	 0000000026808,00	 0000000000000,00	 0000000000000,00	 0000000000000,00
1800200	 0000000003100,00	 0000000000000,00	 0000000000000,00	 0000000000000,00
1800900	 0000000148339,00	 0000000000749,00	 0000000000518,00	 0000000211665,00
2000000	 0000011455649,00	 0000003498073,00	 0000000000475,00	 0000005326928,00
2100000	 0000003357671,00	 0000000026853,00	 0000000000000,00	 0000000644799,00
2100100	 0000002790827,00	 0000000000000,00	 0000000000000,00	 0000000615138,00
2100109	 0000001884419,00	 0000000000000,00	 0000000000000,00	 0000000575820,00
2100110	 0000000902552,00	 0000000000000,00	 0000000000000,00	 0000000035969,00
2100200	 0000000372993,00	 0000000000000,00	 0000000000000,00	 0000000000000,00
2100300	 0000000193851,00	 0000000026853,00	 0000000000000,00	 0000000029661,00
2130000	 0000000126960,00	 0000000000000,00	 0000000000000,00	 0000000770717,00
2160000	 0000000167342,00	 0000000080130,00	 0000000000000,00	 0000000011564,00
2160100	 0000000005572,00	 0000000000061,00	 0000000000000,00	 0000000000000,00
2160200	 0000000161770,00	 0000000080069,00	 0000000000000,00	 0000000011564,00
2200000	 0000005527939,00	 0000000822199,00	 0000000000000,00	 0000001487705,00
2200100	 0000005527454,00	 0000000772469,00	 0000000000000,00	 0000001487705,00
2200200	 0000000000000,00	 0000000047952,00	 0000000000000,00	 0000000000000,00
2200900	 0000000000485,00	 0000000001778,00	 0000000000000,00	 0000000000000,00
2250000	 0000001566349,00	 0000000598046,00	 0000000000000,00	 0000000011180,00
2250100	 0000000879544,00	 0000000179289,00	 0000000000000,00	 0000000003877,00
2250200	 0000000686805,00	 0000000418757,00	 0000000000000,00	 0000000007303,00
2300000	 0000000025328,00	 0000000000007,00	 0000000000000,00	 0000001417412,00
2301000	 0000000025328,00	 0000000000007,00	 0000000000000,00	 0000000241028,00
2301001	 0000000000000,00	 0000000000000,00	 0000000000000,00	 0000000241028,00
2302000	 0000000000000,00	 0000000000000,00	 0000000000000,00	 0000001176325,00
2302100	 0000000000000,00	 0000000000000,00	 0000000000000,00	 0000000852254,00
2302200	 0000000000000,00	 0000000000000,00	 0000000000000,00	 0000000324071,00
2303000	 0000000000000,00	 0000000000000,00	 0000000000000,00	 0000000000059,00
2303100	 0000000000000,00	 0000000000000,00	 0000000000000,00	 0000000000059,00
2303900	 0000000000000,00	 0000000000000,00	 0000000000000,00	 0000000000000,00
2400000	 0000000188260,00	 0000001952792,00	 0000000000000,00	 0000000937496,00
2401000	 0000000000000,00	 0000000047170,00	 0000000000000,00	 0000000000000,00
2402000	 0000000188260,00	 0000001905622,00	 0000000000000,00	 0000000937496,00
2402100	 0000000188260,00	 0000001140774,00	 0000000000000,00	 0000000937496,00
2402200	 0000000000000,00	 0000000764848,00	 0000000000000,00	 0000000000000,00
2402300	 0000000000000,00	 0000000000000,00	 0000000000000,00	 0000000000000,00
2500000	 0000000047686,00	 0000000005129,00	 0000000000056,00	 0000000013223,00
2500100	 0000000025705,00	 0000000005129,00	 0000000000056,00	 0000000011762,00
2500200	 0000000021981,00	 0000000000000,00	 0000000000000,00	 0000000001427,00
2500300	 0000000000000,00	 0000000000000,00	 0000000000000,00	 0000000000034,00
2600000	 0000000049531,00	 0000000000000,00	 0000000000000,00	 0000000000000,00
2650000	 0000000043140,00	 0000000000000,00	 0000000000000,00	 0000000000000,00
2700000	 0000000180210,00	 0000000000000,00	 0000000000000,00	 0000000002369,00
2700100	 0000000029548,00	 0000000000000,00	 0000000000000,00	 0000000000000,00
2700200	 0000000067894,00	 0000000000000,00	 0000000000000,00	 0000000000000,00
2700300	 0000000017095,00	 0000000000000,00	 0000000000000,00	 0000000000162,00
2700400	 0000000065673,00	 0000000000000,00	 0000000000000,00	 0000000002207,00
2700401	 0000000000118,00	 0000000000000,00	 0000000000000,00	 0000000002207,00
2700402	 0000000000000,00	 0000000000000,00	 0000000000000,00	 0000000000000,00
2700411	 0000000047254,00	 0000000000000,00	 0000000000000,00	 0000000000000,00
2700412	 0000000000000,00	 0000000000000,00	 0000000000000,00	 0000000000000,00
2700413	 0000000000000,00	 0000000000000,00	 0000000000000,00	 0000000000000,00
2700421	 0000000000027,00	 0000000000000,00	 0000000000000,00	 0000000000000,00
2700422	 0000000003813,00	 0000000000000,00	 0000000000000,00	 0000000000000,00
2700423	 0000000000694,00	 0000000000000,00	 0000000000000,00	 0000000000000,00
2700490	 0000000013767,00	 0000000000000,00	 0000000000000,00	 0000000000000,00
2800000	 0000000175233,00	 0000000012917,00	 0000000000419,00	 0000000030463,00
3000000	 0000001475334,00	 0000000195814,00	 0000000008237,00	 0000000018581,00
3101000	 0000001547126,00	 0000000000000,00	 0000000000000,00	 0000000000000,00
3102000	 0000000000000,00	 0000000000000,00	 0000000000000,00	 0000000000000,00
3103000	-0000000007579,00	 0000000000000,00	 0000000000000,00	 0000000000000,00
3104000	-0000000064214,00	 0000000195814,00	 0000000008237,00	 0000000018581,00
3104100	 0000000000000,00	 0000000000000,00	 0000000000000,00	 0000000000000,00
3104200	 0000000003680,00	 0000000195814,00	 0000000008237,00	 0000000018581,00
3104300	-0000000067894,00	 0000000000000,00	 0000000000000,00	 0000000000000,00
3200000	 0000000000001,00	 0000000000000,00	 0000000000000,00	 0000000000000,00
5001000	 0000001475333,00	 0000000195814,00	 0000000008237,00	 0000000018581,00
5002000	 0000012930983,00	 0000003693887,00	 0000000008712,00	 0000005345509,00
5100000	 0000005958386,00	 0000006352712,00	 0000000047719,00	 0000002636771,00
