049	BANCO SECURITY                                                          
1000000	 0000002169830,00	 0000001812801,00	 0000000031655,00	 0000000809627,00
1100000	 0000000130943,00	 0000000000000,00	 0000000000000,00	 0000000114812,00
1100100	 0000000006621,00	 0000000000000,00	 0000000000000,00	 0000000003037,00
1100200	 0000000115459,00	 0000000000000,00	 0000000000000,00	 0000000026044,00
1100300	 0000000008863,00	 0000000000000,00	 0000000000000,00	 0000000000000,00
1100400	 0000000000000,00	 0000000000000,00	 0000000000000,00	 0000000085731,00
1130000	 0000000108057,00	 0000000000000,00	 0000000000000,00	 0000000109915,00
1130100	 0000000021565,00	 0000000000000,00	 0000000000000,00	 0000000005796,00
1130200	 0000000086492,00	 0000000000000,00	 0000000000000,00	 0000000104119,00
1150000	 0000000065266,00	 0000000183317,00	 0000000000000,00	 0000000000438,00
1150100	 0000000009371,00	 0000000136123,00	 0000000000000,00	 0000000000000,00
1150200	 0000000048702,00	 0000000047194,00	 0000000000000,00	 0000000000000,00
1150300	 0000000000000,00	 0000000000000,00	 0000000000000,00	 0000000000000,00
1150400	 0000000007193,00	 0000000000000,00	 0000000000000,00	 0000000000438,00
1160000	 0000000006923,00	 0000000000000,00	 0000000000000,00	 0000000000000,00
1160100	 0000000000000,00	 0000000000000,00	 0000000000000,00	 0000000000000,00
1160200	 0000000006923,00	 0000000000000,00	 0000000000000,00	 0000000000000,00
1250000	 0000000099972,00	 0000000000000,00	 0000000000000,00	 0000000000000,00
1250100	 0000000099972,00	 0000000000000,00	 0000000000000,00	 0000000000000,00
1250200	 0000000000000,00	 0000000000000,00	 0000000000000,00	 0000000000000,00
1270000	-0000000000009,00	 0000000000000,00	 0000000000000,00	 0000000010207,00
1270100	 0000000000000,00	 0000000000000,00	 0000000000000,00	 0000000000000,00
1270112	 0000000000000,00	 0000000000000,00	 0000000000000,00	 0000000000000,00
1270113	 0000000000000,00	 0000000000000,00	 0000000000000,00	 0000000000000,00
1270116	 0000000000000,00	 0000000000000,00	 0000000000000,00	 0000000000000,00
1270117	 0000000000000,00	 0000000000000,00	 0000000000000,00	 0000000000000,00
1270118	 0000000000000,00	 0000000000000,00	 0000000000000,00	 0000000000000,00
1270190	 0000000000000,00	 0000000000000,00	 0000000000000,00	 0000000000000,00
1270200	-0000000000009,00	 0000000000000,00	 0000000000000,00	 0000000010207,00
1270202	 0000000000000,00	 0000000000000,00	 0000000000000,00	 0000000000000,00
1270203	 0000000000000,00	 0000000000000,00	 0000000000000,00	 0000000010178,00
1270206	 0000000000000,00	 0000000000000,00	 0000000000000,00	 0000000000029,00
1270207	 0000000000000,00	 0000000000000,00	 0000000000000,00	 0000000000000,00
1270208	 0000000000000,00	 0000000000000,00	 0000000000000,00	 0000000000000,00
1270290	-0000000000009,00	 0000000000000,00	 0000000000000,00	 0000000000000,00
1270300	 0000000000000,00	 0000000000000,00	 0000000000000,00	 0000000000000,00
1300000	 0000001430267,00	 0000001558050,00	 0000000031655,00	 0000000387303,00
1302000	 0000001197530,00	 0000001037158,00	 0000000031655,00	 0000000384325,00
1302100	 0000001093942,00	 0000000822707,00	 0000000000599,00	 0000000158251,00
1302101	 0000001093927,00	 0000000777210,00	 0000000000599,00	 0000000059805,00
1302102	 0000000000004,00	 0000000000000,00	 0000000000000,00	 0000000098446,00
1302170	 0000000000000,00	 0000000028168,00	 0000000000000,00	 0000000000000,00
1302180	 0000000000011,00	 0000000017329,00	 0000000000000,00	 0000000000000,00
1302200	 0000000021616,00	 0000000000000,00	 0000000000000,00	 0000000225560,00
1302201	 0000000000000,00	 0000000000000,00	 0000000000000,00	 0000000000000,00
1302202	 0000000021308,00	 0000000000000,00	 0000000000000,00	 0000000124514,00
1302241	 0000000000000,00	 0000000000000,00	 0000000000000,00	 0000000002826,00
1302242	 0000000000308,00	 0000000000000,00	 0000000000000,00	 0000000091314,00
1302281	 0000000000000,00	 0000000000000,00	 0000000000000,00	 0000000000000,00
1302282	 0000000000000,00	 0000000000000,00	 0000000000000,00	 0000000006906,00
1302300	 0000000043239,00	 0000000000000,00	 0000000000000,00	 0000000000039,00
1302500	 0000000000000,00	 0000000000000,00	 0000000000000,00	 0000000000000,00
1302800	 0000000034472,00	 0000000214233,00	 0000000031015,00	 0000000000000,00
1302900	 0000000004261,00	 0000000000218,00	 0000000000041,00	 0000000000475,00
1304000	 0000000001052,00	 0000000516353,00	 0000000000000,00	 0000000000000,00
1304100	 0000000000000,00	 0000000008183,00	 0000000000000,00	 0000000000000,00
1304101	 0000000000000,00	 0000000008183,00	 0000000000000,00	 0000000000000,00
1304102	 0000000000000,00	 0000000000000,00	 0000000000000,00	 0000000000000,00
1304200	 0000000000064,00	 0000000036839,00	 0000000000000,00	 0000000000000,00
1304400	 0000000000000,00	 0000000000000,00	 0000000000000,00	 0000000000000,00
1304500	 0000000000988,00	 0000000471331,00	 0000000000000,00	 0000000000000,00
1304600	 0000000000000,00	 0000000000000,00	 0000000000000,00	 0000000000000,00
1304800	 0000000000000,00	 0000000000000,00	 0000000000000,00	 0000000000000,00
1304900	 0000000000000,00	 0000000000000,00	 0000000000000,00	 0000000000000,00
1305000	 0000000285175,00	 0000000004539,00	 0000000000000,00	 0000000002978,00
1305100	 0000000188997,00	 0000000004539,00	 0000000000000,00	 0000000000000,00
1305300	 0000000045950,00	 0000000000000,00	 0000000000000,00	 0000000000003,00
1305400	 0000000050228,00	 0000000000000,00	 0000000000000,00	 0000000002975,00
1305800	 0000000000000,00	 0000000000000,00	 0000000000000,00	 0000000000000,00
1305900	 0000000000000,00	 0000000000000,00	 0000000000000,00	 0000000000000,00
1309000	-0000000053490,00	 0000000000000,00	 0000000000000,00	 0000000000000,00
1309100	-0000000044337,00	 0000000000000,00	 0000000000000,00	 0000000000000,00
1309200	-0000000000641,00	 0000000000000,00	 0000000000000,00	 0000000000000,00
1309300	-0000000008512,00	 0000000000000,00	 0000000000000,00	 0000000000000,00
1350000	 0000000148893,00	 0000000071434,00	 0000000000000,00	 0000000163818,00
1350100	 0000000086735,00	 0000000001625,00	 0000000000000,00	 0000000000000,00
1350200	 0000000062158,00	 0000000069809,00	 0000000000000,00	 0000000004982,00
1350300	 0000000000000,00	 0000000000000,00	 0000000000000,00	 0000000158836,00
1360000	 0000000000000,00	 0000000000000,00	 0000000000000,00	 0000000000000,00
1360100	 0000000000000,00	 0000000000000,00	 0000000000000,00	 0000000000000,00
1360200	 0000000000000,00	 0000000000000,00	 0000000000000,00	 0000000000000,00
1360300	 0000000000000,00	 0000000000000,00	 0000000000000,00	 0000000000000,00
1400000	 0000000001437,00	 0000000000000,00	 0000000000000,00	 0000000000000,00
1400100	 0000000000000,00	 0000000000000,00	 0000000000000,00	 0000000000000,00
1400101	 0000000000000,00	 0000000000000,00	 0000000000000,00	 0000000000000,00
1400103	 0000000000000,00	 0000000000000,00	 0000000000000,00	 0000000000000,00
1400200	 0000000001437,00	 0000000000000,00	 0000000000000,00	 0000000000000,00
1500000	 0000000050686,00	 0000000000000,00	 0000000000000,00	 0000000000000,00
1500100	 0000000000000,00	 0000000000000,00	 0000000000000,00	 0000000000000,00
1500200	 0000000050686,00	 0000000000000,00	 0000000000000,00	 0000000000000,00
1600000	 0000000023833,00	 0000000000000,00	 0000000000000,00	 0000000000000,00
1600100	 0000000016403,00	 0000000000000,00	 0000000000000,00	 0000000000000,00
1600200	 0000000007430,00	 0000000000000,00	 0000000000000,00	 0000000000000,00
1700000	 0000000000637,00	 0000000000000,00	 0000000000000,00	 0000000000000,00
1750000	 0000000011638,00	 0000000000000,00	 0000000000000,00	 0000000000000,00
1800000	 0000000091287,00	 0000000000000,00	 0000000000000,00	 0000000023134,00
1800100	 0000000005696,00	 0000000000000,00	 0000000000000,00	 0000000000000,00
1800200	 0000000000106,00	 0000000000000,00	 0000000000000,00	 0000000000000,00
1800900	 0000000085485,00	 0000000000000,00	 0000000000000,00	 0000000023134,00
2000000	 0000002331641,00	 0000001395712,00	 0000000000000,00	 0000000743292,00
2100000	 0000000363342,00	 0000000002300,00	 0000000000000,00	 0000000085646,00
2100100	 0000000302802,00	 0000000000000,00	 0000000000000,00	 0000000079272,00
2100109	 0000000196465,00	 0000000000000,00	 0000000000000,00	 0000000070990,00
2100110	 0000000106314,00	 0000000000000,00	 0000000000000,00	 0000000008282,00
2100200	 0000000030239,00	 0000000000000,00	 0000000000000,00	 0000000000000,00
2100300	 0000000030301,00	 0000000002300,00	 0000000000000,00	 0000000006374,00
2130000	 0000000108216,00	 0000000000000,00	 0000000000000,00	 0000000082498,00
2160000	 0000000053989,00	 0000000000000,00	 0000000000000,00	 0000000000000,00
2160100	 0000000053811,00	 0000000000000,00	 0000000000000,00	 0000000000000,00
2160200	 0000000000178,00	 0000000000000,00	 0000000000000,00	 0000000000000,00
2200000	 0000001612111,00	 0000000357746,00	 0000000000000,00	 0000000427915,00
2200100	 0000001612111,00	 0000000357746,00	 0000000000000,00	 0000000427915,00
2200200	 0000000000000,00	 0000000000000,00	 0000000000000,00	 0000000000000,00
2200900	 0000000000000,00	 0000000000000,00	 0000000000000,00	 0000000000000,00
2250000	 0000000100583,00	 0000000000000,00	 0000000000000,00	 0000000000000,00
2250100	 0000000100583,00	 0000000000000,00	 0000000000000,00	 0000000000000,00
2250200	 0000000000000,00	 0000000000000,00	 0000000000000,00	 0000000000000,00
2300000	 0000000000076,00	 0000000000000,00	 0000000000000,00	 0000000145513,00
2301000	 0000000000076,00	 0000000000000,00	 0000000000000,00	 0000000000000,00
2301001	 0000000000000,00	 0000000000000,00	 0000000000000,00	 0000000000000,00
2302000	 0000000000000,00	 0000000000000,00	 0000000000000,00	 0000000145513,00
2302100	 0000000000000,00	 0000000000000,00	 0000000000000,00	 0000000131353,00
2302200	 0000000000000,00	 0000000000000,00	 0000000000000,00	 0000000014160,00
2303000	 0000000000000,00	 0000000000000,00	 0000000000000,00	 0000000000000,00
2303100	 0000000000000,00	 0000000000000,00	 0000000000000,00	 0000000000000,00
2303900	 0000000000000,00	 0000000000000,00	 0000000000000,00	 0000000000000,00
2400000	 0000000000000,00	 0000001016429,00	 0000000000000,00	 0000000000000,00
2401000	 0000000000000,00	 0000000035860,00	 0000000000000,00	 0000000000000,00
2402000	 0000000000000,00	 0000000980569,00	 0000000000000,00	 0000000000000,00
2402100	 0000000000000,00	 0000000783497,00	 0000000000000,00	 0000000000000,00
2402200	 0000000000000,00	 0000000197072,00	 0000000000000,00	 0000000000000,00
2402300	 0000000000000,00	 0000000000000,00	 0000000000000,00	 0000000000000,00
2500000	 0000000003799,00	 0000000019237,00	 0000000000000,00	 0000000000274,00
2500100	 0000000000000,00	 0000000019237,00	 0000000000000,00	 0000000000000,00
2500200	 0000000003799,00	 0000000000000,00	 0000000000000,00	 0000000000274,00
2500300	 0000000000000,00	 0000000000000,00	 0000000000000,00	 0000000000000,00
2600000	 0000000004340,00	 0000000000000,00	 0000000000000,00	 0000000000000,00
2650000	 0000000008421,00	 0000000000000,00	 0000000000000,00	 0000000000000,00
2700000	 0000000021724,00	 0000000000000,00	 0000000000000,00	 0000000000000,00
2700100	 0000000002212,00	 0000000000000,00	 0000000000000,00	 0000000000000,00
2700200	 0000000012331,00	 0000000000000,00	 0000000000000,00	 0000000000000,00
2700300	 0000000003895,00	 0000000000000,00	 0000000000000,00	 0000000000000,00
2700400	 0000000003286,00	 0000000000000,00	 0000000000000,00	 0000000000000,00
2700401	 0000000000068,00	 0000000000000,00	 0000000000000,00	 0000000000000,00
2700402	 0000000000000,00	 0000000000000,00	 0000000000000,00	 0000000000000,00
2700411	 0000000000000,00	 0000000000000,00	 0000000000000,00	 0000000000000,00
2700412	 0000000000000,00	 0000000000000,00	 0000000000000,00	 0000000000000,00
2700413	 0000000000000,00	 0000000000000,00	 0000000000000,00	 0000000000000,00
2700421	 0000000000000,00	 0000000000000,00	 0000000000000,00	 0000000000000,00
2700422	 0000000000053,00	 0000000000000,00	 0000000000000,00	 0000000000000,00
2700423	 0000000000007,00	 0000000000000,00	 0000000000000,00	 0000000000000,00
2700490	 0000000003158,00	 0000000000000,00	 0000000000000,00	 0000000000000,00
2800000	 0000000055040,00	 0000000000000,00	 0000000000000,00	 0000000001446,00
3000000	 0000000353268,00	 0000000000000,00	 0000000000000,00	 0000000000000,00
3101000	 0000000225045,00	 0000000000000,00	 0000000000000,00	 0000000000000,00
3102000	 0000000022224,00	 0000000000000,00	 0000000000000,00	 0000000000000,00
3103000	 0000000003237,00	 0000000000000,00	 0000000000000,00	 0000000000000,00
3104000	 0000000102679,00	 0000000000000,00	 0000000000000,00	 0000000000000,00
3104100	 0000000073906,00	 0000000000000,00	 0000000000000,00	 0000000000000,00
3104200	 0000000041104,00	 0000000000000,00	 0000000000000,00	 0000000000000,00
3104300	-0000000012331,00	 0000000000000,00	 0000000000000,00	 0000000000000,00
3200000	 0000000000083,00	 0000000000000,00	 0000000000000,00	 0000000000000,00
5001000	 0000000353185,00	 0000000000000,00	 0000000000000,00	 0000000000000,00
5002000	 0000002684909,00	 0000001395712,00	 0000000000000,00	 0000000743292,00
5100000	 0000001483757,00	 0000001558050,00	 0000000031655,00	 0000000387303,00
