039	BANCO ITAÚ CHILE                                                        
1000000	 0000001607840,00	 0000001207307,00	 0000000024864,00	 0000000422837,00
1100000	 0000000049606,00	 0000000000000,00	 0000000000000,00	 0000000030368,00
1100100	 0000000015915,00	 0000000000000,00	 0000000000000,00	 0000000002424,00
1100200	 0000000032743,00	 0000000000000,00	 0000000000000,00	 0000000001419,00
1100300	 0000000000948,00	 0000000000000,00	 0000000000000,00	 0000000000000,00
1100400	 0000000000000,00	 0000000000000,00	 0000000000000,00	 0000000026525,00
1130000	 0000000074714,00	 0000000000000,00	 0000000000000,00	 0000000040751,00
1130100	 0000000016499,00	 0000000000000,00	 0000000000000,00	 0000000001105,00
1130200	 0000000058215,00	 0000000000000,00	 0000000000000,00	 0000000039646,00
1150000	 0000000000215,00	 0000000051167,00	 0000000000000,00	 0000000000000,00
1150100	 0000000000000,00	 0000000051167,00	 0000000000000,00	 0000000000000,00
1150200	 0000000000000,00	 0000000000000,00	 0000000000000,00	 0000000000000,00
1150300	 0000000000000,00	 0000000000000,00	 0000000000000,00	 0000000000000,00
1150400	 0000000000215,00	 0000000000000,00	 0000000000000,00	 0000000000000,00
1160000	 0000000000000,00	 0000000000000,00	 0000000000000,00	 0000000000000,00
1160100	 0000000000000,00	 0000000000000,00	 0000000000000,00	 0000000000000,00
1160200	 0000000000000,00	 0000000000000,00	 0000000000000,00	 0000000000000,00
1250000	 0000000034012,00	 0000000001663,00	 0000000000000,00	 0000000002356,00
1250100	 0000000034012,00	 0000000001663,00	 0000000000000,00	 0000000002356,00
1250200	 0000000000000,00	 0000000000000,00	 0000000000000,00	 0000000000000,00
1270000	 0000000011102,00	 0000000000000,00	 0000000000000,00	 0000000000000,00
1270100	 0000000011102,00	 0000000000000,00	 0000000000000,00	 0000000000000,00
1270101	 0000000000000,00	 0000000000000,00	 0000000000000,00	 0000000000000,00
1270111	 0000000011105,00	 0000000000000,00	 0000000000000,00	 0000000000000,00
1270190	-0000000000003,00	 0000000000000,00	 0000000000000,00	 0000000000000,00
1270200	 0000000000000,00	 0000000000000,00	 0000000000000,00	 0000000000000,00
1270201	 0000000000000,00	 0000000000000,00	 0000000000000,00	 0000000000000,00
1270290	 0000000000000,00	 0000000000000,00	 0000000000000,00	 0000000000000,00
1300000	 0000001050487,00	 0000001042696,00	 0000000024864,00	 0000000348271,00
1302000	 0000000753012,00	 0000000512399,00	 0000000024864,00	 0000000345639,00
1302100	 0000000606310,00	 0000000373870,00	 0000000000000,00	 0000000173523,00
1302101	 0000000605034,00	 0000000109165,00	 0000000000000,00	 0000000031063,00
1302102	 0000000000838,00	 0000000000000,00	 0000000000000,00	 0000000142460,00
1302170	 0000000000000,00	 0000000029290,00	 0000000000000,00	 0000000000000,00
1302180	 0000000000438,00	 0000000235415,00	 0000000000000,00	 0000000000000,00
1302200	 0000000028981,00	 0000000000000,00	 0000000000019,00	 0000000171951,00
1302202	 0000000022996,00	 0000000000000,00	 0000000000000,00	 0000000090210,00
1302300	 0000000035231,00	 0000000000000,00	 0000000000000,00	 0000000000000,00
1302500	 0000000051287,00	 0000000000000,00	 0000000000000,00	 0000000000000,00
1302800	 0000000029695,00	 0000000099884,00	 0000000024760,00	 0000000000000,00
1302900	 0000000001508,00	 0000000038645,00	 0000000000085,00	 0000000000165,00
1304000	 0000000000652,00	 0000000529225,00	 0000000000000,00	 0000000000000,00
1304100	 0000000000000,00	 0000000055806,00	 0000000000000,00	 0000000000000,00
1304101	 0000000000000,00	 0000000054948,00	 0000000000000,00	 0000000000000,00
1304102	 0000000000000,00	 0000000000858,00	 0000000000000,00	 0000000000000,00
1304200	 0000000000000,00	 0000000030356,00	 0000000000000,00	 0000000000000,00
1304300	 0000000000652,00	 0000000443063,00	 0000000000000,00	 0000000000000,00
1304800	 0000000000000,00	 0000000000000,00	 0000000000000,00	 0000000000000,00
1304900	 0000000000000,00	 0000000000000,00	 0000000000000,00	 0000000000000,00
1305000	 0000000346961,00	 0000000001072,00	 0000000000000,00	 0000000002632,00
1305100	 0000000194186,00	 0000000000922,00	 0000000000000,00	 0000000000000,00
1305300	 0000000076285,00	 0000000000000,00	 0000000000000,00	 0000000000000,00
1305400	 0000000076490,00	 0000000000000,00	 0000000000000,00	 0000000002632,00
1305800	 0000000000000,00	 0000000000150,00	 0000000000000,00	 0000000000000,00
1305900	 0000000000000,00	 0000000000000,00	 0000000000000,00	 0000000000000,00
1309000	-0000000050138,00	 0000000000000,00	 0000000000000,00	 0000000000000,00
1309001	-0000000036744,00	 0000000000000,00	 0000000000000,00	 0000000000000,00
1309002	-0000000000642,00	 0000000000000,00	 0000000000000,00	 0000000000000,00
1309003	-0000000012752,00	 0000000000000,00	 0000000000000,00	 0000000000000,00
1350000	 0000000267873,00	 0000000111781,00	 0000000000000,00	 0000000000000,00
1350100	 0000000068736,00	 0000000049823,00	 0000000000000,00	 0000000000000,00
1350200	 0000000199137,00	 0000000061958,00	 0000000000000,00	 0000000000000,00
1350300	 0000000000000,00	 0000000000000,00	 0000000000000,00	 0000000000000,00
1360000	 0000000000000,00	 0000000000000,00	 0000000000000,00	 0000000000000,00
1360100	 0000000000000,00	 0000000000000,00	 0000000000000,00	 0000000000000,00
1360200	 0000000000000,00	 0000000000000,00	 0000000000000,00	 0000000000000,00
1360300	 0000000000000,00	 0000000000000,00	 0000000000000,00	 0000000000000,00
1400000	 0000000000263,00	 0000000000000,00	 0000000000000,00	 0000000000000,00
1400100	 0000000000000,00	 0000000000000,00	 0000000000000,00	 0000000000000,00
1400101	 0000000000000,00	 0000000000000,00	 0000000000000,00	 0000000000000,00
1400103	 0000000000000,00	 0000000000000,00	 0000000000000,00	 0000000000000,00
1400200	 0000000000263,00	 0000000000000,00	 0000000000000,00	 0000000000000,00
1500000	 0000000020666,00	 0000000000000,00	 0000000000000,00	 0000000000000,00
1500100	 0000000000000,00	 0000000000000,00	 0000000000000,00	 0000000000000,00
1500200	 0000000020666,00	 0000000000000,00	 0000000000000,00	 0000000000000,00
1600000	 0000000031238,00	 0000000000000,00	 0000000000000,00	 0000000000000,00
1600100	 0000000022752,00	 0000000000000,00	 0000000000000,00	 0000000000000,00
1600200	 0000000008486,00	 0000000000000,00	 0000000000000,00	 0000000000000,00
1700000	 0000000003065,00	 0000000000000,00	 0000000000000,00	 0000000000000,00
1750000	 0000000046417,00	 0000000000000,00	 0000000000000,00	 0000000000000,00
1800000	 0000000018182,00	 0000000000000,00	 0000000000000,00	 0000000001091,00
1800100	 0000000003642,00	 0000000000000,00	 0000000000000,00	 0000000000684,00
1800200	 0000000001317,00	 0000000000000,00	 0000000000000,00	 0000000000000,00
1800900	 0000000013223,00	 0000000000000,00	 0000000000000,00	 0000000000407,00
2000000	 0000001552808,00	 0000000786672,00	 0000000000000,00	 0000000579492,00
2100000	 0000000412198,00	 0000000000000,00	 0000000000000,00	 0000000069399,00
2100100	 0000000301489,00	 0000000000000,00	 0000000000000,00	 0000000061171,00
2100109	 0000000156585,00	 0000000000000,00	 0000000000000,00	 0000000053756,00
2100110	 0000000144900,00	 0000000000000,00	 0000000000000,00	 0000000007415,00
2100200	 0000000033934,00	 0000000000000,00	 0000000000000,00	 0000000000000,00
2100300	 0000000076775,00	 0000000000000,00	 0000000000000,00	 0000000008228,00
2130000	 0000000059354,00	 0000000000000,00	 0000000000000,00	 0000000058416,00
2160000	 0000000025286,00	 0000000000000,00	 0000000000000,00	 0000000001792,00
2160100	 0000000000000,00	 0000000000000,00	 0000000000000,00	 0000000000000,00
2160200	 0000000025286,00	 0000000000000,00	 0000000000000,00	 0000000001792,00
2200000	 0000000913743,00	 0000000453520,00	 0000000000000,00	 0000000296814,00
2200100	 0000000913743,00	 0000000453520,00	 0000000000000,00	 0000000296814,00
2200200	 0000000000000,00	 0000000000000,00	 0000000000000,00	 0000000000000,00
2200900	 0000000000000,00	 0000000000000,00	 0000000000000,00	 0000000000000,00
2250000	 0000000044525,00	 0000000001738,00	 0000000000000,00	 0000000001916,00
2250100	 0000000044525,00	 0000000001738,00	 0000000000000,00	 0000000001916,00
2250200	 0000000000000,00	 0000000000000,00	 0000000000000,00	 0000000000000,00
2300000	 0000000012001,00	 0000000000000,00	 0000000000000,00	 0000000149805,00
2301000	 0000000012001,00	 0000000000000,00	 0000000000000,00	 0000000000000,00
2301001	 0000000012001,00	 0000000000000,00	 0000000000000,00	 0000000000000,00
2302000	 0000000000000,00	 0000000000000,00	 0000000000000,00	 0000000149805,00
2302100	 0000000000000,00	 0000000000000,00	 0000000000000,00	 0000000007198,00
2302200	 0000000000000,00	 0000000000000,00	 0000000000000,00	 0000000142607,00
2303000	 0000000000000,00	 0000000000000,00	 0000000000000,00	 0000000000000,00
2303100	 0000000000000,00	 0000000000000,00	 0000000000000,00	 0000000000000,00
2303900	 0000000000000,00	 0000000000000,00	 0000000000000,00	 0000000000000,00
2400000	 0000000000000,00	 0000000330380,00	 0000000000000,00	 0000000000000,00
2401000	 0000000000000,00	 0000000090511,00	 0000000000000,00	 0000000000000,00
2402000	 0000000000000,00	 0000000239869,00	 0000000000000,00	 0000000000000,00
2402100	 0000000000000,00	 0000000198955,00	 0000000000000,00	 0000000000000,00
2402200	 0000000000000,00	 0000000040914,00	 0000000000000,00	 0000000000000,00
2500000	 0000000004427,00	 0000000001034,00	 0000000000000,00	 0000000001169,00
2500100	 0000000000000,00	 0000000001034,00	 0000000000000,00	 0000000000000,00
2500200	 0000000004427,00	 0000000000000,00	 0000000000000,00	 0000000001169,00
2500300	 0000000000000,00	 0000000000000,00	 0000000000000,00	 0000000000000,00
2600000	 0000000010087,00	 0000000000000,00	 0000000000000,00	 0000000000000,00
2650000	 0000000036444,00	 0000000000000,00	 0000000000000,00	 0000000000000,00
2700000	 0000000009702,00	 0000000000000,00	 0000000000000,00	 0000000000000,00
2700100	 0000000006662,00	 0000000000000,00	 0000000000000,00	 0000000000000,00
2700200	 0000000000000,00	 0000000000000,00	 0000000000000,00	 0000000000000,00
2700300	 0000000001118,00	 0000000000000,00	 0000000000000,00	 0000000000000,00
2700400	 0000000001922,00	 0000000000000,00	 0000000000000,00	 0000000000000,00
2700401	 0000000000000,00	 0000000000000,00	 0000000000000,00	 0000000000000,00
2700402	 0000000000000,00	 0000000000000,00	 0000000000000,00	 0000000000000,00
2700403	 0000000001718,00	 0000000000000,00	 0000000000000,00	 0000000000000,00
2700490	 0000000000204,00	 0000000000000,00	 0000000000000,00	 0000000000000,00
2800000	 0000000025041,00	 0000000000000,00	 0000000000000,00	 0000000000181,00
3000000	 0000000343876,00	 0000000000000,00	 0000000000000,00	 0000000000000,00
3101000	 0000000219492,00	 0000000000000,00	 0000000000000,00	 0000000000000,00
3102000	 0000000090079,00	 0000000000000,00	 0000000000000,00	 0000000000000,00
3103000	-0000000000941,00	 0000000000000,00	 0000000000000,00	 0000000000000,00
3104000	 0000000035225,00	 0000000000000,00	 0000000000000,00	 0000000000000,00
3104100	 0000000000000,00	 0000000000000,00	 0000000000000,00	 0000000000000,00
3104200	 0000000035225,00	 0000000000000,00	 0000000000000,00	 0000000000000,00
3104300	 0000000000000,00	 0000000000000,00	 0000000000000,00	 0000000000000,00
3200000	 0000000000021,00	 0000000000000,00	 0000000000000,00	 0000000000000,00
5001000	 0000000343855,00	 0000000000000,00	 0000000000000,00	 0000000000000,00
5002000	 0000001896684,00	 0000000786672,00	 0000000000000,00	 0000000579492,00
5100000	 0000001100625,00	 0000001042696,00	 0000000024864,00	 0000000348271,00
