049	BANCO SECURITY
1000000	 0000003897112,00	 0000003828028,00	 0000000004722,00	 0000001448763,00
1100000	 0000000341747,00	 0000000000000,00	 0000000000000,00	 0000000529960,00
1100100	 0000000008012,00	 0000000000000,00	 0000000000000,00	 0000000012182,00
1100200	 0000000330147,00	 0000000000000,00	 0000000000000,00	 0000000254809,00
1100300	 0000000003538,00	 0000000000000,00	 0000000000000,00	 0000000002056,00
1100400	 0000000000050,00	 0000000000000,00	 0000000000000,00	 0000000260913,00
1130000	 0000000043472,00	 0000000000000,00	 0000000000000,00	 0000000044097,00
1130100	 0000000010071,00	 0000000000000,00	 0000000000000,00	 0000000000676,00
1130200	 0000000033401,00	 0000000000000,00	 0000000000000,00	 0000000043421,00
1150000	 0000000071935,00	 0000000000000,00	 0000000000000,00	 0000000000000,00
1150100	 0000000007018,00	 0000000000000,00	 0000000000000,00	 0000000000000,00
1150200	 0000000059893,00	 0000000000000,00	 0000000000000,00	 0000000000000,00
1150300	 0000000000000,00	 0000000000000,00	 0000000000000,00	 0000000000000,00
1150400	 0000000005024,00	 0000000000000,00	 0000000000000,00	 0000000000000,00
1160000	 0000000000000,00	 0000000000000,00	 0000000000000,00	 0000000000000,00
1160100	 0000000000000,00	 0000000000000,00	 0000000000000,00	 0000000000000,00
1160200	 0000000000000,00	 0000000000000,00	 0000000000000,00	 0000000000000,00
1250000	 0000000225625,00	 0000000000000,00	 0000000000000,00	 0000000000026,00
1250100	 0000000179917,00	 0000000000000,00	 0000000000000,00	 0000000000026,00
1250200	 0000000045708,00	 0000000000000,00	 0000000000000,00	 0000000000000,00
1270000	-0000000000011,00	 0000000000000,00	 0000000000000,00	 0000000001401,00
1270100	 0000000000000,00	 0000000000000,00	 0000000000000,00	 0000000000591,00
1270112	 0000000000000,00	 0000000000000,00	 0000000000000,00	 0000000000000,00
1270113	 0000000000000,00	 0000000000000,00	 0000000000000,00	 0000000000000,00
1270116	 0000000000000,00	 0000000000000,00	 0000000000000,00	 0000000000591,00
1270117	 0000000000000,00	 0000000000000,00	 0000000000000,00	 0000000000000,00
1270118	 0000000000000,00	 0000000000000,00	 0000000000000,00	 0000000000000,00
1270190	 0000000000000,00	 0000000000000,00	 0000000000000,00	 0000000000000,00
1270200	-0000000000011,00	 0000000000000,00	 0000000000000,00	 0000000000810,00
1270202	 0000000000000,00	 0000000000000,00	 0000000000000,00	 0000000000000,00
1270203	 0000000000000,00	 0000000000000,00	 0000000000000,00	 0000000000810,00
1270206	 0000000000000,00	 0000000000000,00	 0000000000000,00	 0000000000000,00
1270207	 0000000000000,00	 0000000000000,00	 0000000000000,00	 0000000000000,00
1270208	 0000000000000,00	 0000000000000,00	 0000000000000,00	 0000000000000,00
1270290	-0000000000011,00	 0000000000000,00	 0000000000000,00	 0000000000000,00
1270300	 0000000000000,00	 0000000000000,00	 0000000000000,00	 0000000000000,00
1300000	 0000002035263,00	 0000003636278,00	 0000000004722,00	 0000000729798,00
1302000	 0000001780479,00	 0000002829346,00	 0000000004722,00	 0000000725172,00
1302100	 0000001671453,00	 0000002486663,00	 0000000000000,00	 0000000540245,00
1302101	 0000001671317,00	 0000002447786,00	 0000000000000,00	 0000000534653,00
1302102	 0000000000000,00	 0000000000000,00	 0000000000000,00	 0000000005592,00
1302170	 0000000000000,00	 0000000000814,00	 0000000000000,00	 0000000000000,00
1302180	 0000000000136,00	 0000000038063,00	 0000000000000,00	 0000000000000,00
1302200	 0000000018735,00	 0000000000000,00	 0000000000000,00	 0000000184157,00
1302201	 0000000000000,00	 0000000000000,00	 0000000000000,00	 0000000000000,00
1302202	 0000000018655,00	 0000000000000,00	 0000000000000,00	 0000000121551,00
1302241	 0000000000000,00	 0000000000000,00	 0000000000000,00	 0000000005487,00
1302242	 0000000000080,00	 0000000000000,00	 0000000000000,00	 0000000057119,00
1302281	 0000000000000,00	 0000000000000,00	 0000000000000,00	 0000000000000,00
1302282	 0000000000000,00	 0000000000000,00	 0000000000000,00	 0000000000000,00
1302300	 0000000031756,00	 0000000000000,00	 0000000000000,00	 0000000000000,00
1302500	 0000000000000,00	 0000000000000,00	 0000000000000,00	 0000000000000,00
1302600	 0000000000002,00	 0000000002734,00	 0000000000000,00	 0000000000000,00
1302601	 0000000000000,00	 0000000000000,00	 0000000000000,00	 0000000000000,00
1302602	 0000000000000,00	 0000000000000,00	 0000000000000,00	 0000000000000,00
1302604	 0000000000002,00	 0000000002734,00	 0000000000000,00	 0000000000000,00
1302800	 0000000054128,00	 0000000339719,00	 0000000004663,00	 0000000000000,00
1302900	 0000000004405,00	 0000000000230,00	 0000000000059,00	 0000000000770,00
1304000	 0000000002269,00	 0000000795825,00	 0000000000000,00	 0000000000000,00
1304100	 0000000000000,00	 0000000000871,00	 0000000000000,00	 0000000000000,00
1304101	 0000000000000,00	 0000000000871,00	 0000000000000,00	 0000000000000,00
1304102	 0000000000000,00	 0000000000000,00	 0000000000000,00	 0000000000000,00
1304200	 0000000000782,00	 0000000238206,00	 0000000000000,00	 0000000000000,00
1304400	 0000000000000,00	 0000000000000,00	 0000000000000,00	 0000000000000,00
1304500	 0000000001487,00	 0000000555455,00	 0000000000000,00	 0000000000000,00
1304600	 0000000000000,00	 0000000000000,00	 0000000000000,00	 0000000000000,00
1304800	 0000000000000,00	 0000000001293,00	 0000000000000,00	 0000000000000,00
1304900	 0000000000000,00	 0000000000000,00	 0000000000000,00	 0000000000000,00
1305000	 0000000401448,00	 0000000011107,00	 0000000000000,00	 0000000004626,00
1305100	 0000000261176,00	 0000000011107,00	 0000000000000,00	 0000000000000,00
1305300	 0000000053364,00	 0000000000000,00	 0000000000000,00	 0000000000000,00
1305400	 0000000086908,00	 0000000000000,00	 0000000000000,00	 0000000004626,00
1305800	 0000000000000,00	 0000000000000,00	 0000000000000,00	 0000000000000,00
1305900	 0000000000000,00	 0000000000000,00	 0000000000000,00	 0000000000000,00
1309000	-0000000148933,00	 0000000000000,00	 0000000000000,00	 0000000000000,00
1309100	-0000000128607,00	 0000000000000,00	 0000000000000,00	 0000000000000,00
1309200	-0000000001477,00	 0000000000000,00	 0000000000000,00	 0000000000000,00
1309300	-0000000018849,00	 0000000000000,00	 0000000000000,00	 0000000000000,00
1350000	 0000000983101,00	 0000000184222,00	 0000000000000,00	 0000000118031,00
1350100	 0000000824763,00	 0000000000000,00	 0000000000000,00	 0000000000000,00
1350200	 0000000158338,00	 0000000184222,00	 0000000000000,00	 0000000010804,00
1350300	 0000000000000,00	 0000000000000,00	 0000000000000,00	 0000000107227,00
1360000	 0000000000000,00	 0000000000000,00	 0000000000000,00	 0000000000000,00
1360100	 0000000000000,00	 0000000000000,00	 0000000000000,00	 0000000000000,00
1360200	 0000000000000,00	 0000000000000,00	 0000000000000,00	 0000000000000,00
1360300	 0000000000000,00	 0000000000000,00	 0000000000000,00	 0000000000000,00
1400000	 0000000002111,00	 0000000000000,00	 0000000000000,00	 0000000000000,00
1400100	 0000000000000,00	 0000000000000,00	 0000000000000,00	 0000000000000,00
1400101	 0000000000000,00	 0000000000000,00	 0000000000000,00	 0000000000000,00
1400103	 0000000000000,00	 0000000000000,00	 0000000000000,00	 0000000000000,00
1400200	 0000000002111,00	 0000000000000,00	 0000000000000,00	 0000000000000,00
1500000	 0000000039990,00	 0000000000000,00	 0000000000000,00	 0000000000000,00
1500100	 0000000013039,00	 0000000000000,00	 0000000000000,00	 0000000000000,00
1500200	 0000000026951,00	 0000000000000,00	 0000000000000,00	 0000000000000,00
1600000	 0000000020148,00	 0000000000000,00	 0000000000000,00	 0000000000000,00
1600100	 0000000014775,00	 0000000000000,00	 0000000000000,00	 0000000000000,00
1600200	 0000000005373,00	 0000000000000,00	 0000000000000,00	 0000000000000,00
1650000	 0000000000000,00	 0000000007528,00	 0000000000000,00	 0000000000000,00
1650100	 0000000000000,00	 0000000007528,00	 0000000000000,00	 0000000000000,00
1650200	 0000000000000,00	 0000000000000,00	 0000000000000,00	 0000000000000,00
1700000	 0000000003132,00	 0000000000000,00	 0000000000000,00	 0000000000000,00
1750000	 0000000057974,00	 0000000000000,00	 0000000000000,00	 0000000000000,00
1800000	 0000000072625,00	 0000000000000,00	 0000000000000,00	 0000000025450,00
1800100	 0000000006907,00	 0000000000000,00	 0000000000000,00	 0000000000000,00
1800200	 0000000006728,00	 0000000000000,00	 0000000000000,00	 0000000000000,00
1800900	 0000000058990,00	 0000000000000,00	 0000000000000,00	 0000000025450,00
2000000	 0000004268806,00	 0000002912147,00	 0000000017341,00	 0000001297125,00
2100000	 0000001031643,00	 0000000050827,00	 0000000000000,00	 0000000416788,00
2100100	 0000000788397,00	 0000000000000,00	 0000000000000,00	 0000000404269,00
2100109	 0000000510516,00	 0000000000000,00	 0000000000000,00	 0000000387473,00
2100110	 0000000277881,00	 0000000000000,00	 0000000000000,00	 0000000016796,00
2100200	 0000000114378,00	 0000000000000,00	 0000000000000,00	 0000000000000,00
2100300	 0000000128868,00	 0000000050827,00	 0000000000000,00	 0000000012519,00
2130000	 0000000034241,00	 0000000000000,00	 0000000000000,00	 0000000036403,00
2160000	 0000000021488,00	 0000000000000,00	 0000000000000,00	 0000000000000,00
2160100	 0000000020624,00	 0000000000000,00	 0000000000000,00	 0000000000000,00
2160200	 0000000000864,00	 0000000000000,00	 0000000000000,00	 0000000000000,00
2200000	 0000001311213,00	 0000000006725,00	 0000000000000,00	 0000000577699,00
2200100	 0000001311213,00	 0000000006725,00	 0000000000000,00	 0000000577699,00
2200200	 0000000000000,00	 0000000000000,00	 0000000000000,00	 0000000000000,00
2200900	 0000000000000,00	 0000000000000,00	 0000000000000,00	 0000000000000,00
2250000	 0000000234632,00	 0000000000000,00	 0000000000000,00	 0000000000000,00
2250100	 0000000183870,00	 0000000000000,00	 0000000000000,00	 0000000000000,00
2250200	 0000000050762,00	 0000000000000,00	 0000000000000,00	 0000000000000,00
2300000	 0000001200951,00	 0000000000000,00	 0000000000000,00	 0000000262684,00
2301000	 0000000000664,00	 0000000000000,00	 0000000000000,00	 0000000000000,00
2301001	 0000000000000,00	 0000000000000,00	 0000000000000,00	 0000000000000,00
2302000	 0000000000000,00	 0000000000000,00	 0000000000000,00	 0000000262684,00
2302100	 0000000000000,00	 0000000000000,00	 0000000000000,00	 0000000184267,00
2302200	 0000000000000,00	 0000000000000,00	 0000000000000,00	 0000000078417,00
2303000	 0000001200287,00	 0000000000000,00	 0000000000000,00	 0000000000000,00
2303100	 0000001200287,00	 0000000000000,00	 0000000000000,00	 0000000000000,00
2303900	 0000000000000,00	 0000000000000,00	 0000000000000,00	 0000000000000,00
2400000	 0000000322231,00	 0000002845189,00	 0000000000000,00	 0000000000000,00
2401000	 0000000000000,00	 0000000001630,00	 0000000000000,00	 0000000000000,00
2402000	 0000000322231,00	 0000002843559,00	 0000000000000,00	 0000000000000,00
2402100	 0000000322231,00	 0000002488422,00	 0000000000000,00	 0000000000000,00
2402200	 0000000000000,00	 0000000355137,00	 0000000000000,00	 0000000000000,00
2402300	 0000000000000,00	 0000000000000,00	 0000000000000,00	 0000000000000,00
2500000	 0000000009204,00	 0000000001532,00	 0000000017341,00	 0000000000308,00
2500100	 0000000000000,00	 0000000001532,00	 0000000017341,00	 0000000000000,00
2500200	 0000000009204,00	 0000000000000,00	 0000000000000,00	 0000000000308,00
2500300	 0000000000000,00	 0000000000000,00	 0000000000000,00	 0000000000000,00
2550000	 0000000000000,00	 0000000007874,00	 0000000000000,00	 0000000000000,00
2600000	 0000000008762,00	 0000000000000,00	 0000000000000,00	 0000000000000,00
2650000	 0000000000000,00	 0000000000000,00	 0000000000000,00	 0000000000000,00
2700000	 0000000043385,00	 0000000000000,00	 0000000000000,00	 0000000000000,00
2700100	 0000000004902,00	 0000000000000,00	 0000000000000,00	 0000000000000,00
2700200	 0000000018137,00	 0000000000000,00	 0000000000000,00	 0000000000000,00
2700300	 0000000007284,00	 0000000000000,00	 0000000000000,00	 0000000000000,00
2700400	 0000000013062,00	 0000000000000,00	 0000000000000,00	 0000000000000,00
2700401	 0000000000699,00	 0000000000000,00	 0000000000000,00	 0000000000000,00
2700402	 0000000000000,00	 0000000000000,00	 0000000000000,00	 0000000000000,00
2700411	 0000000005000,00	 0000000000000,00	 0000000000000,00	 0000000000000,00
2700412	 0000000000500,00	 0000000000000,00	 0000000000000,00	 0000000000000,00
2700413	 0000000002500,00	 0000000000000,00	 0000000000000,00	 0000000000000,00
2700421	 0000000000000,00	 0000000000000,00	 0000000000000,00	 0000000000000,00
2700422	 0000000000000,00	 0000000000000,00	 0000000000000,00	 0000000000000,00
2700423	 0000000000000,00	 0000000000000,00	 0000000000000,00	 0000000000000,00
2700490	 0000000004363,00	 0000000000000,00	 0000000000000,00	 0000000000000,00
2800000	 0000000051056,00	 0000000000000,00	 0000000000000,00	 0000000003243,00
3000000	 0000000683059,00	 0000000000000,00	 0000000000000,00	 0000000000147,00
3101000	 0000000325041,00	 0000000000000,00	 0000000000000,00	 0000000000000,00
3102000	 0000000023381,00	 0000000000000,00	 0000000000000,00	 0000000000000,00
3103000	-0000000019387,00	 0000000000000,00	 0000000000000,00	 0000000000000,00
3104000	 0000000353969,00	 0000000000000,00	 0000000000000,00	 0000000000147,00
3104100	 0000000311649,00	 0000000000000,00	 0000000000000,00	 0000000000147,00
3104200	 0000000060457,00	 0000000000000,00	 0000000000000,00	 0000000000000,00
3104300	-0000000018137,00	 0000000000000,00	 0000000000000,00	 0000000000000,00
3200000	 0000000000055,00	 0000000000000,00	 0000000000000,00	 0000000000000,00
5001000	 0000000683004,00	 0000000000000,00	 0000000000000,00	 0000000000147,00
5002000	 0000004951865,00	 0000002912147,00	 0000000017341,00	 0000001297272,00
5100000	 0000002184196,00	 0000003636278,00	 0000000004722,00	 0000000729798,00
