999	SISTEMA FINANCIERO
4100000	 0000004198934,00	 0000006706834,00	 0000000024290,00	 0000001099143,00
4100100	 0000000008358,00	 0000000000342,00	 0000000000000,00	 0000000000407,00
4100101	 0000000008358,00	 0000000000002,00	 0000000000000,00	 0000000000407,00
4100151	 0000000000000,00	 0000000000340,00	 0000000000000,00	 0000000000000,00
4100200	 0000000007892,00	 0000000000000,00	 0000000000014,00	 0000000011730,00
4100201	 0000000007892,00	 0000000000000,00	 0000000000014,00	 0000000011730,00
4100251	 0000000000000,00	 0000000000000,00	 0000000000000,00	 0000000000000,00
4100300	 0000001867243,00	 0000002456232,00	 0000000024332,00	 0000000835354,00
4100301	 0000001545170,00	 0000000617432,00	 0000000002798,00	 0000000655196,00
4100309	 0000000013389,00	 0000000000232,00	 0000000001737,00	 0000000118280,00
4100310	 0000000062860,00	 0000000000003,00	 0000000000000,00	 0000000000969,00
4100320	 0000000057208,00	 0000000000499,00	 0000000000429,00	 0000000005643,00
4100325	 0000000003303,00	 0000000078681,00	 0000000000000,00	 0000000000000,00
4100330	 0000000131419,00	 0000000117006,00	 0000000018801,00	 0000000049936,00
4100340	 0000000016104,00	 0000000002294,00	 0000000000000,00	 0000000004006,00
4100351	 0000000002279,00	 0000001334235,00	 0000000000000,00	 0000000000000,00
4100359	 0000000000000,00	 0000000000036,00	 0000000000000,00	 0000000000000,00
4100360	 0000000000000,00	 0000000000000,00	 0000000000000,00	 0000000000000,00
4100370	 0000000000440,00	 0000000009097,00	 0000000000000,00	 0000000000000,00
4100375	 0000000000000,00	 0000000113736,00	 0000000000000,00	 0000000000000,00
4100380	 0000000000000,00	 0000000170991,00	 0000000000567,00	 0000000000000,00
4100390	 0000000000000,00	 0000000007014,00	 0000000000000,00	 0000000000000,00
4100399	 0000000035071,00	 0000000004976,00	 0000000000000,00	 0000000001324,00
4100400	 0000000013553,00	 0000004147512,00	 0000000000000,00	 0000000046537,00
4100401	 0000000000006,00	 0000000021978,00	 0000000000000,00	 0000000000000,00
4100402	 0000000006659,00	 0000000002867,00	 0000000000000,00	 0000000000000,00
4100403	 0000000000000,00	 0000000002413,00	 0000000000000,00	 0000000000000,00
4100405	 0000000000004,00	 0000000084012,00	 0000000000000,00	 0000000000869,00
4100407	 0000000001387,00	 0000001363172,00	 0000000000000,00	 0000000023426,00
4100408	 0000000000000,00	 0000000000000,00	 0000000000000,00	 0000000000000,00
4100420	 0000000000000,00	 0000000002965,00	 0000000000000,00	 0000000022242,00
4100430	 0000000000037,00	 0000000008255,00	 0000000000000,00	 0000000000000,00
4100451	 0000000000000,00	 0000000022610,00	 0000000000000,00	 0000000000000,00
4100452	 0000000000000,00	 0000000004461,00	 0000000000000,00	 0000000000000,00
4100455	 0000000000005,00	 0000000136706,00	 0000000000000,00	 0000000000000,00
4100457	 0000000000207,00	 0000002467477,00	 0000000000000,00	 0000000000000,00
4100458	 0000000000000,00	 0000000000000,00	 0000000000000,00	 0000000000000,00
4100480	 0000000000000,00	 0000000001750,00	 0000000000000,00	 0000000000000,00
4100490	 0000000000000,00	 0000000027291,00	 0000000000000,00	 0000000000000,00
4100499	 0000000005248,00	 0000000001555,00	 0000000000000,00	 0000000000000,00
4100500	 0000002378889,00	 0000000012727,00	 0000000000000,00	 0000000092600,00
4100501	 0000001251460,00	 0000000005428,00	 0000000000000,00	 0000000068471,00
4100510	 0000000142866,00	 0000000000000,00	 0000000000000,00	 0000000002045,00
4100520	 0000000961092,00	 0000000000000,00	 0000000000000,00	 0000000017975,00
4100530	 0000000000287,00	 0000000000018,00	 0000000000000,00	 0000000000072,00
4100540	 0000000000170,00	 0000000000000,00	 0000000000000,00	 0000000004037,00
4100590	 0000000000000,00	 0000000006912,00	 0000000000000,00	 0000000000000,00
4100599	 0000000023014,00	 0000000000369,00	 0000000000000,00	 0000000000000,00
4100600	 0000000288857,00	 0000000263538,00	 0000000000000,00	 0000000108245,00
4100601	 0000000271579,00	 0000000006754,00	 0000000000000,00	 0000000088462,00
4100621	 0000000008714,00	 0000000000603,00	 0000000000000,00	 0000000019783,00
4100651	 0000000008564,00	 0000000248933,00	 0000000000000,00	 0000000000000,00
4100671	 0000000000000,00	 0000000007248,00	 0000000000000,00	 0000000000000,00
4100800	 0000000057929,00	 0000000023884,00	 0000000000087,00	 0000000008384,00
4100801	 0000000000641,00	 0000000000000,00	 0000000000000,00	 0000000001166,00
4100804	 0000000008360,00	 0000000000000,00	 0000000000000,00	 0000000001307,00
4100810	 0000000042855,00	 0000000005529,00	 0000000000087,00	 0000000005911,00
4100850	 0000000006073,00	 0000000018355,00	 0000000000000,00	 0000000000000,00
4100900	-0000000423787,00	-0000000197401,00	-0000000000143,00	-0000000004114,00
4150000	-0000000837198,00	-0000003085646,00	-0000000003748,00	-0000000385084,00
4150100	-0000000049577,00	-0000000027656,00	 0000000000000,00	-0000000036456,00
4150101	-0000000046738,00	 0000000000000,00	 0000000000000,00	-0000000018127,00
4150102	-0000000001772,00	 0000000000000,00	 0000000000000,00	-0000000018329,00
4150103	-0000000001067,00	 0000000000000,00	 0000000000000,00	 0000000000000,00
4150151	 0000000000000,00	-0000000027656,00	 0000000000000,00	 0000000000000,00
4150200	-0000000014738,00	-0000000006124,00	-0000000000052,00	-0000000005180,00
4150201	-0000000014734,00	-0000000000264,00	 0000000000000,00	-0000000005180,00
4150251	-0000000000004,00	-0000000005860,00	-0000000000052,00	 0000000000000,00
4150300	-0000000291217,00	-0000000353414,00	 0000000000000,00	-0000000079169,00
4150301	-0000000264962,00	-0000000027792,00	 0000000000000,00	-0000000078914,00
4150302	-0000000022499,00	-0000000003337,00	 0000000000000,00	-0000000000149,00
4150309	-0000000003172,00	-0000000001655,00	 0000000000000,00	-0000000000106,00
4150351	-0000000000578,00	-0000000095344,00	 0000000000000,00	 0000000000000,00
4150352	 0000000000000,00	-0000000221494,00	 0000000000000,00	 0000000000000,00
4150359	-0000000000006,00	-0000000003792,00	 0000000000000,00	 0000000000000,00
4150400	-0000000123022,00	 0000000000000,00	-0000000000565,00	-0000000050450,00
4150401	-0000000123022,00	 0000000000000,00	-0000000000565,00	-0000000050450,00
4150451	 0000000000000,00	 0000000000000,00	 0000000000000,00	 0000000000000,00
4150500	-0000000097645,00	-0000002611028,00	 0000000000000,00	-0000000206528,00
4150501	-0000000000030,00	-0000000025497,00	 0000000000000,00	 0000000000000,00
4150511	-0000000097557,00	-0000000565032,00	 0000000000000,00	-0000000201045,00
4150521	 0000000000000,00	-0000000217230,00	 0000000000000,00	-0000000005483,00
4150522	 0000000000000,00	-0000000002054,00	 0000000000000,00	 0000000000000,00
4150551	-0000000000059,00	-0000000042803,00	 0000000000000,00	 0000000000000,00
4150561	 0000000000000,00	-0000001452839,00	 0000000000000,00	 0000000000000,00
4150571	 0000000000001,00	-0000000302110,00	 0000000000000,00	 0000000000000,00
4150572	 0000000000000,00	-0000000003463,00	 0000000000000,00	 0000000000000,00
4150600	-0000000006137,00	-0000000012720,00	-0000000003131,00	-0000000005093,00
4150601	-0000000006118,00	-0000000002580,00	-0000000003131,00	-0000000005093,00
4150651	-0000000000019,00	-0000000010140,00	 0000000000000,00	 0000000000000,00
4150700	-0000000005607,00	-0000000007578,00	 0000000000000,00	-0000000002282,00
4150701	-0000000005614,00	-0000000007580,00	 0000000000000,00	-0000000002282,00
4150751	 0000000000007,00	 0000000000002,00	 0000000000000,00	 0000000000000,00
4150800	-0000000002958,00	-0000000070563,00	 0000000000000,00	-0000000001048,00
4150801	-0000000002666,00	-0000000004384,00	 0000000000000,00	-0000000001048,00
4150851	-0000000000292,00	-0000000066179,00	 0000000000000,00	 0000000000000,00
4150900	-0000000246297,00	 0000000003437,00	 0000000000000,00	 0000000001122,00
4200000	 0000002465262,00	 0000000036998,00	 0000000005716,00	 0000000152662,00
4200100	 0000000019120,00	 0000000002323,00	 0000000000474,00	 0000000002524,00
4200200	 0000000054504,00	 0000000033734,00	 0000000004642,00	 0000000027232,00
4200300	 0000000864691,00	 0000000000000,00	 0000000000000,00	 0000000019092,00
4200303	 0000000081368,00	 0000000000000,00	 0000000000000,00	 0000000000831,00
4200304	 0000000210824,00	 0000000000000,00	 0000000000000,00	 0000000002253,00
4200305	 0000000231862,00	 0000000000000,00	 0000000000000,00	 0000000013270,00
4200306	 0000000054298,00	 0000000000000,00	 0000000000000,00	 0000000000642,00
4200307	 0000000262307,00	 0000000000000,00	 0000000000000,00	 0000000000000,00
4200309	 0000000024032,00	 0000000000000,00	 0000000000000,00	 0000000002096,00
4200400	 0000000241110,00	 0000000000240,00	 0000000000000,00	 0000000015258,00
4200500	 0000000411902,00	 0000000000085,00	 0000000000587,00	 0000000016035,00
4200600	 0000000093884,00	 0000000000033,00	 0000000000000,00	 0000000015268,00
4200700	 0000000226491,00	 0000000000000,00	 0000000000000,00	 0000000019317,00
4200800	 0000000214691,00	 0000000000000,00	 0000000000000,00	 0000000003245,00
4200900	 0000000338869,00	 0000000000583,00	 0000000000013,00	 0000000034691,00
4250000	-0000000770401,00	 0000000000000,00	 0000000000000,00	-0000000056209,00
4250100	-0000000381032,00	 0000000000000,00	 0000000000000,00	-0000000035986,00
4250101	-0000000223507,00	 0000000000000,00	 0000000000000,00	-0000000031225,00
4250102	-0000000100527,00	 0000000000000,00	 0000000000000,00	-0000000000913,00
4250190	-0000000056998,00	 0000000000000,00	 0000000000000,00	-0000000003848,00
4250200	-0000000083876,00	 0000000000000,00	 0000000000000,00	-0000000001845,00
4250300	-0000000305493,00	 0000000000000,00	 0000000000000,00	-0000000018378,00
4300000	 0000000200445,00	 0000000091266,00	 0000000000179,00	 0000000054546,00
4300100	-0000000008408,00	 0000000008048,00	 0000000000179,00	-0000000000953,00
4300101	 0000000043818,00	 0000000037758,00	 0000000000191,00	 0000000020309,00
4300102	-0000000021942,00	-0000000044111,00	-0000000000012,00	-0000000033396,00
4300103	 0000000041190,00	 0000000048709,00	 0000000000000,00	 0000000019662,00
4300104	-0000000075823,00	-0000000034308,00	 0000000000000,00	-0000000007240,00
4300190	 0000000004349,00	 0000000000000,00	 0000000000000,00	-0000000000288,00
4300200	 0000000032765,00	 0000000070466,00	 0000000000000,00	 0000000137824,00
4300300	-0000000017346,00	 0000000011007,00	 0000000000000,00	 0000000007962,00
4300400	 0000000173556,00	 0000000000066,00	 0000000000000,00	-0000000091608,00
4300500	 0000000019878,00	 0000000001679,00	 0000000000000,00	 0000000001321,00
4350000	 0000000451954,00	 0000000050173,00	 0000000005456,00	 0000000045748,00
4350100	-0000000519687,00	 0000000000000,00	-0000000050988,00	-0000000004925,00
4350200	 0000000026883,00	-0000000000218,00	 0000000056444,00	-0000000001147,00
4350900	 0000000944758,00	 0000000050391,00	 0000000000000,00	 0000000051820,00
4400000	 0000000154337,00	 0000000000166,00	 0000000000004,00	 0000000046021,00
4400100	 0000000027731,00	 0000000000000,00	 0000000000000,00	 0000000006169,00
4400200	 0000000002549,00	 0000000000000,00	 0000000000000,00	 0000000000000,00
4400290	 0000000000962,00	 0000000000000,00	 0000000000000,00	 0000000000000,00
4400300	 0000000124057,00	 0000000000166,00	 0000000000004,00	 0000000039852,00
4500000	-0000001579510,00	 0000000023261,00	 0000000000000,00	-0000000056698,00
4500100	-0000001392292,00	-0000000000152,00	 0000000000000,00	-0000000090691,00
4500101	-0000000638824,00	-0000000000089,00	 0000000000000,00	-0000000047194,00
4500111	-0000000085058,00	-0000000000063,00	 0000000000000,00	-0000000004321,00
4500112	-0000000585733,00	 0000000000000,00	 0000000000000,00	-0000000041333,00
4500190	-0000000003414,00	 0000000000000,00	 0000000000000,00	 0000000002157,00
4500191	-0000000079263,00	 0000000000000,00	 0000000000000,00	 0000000000000,00
4500200	-0000000045501,00	 0000000000000,00	 0000000000000,00	-0000000002504,00
4500700	-0000000581588,00	 0000000000000,00	 0000000000000,00	 0000000020744,00
4500701	-0000000494506,00	 0000000000000,00	 0000000000000,00	 0000000019074,00
4500702	-0000000010724,00	 0000000000000,00	 0000000000000,00	 0000000000000,00
4500703	-0000000076358,00	 0000000000000,00	 0000000000000,00	 0000000001670,00
4500800	 0000000000001,00	 0000000000000,00	 0000000000000,00	 0000000000000,00
4500801	 0000000000000,00	 0000000000000,00	 0000000000000,00	 0000000000000,00
4500802	 0000000000000,00	 0000000000000,00	 0000000000000,00	 0000000000000,00
4500803	 0000000000001,00	 0000000000000,00	 0000000000000,00	 0000000000000,00
4500900	 0000000439870,00	 0000000023413,00	 0000000000000,00	 0000000015753,00
4500901	 0000000104701,00	 0000000005505,00	 0000000000000,00	 0000000005774,00
4500911	 0000000034321,00	 0000000003226,00	 0000000000000,00	 0000000000320,00
4500921	 0000000300848,00	 0000000014682,00	 0000000000000,00	 0000000009659,00
4500931	 0000000000000,00	 0000000000000,00	 0000000000000,00	 0000000000000,00
4600000	-0000002152549,00	 0000000000000,00	-0000000000450,00	-0000000185760,00
4610000	-0000001537600,00	-0000000000482,00	-0000000000031,00	-0000000150771,00
4610100	-0000000946916,00	-0000000000476,00	-0000000000031,00	-0000000115164,00
4610200	-0000000321631,00	 0000000000000,00	 0000000000000,00	-0000000006755,00
4610300	-0000000012934,00	 0000000000000,00	 0000000000000,00	-0000000001352,00
4610400	-0000000145687,00	 0000000000000,00	 0000000000000,00	-0000000004176,00
4610500	-0000000110432,00	-0000000000006,00	 0000000000000,00	-0000000023324,00
4620000	-0000000424999,00	-0000000045460,00	-0000000005149,00	-0000000035800,00
4630000	-0000000000634,00	 0000000000000,00	 0000000000000,00	-0000000000001,00
4650000	-0000000365653,00	-0000000005172,00	 0000000000000,00	-0000000031534,00
4650100	-0000000030650,00	 0000000000000,00	 0000000000000,00	-0000000003092,00
4650200	-0000000070442,00	 0000000000000,00	 0000000000000,00	-0000000001471,00
4650201	-0000000007194,00	 0000000000000,00	 0000000000000,00	-0000000000676,00
4650211	 0000000000000,00	 0000000000000,00	 0000000000000,00	 0000000000000,00
4650290	-0000000063248,00	 0000000000000,00	 0000000000000,00	-0000000000795,00
4650900	-0000000264561,00	-0000000005172,00	 0000000000000,00	-0000000026971,00
4700000	-0000000012172,00	 0000000000000,00	 0000000000000,00	 0000000001835,00
4700100	 0000000010513,00	 0000000000000,00	 0000000000000,00	 0000000001835,00
4700101	 0000000000000,00	 0000000000000,00	 0000000000000,00	 0000000000000,00
4700103	 0000000008937,00	 0000000000000,00	 0000000000000,00	 0000000000000,00
4700110	 0000000001576,00	 0000000000000,00	 0000000000000,00	 0000000001835,00
4700200	-0000000022685,00	 0000000000000,00	 0000000000000,00	 0000000000000,00
4700201	 0000000000000,00	 0000000000000,00	 0000000000000,00	 0000000000000,00
4700203	-0000000022643,00	 0000000000000,00	 0000000000000,00	 0000000000000,00
4700210	-0000000000042,00	 0000000000000,00	 0000000000000,00	 0000000000000,00
4800000	-0000000999547,00	 0000000000000,00	 0000000000317,00	-0000000039581,00
4800001	-0000001095445,00	 0000000000000,00	 0000000000000,00	-0000000052101,00
4850000	 0000000000000,00	 0000000000000,00	 0000000000000,00	 0000000000000,00
4900000	 0000000112767,00	 0000000000000,00	 0000000000000,00	 0000000000142,00
5003000	 0000003361736,00	 0000003621188,00	 0000000020542,00	 0000000714059,00
5004000	 0000001694861,00	 0000000036998,00	 0000000005716,00	 0000000096453,00
5005000	 0000005863333,00	 0000003799791,00	 0000000031897,00	 0000000956827,00
5006000	 0000004283823,00	 0000003823052,00	 0000000031897,00	 0000000900129,00
5007000	-0000000197612,00	 0000003771938,00	 0000000026267,00	 0000000496263,00
5008000	-0000000209784,00	 0000003771938,00	 0000000026267,00	 0000000498098,00
5009000	-0000001209331,00	 0000003771938,00	 0000000026584,00	 0000000458517,00
5010000	-0000001209331,00	 0000003771938,00	 0000000026584,00	 0000000458517,00
5020000	-0000001322098,00	 0000003771938,00	 0000000026584,00	 0000000458375,00
