009	BANCO INTERNACIONAL
1000000	 0000001045643,00	 0000000795413,00	 0000000000186,00	 0000000161692,00
1100000	 0000000029966,00	 0000000000000,00	 0000000000000,00	 0000000036629,00
1100100	 0000000002480,00	 0000000000000,00	 0000000000000,00	 0000000010588,00
1100200	 0000000024250,00	 0000000000000,00	 0000000000000,00	 0000000000032,00
1100300	 0000000003236,00	 0000000000000,00	 0000000000000,00	 0000000000409,00
1100400	 0000000000000,00	 0000000000000,00	 0000000000000,00	 0000000025600,00
1130000	 0000000010704,00	 0000000000000,00	 0000000000000,00	 0000000012634,00
1130100	 0000000003358,00	 0000000000000,00	 0000000000000,00	 0000000002235,00
1130200	 0000000007346,00	 0000000000000,00	 0000000000000,00	 0000000010399,00
1150000	 0000000000020,00	 0000000000000,00	 0000000000000,00	 0000000000000,00
1150100	 0000000000000,00	 0000000000000,00	 0000000000000,00	 0000000000000,00
1150200	 0000000000020,00	 0000000000000,00	 0000000000000,00	 0000000000000,00
1150300	 0000000000000,00	 0000000000000,00	 0000000000000,00	 0000000000000,00
1150400	 0000000000000,00	 0000000000000,00	 0000000000000,00	 0000000000000,00
1160000	 0000000000000,00	 0000000000000,00	 0000000000000,00	 0000000000000,00
1160100	 0000000000000,00	 0000000000000,00	 0000000000000,00	 0000000000000,00
1160200	 0000000000000,00	 0000000000000,00	 0000000000000,00	 0000000000000,00
1250000	 0000000064646,00	 0000000005691,00	 0000000000000,00	 0000000000000,00
1250100	 0000000064536,00	 0000000005691,00	 0000000000000,00	 0000000000000,00
1250200	 0000000000110,00	 0000000000000,00	 0000000000000,00	 0000000000000,00
1270000	 0000000000000,00	 0000000000000,00	 0000000000000,00	 0000000000000,00
1270100	 0000000000000,00	 0000000000000,00	 0000000000000,00	 0000000000000,00
1270112	 0000000000000,00	 0000000000000,00	 0000000000000,00	 0000000000000,00
1270113	 0000000000000,00	 0000000000000,00	 0000000000000,00	 0000000000000,00
1270116	 0000000000000,00	 0000000000000,00	 0000000000000,00	 0000000000000,00
1270117	 0000000000000,00	 0000000000000,00	 0000000000000,00	 0000000000000,00
1270118	 0000000000000,00	 0000000000000,00	 0000000000000,00	 0000000000000,00
1270190	 0000000000000,00	 0000000000000,00	 0000000000000,00	 0000000000000,00
1270200	 0000000000000,00	 0000000000000,00	 0000000000000,00	 0000000000000,00
1270202	 0000000000000,00	 0000000000000,00	 0000000000000,00	 0000000000000,00
1270203	 0000000000000,00	 0000000000000,00	 0000000000000,00	 0000000000000,00
1270206	 0000000000000,00	 0000000000000,00	 0000000000000,00	 0000000000000,00
1270207	 0000000000000,00	 0000000000000,00	 0000000000000,00	 0000000000000,00
1270208	 0000000000000,00	 0000000000000,00	 0000000000000,00	 0000000000000,00
1270290	 0000000000000,00	 0000000000000,00	 0000000000000,00	 0000000000000,00
1270300	 0000000000000,00	 0000000000000,00	 0000000000000,00	 0000000000000,00
1300000	 0000000569222,00	 0000000619944,00	 0000000000186,00	 0000000098401,00
1302000	 0000000592705,00	 0000000593430,00	 0000000000186,00	 0000000098339,00
1302100	 0000000505909,00	 0000000451538,00	 0000000000003,00	 0000000039279,00
1302101	 0000000505521,00	 0000000428283,00	 0000000000003,00	 0000000039279,00
1302102	 0000000000000,00	 0000000000000,00	 0000000000000,00	 0000000000000,00
1302170	 0000000000000,00	 0000000003921,00	 0000000000000,00	 0000000000000,00
1302180	 0000000000000,00	 0000000003685,00	 0000000000000,00	 0000000000000,00
1302200	 0000000000594,00	 0000000000000,00	 0000000000000,00	 0000000058053,00
1302201	 0000000000594,00	 0000000000000,00	 0000000000000,00	 0000000030959,00
1302202	 0000000000000,00	 0000000000000,00	 0000000000000,00	 0000000000000,00
1302241	 0000000000000,00	 0000000000000,00	 0000000000000,00	 0000000027094,00
1302242	 0000000000000,00	 0000000000000,00	 0000000000000,00	 0000000000000,00
1302281	 0000000000000,00	 0000000000000,00	 0000000000000,00	 0000000000000,00
1302282	 0000000000000,00	 0000000000000,00	 0000000000000,00	 0000000000000,00
1302300	 0000000020690,00	 0000000000000,00	 0000000000000,00	 0000000000000,00
1302500	 0000000025976,00	 0000000000000,00	 0000000000000,00	 0000000000973,00
1302600	 0000000000000,00	 0000000042335,00	 0000000000000,00	 0000000000000,00
1302601	 0000000000000,00	 0000000038689,00	 0000000000000,00	 0000000000000,00
1302602	 0000000000000,00	 0000000003622,00	 0000000000000,00	 0000000000000,00
1302604	 0000000000000,00	 0000000000024,00	 0000000000000,00	 0000000000000,00
1302800	 0000000036061,00	 0000000099151,00	 0000000000183,00	 0000000000000,00
1302900	 0000000003475,00	 0000000000406,00	 0000000000000,00	 0000000000034,00
1304000	 0000000000000,00	 0000000026269,00	 0000000000000,00	 0000000000000,00
1304100	 0000000000000,00	 0000000014958,00	 0000000000000,00	 0000000000000,00
1304101	 0000000000000,00	 0000000014958,00	 0000000000000,00	 0000000000000,00
1304102	 0000000000000,00	 0000000000000,00	 0000000000000,00	 0000000000000,00
1304200	 0000000000000,00	 0000000009640,00	 0000000000000,00	 0000000000000,00
1304400	 0000000000000,00	 0000000000000,00	 0000000000000,00	 0000000000000,00
1304500	 0000000000000,00	 0000000001671,00	 0000000000000,00	 0000000000000,00
1304600	 0000000000000,00	 0000000000000,00	 0000000000000,00	 0000000000000,00
1304800	 0000000000000,00	 0000000000000,00	 0000000000000,00	 0000000000000,00
1304900	 0000000000000,00	 0000000000000,00	 0000000000000,00	 0000000000000,00
1305000	 0000000005497,00	 0000000000245,00	 0000000000000,00	 0000000000062,00
1305100	 0000000003508,00	 0000000000219,00	 0000000000000,00	 0000000000000,00
1305300	 0000000001021,00	 0000000000000,00	 0000000000000,00	 0000000000000,00
1305400	 0000000000840,00	 0000000000000,00	 0000000000000,00	 0000000000062,00
1305800	 0000000000030,00	 0000000000026,00	 0000000000000,00	 0000000000000,00
1305900	 0000000000098,00	 0000000000000,00	 0000000000000,00	 0000000000000,00
1309000	-0000000028980,00	 0000000000000,00	 0000000000000,00	 0000000000000,00
1309100	-0000000027937,00	 0000000000000,00	 0000000000000,00	 0000000000000,00
1309200	-0000000000439,00	 0000000000000,00	 0000000000000,00	 0000000000000,00
1309300	-0000000000604,00	 0000000000000,00	 0000000000000,00	 0000000000000,00
1350000	 0000000305506,00	 0000000169284,00	 0000000000000,00	 0000000003149,00
1350100	 0000000239097,00	 0000000010718,00	 0000000000000,00	 0000000000000,00
1350200	 0000000066409,00	 0000000158566,00	 0000000000000,00	 0000000003149,00
1350300	 0000000000000,00	 0000000000000,00	 0000000000000,00	 0000000000000,00
1360000	 0000000000000,00	 0000000000000,00	 0000000000000,00	 0000000000000,00
1360100	 0000000000000,00	 0000000000000,00	 0000000000000,00	 0000000000000,00
1360200	 0000000000000,00	 0000000000000,00	 0000000000000,00	 0000000000000,00
1360300	 0000000000000,00	 0000000000000,00	 0000000000000,00	 0000000000000,00
1400000	 0000000000437,00	 0000000000000,00	 0000000000000,00	 0000000000000,00
1400100	 0000000000000,00	 0000000000000,00	 0000000000000,00	 0000000000000,00
1400101	 0000000000000,00	 0000000000000,00	 0000000000000,00	 0000000000000,00
1400103	 0000000000000,00	 0000000000000,00	 0000000000000,00	 0000000000000,00
1400200	 0000000000437,00	 0000000000000,00	 0000000000000,00	 0000000000000,00
1500000	 0000000009426,00	 0000000000000,00	 0000000000000,00	 0000000000000,00
1500100	 0000000000000,00	 0000000000000,00	 0000000000000,00	 0000000000000,00
1500200	 0000000009426,00	 0000000000000,00	 0000000000000,00	 0000000000000,00
1600000	 0000000002736,00	 0000000000000,00	 0000000000000,00	 0000000000000,00
1600100	 0000000001287,00	 0000000000000,00	 0000000000000,00	 0000000000000,00
1600200	 0000000001449,00	 0000000000000,00	 0000000000000,00	 0000000000000,00
1700000	 0000000002066,00	 0000000000000,00	 0000000000000,00	 0000000000000,00
1750000	 0000000010792,00	 0000000000000,00	 0000000000000,00	 0000000000000,00
1800000	 0000000040122,00	 0000000000494,00	 0000000000000,00	 0000000010879,00
1800100	 0000000000001,00	 0000000000283,00	 0000000000000,00	 0000000000000,00
1800200	 0000000001098,00	 0000000000000,00	 0000000000000,00	 0000000000000,00
1800900	 0000000039023,00	 0000000000211,00	 0000000000000,00	 0000000010879,00
2000000	 0000001485316,00	 0000000192811,00	 0000000000181,00	 0000000212481,00
2100000	 0000000104594,00	 0000000001303,00	 0000000000000,00	 0000000013827,00
2100100	 0000000074547,00	 0000000000000,00	 0000000000000,00	 0000000012138,00
2100109	 0000000064798,00	 0000000000000,00	 0000000000000,00	 0000000011739,00
2100110	 0000000008985,00	 0000000000000,00	 0000000000000,00	 0000000000399,00
2100200	 0000000014168,00	 0000000000000,00	 0000000000000,00	 0000000000000,00
2100300	 0000000015879,00	 0000000001303,00	 0000000000000,00	 0000000001689,00
2130000	 0000000010906,00	 0000000000000,00	 0000000000000,00	 0000000006919,00
2160000	 0000000000000,00	 0000000000000,00	 0000000000000,00	 0000000000000,00
2160100	 0000000000000,00	 0000000000000,00	 0000000000000,00	 0000000000000,00
2160200	 0000000000000,00	 0000000000000,00	 0000000000000,00	 0000000000000,00
2200000	 0000001187428,00	 0000000037163,00	 0000000000000,00	 0000000125653,00
2200100	 0000001187292,00	 0000000035990,00	 0000000000000,00	 0000000125653,00
2200200	 0000000000000,00	 0000000000132,00	 0000000000000,00	 0000000000000,00
2200900	 0000000000136,00	 0000000001041,00	 0000000000000,00	 0000000000000,00
2250000	 0000000058373,00	 0000000000034,00	 0000000000000,00	 0000000000000,00
2250100	 0000000058298,00	 0000000000034,00	 0000000000000,00	 0000000000000,00
2250200	 0000000000075,00	 0000000000000,00	 0000000000000,00	 0000000000000,00
2300000	 0000000000000,00	 0000000000000,00	 0000000000000,00	 0000000056850,00
2301000	 0000000000000,00	 0000000000000,00	 0000000000000,00	 0000000000000,00
2301001	 0000000000000,00	 0000000000000,00	 0000000000000,00	 0000000000000,00
2302000	 0000000000000,00	 0000000000000,00	 0000000000000,00	 0000000056850,00
2302100	 0000000000000,00	 0000000000000,00	 0000000000000,00	 0000000056850,00
2302200	 0000000000000,00	 0000000000000,00	 0000000000000,00	 0000000000000,00
2303000	 0000000000000,00	 0000000000000,00	 0000000000000,00	 0000000000000,00
2303100	 0000000000000,00	 0000000000000,00	 0000000000000,00	 0000000000000,00
2303900	 0000000000000,00	 0000000000000,00	 0000000000000,00	 0000000000000,00
2400000	 0000000053089,00	 0000000148489,00	 0000000000000,00	 0000000000000,00
2401000	 0000000000000,00	 0000000018493,00	 0000000000000,00	 0000000000000,00
2402000	 0000000053089,00	 0000000129996,00	 0000000000000,00	 0000000000000,00
2402100	 0000000053089,00	 0000000043564,00	 0000000000000,00	 0000000000000,00
2402200	 0000000000000,00	 0000000086432,00	 0000000000000,00	 0000000000000,00
2402300	 0000000000000,00	 0000000000000,00	 0000000000000,00	 0000000000000,00
2500000	 0000000000345,00	 0000000005195,00	 0000000000181,00	 0000000000000,00
2500100	 0000000000278,00	 0000000005195,00	 0000000000181,00	 0000000000000,00
2500200	 0000000000067,00	 0000000000000,00	 0000000000000,00	 0000000000000,00
2500300	 0000000000000,00	 0000000000000,00	 0000000000000,00	 0000000000000,00
2600000	 0000000002728,00	 0000000000000,00	 0000000000000,00	 0000000000000,00
2650000	 0000000001734,00	 0000000000000,00	 0000000000000,00	 0000000000000,00
2700000	 0000000003610,00	 0000000000000,00	 0000000000000,00	 0000000000000,00
2700100	 0000000000666,00	 0000000000000,00	 0000000000000,00	 0000000000000,00
2700200	 0000000001667,00	 0000000000000,00	 0000000000000,00	 0000000000000,00
2700300	 0000000001172,00	 0000000000000,00	 0000000000000,00	 0000000000000,00
2700400	 0000000000105,00	 0000000000000,00	 0000000000000,00	 0000000000000,00
2700401	 0000000000000,00	 0000000000000,00	 0000000000000,00	 0000000000000,00
2700402	 0000000000000,00	 0000000000000,00	 0000000000000,00	 0000000000000,00
2700411	 0000000000082,00	 0000000000000,00	 0000000000000,00	 0000000000000,00
2700412	 0000000000000,00	 0000000000000,00	 0000000000000,00	 0000000000000,00
2700413	 0000000000000,00	 0000000000000,00	 0000000000000,00	 0000000000000,00
2700421	 0000000000000,00	 0000000000000,00	 0000000000000,00	 0000000000000,00
2700422	 0000000000000,00	 0000000000000,00	 0000000000000,00	 0000000000000,00
2700423	 0000000000000,00	 0000000000000,00	 0000000000000,00	 0000000000000,00
2700490	 0000000000023,00	 0000000000000,00	 0000000000000,00	 0000000000000,00
2800000	 0000000062509,00	 0000000000627,00	 0000000000000,00	 0000000009232,00
3000000	 0000000112145,00	 0000000000000,00	 0000000000000,00	 0000000000000,00
3101000	 0000000093284,00	 0000000000000,00	 0000000000000,00	 0000000000000,00
3102000	 0000000006547,00	 0000000000000,00	 0000000000000,00	 0000000000000,00
3103000	-0000000000101,00	 0000000000000,00	 0000000000000,00	 0000000000000,00
3104000	 0000000012415,00	 0000000000000,00	 0000000000000,00	 0000000000000,00
3104100	 0000000008525,00	 0000000000000,00	 0000000000000,00	 0000000000000,00
3104200	 0000000005558,00	 0000000000000,00	 0000000000000,00	 0000000000000,00
3104300	-0000000001668,00	 0000000000000,00	 0000000000000,00	 0000000000000,00
3200000	 0000000000000,00	 0000000000000,00	 0000000000000,00	 0000000000000,00
5001000	 0000000112145,00	 0000000000000,00	 0000000000000,00	 0000000000000,00
5002000	 0000001597461,00	 0000000192811,00	 0000000000181,00	 0000000212481,00
5100000	 0000000598202,00	 0000000619944,00	 0000000000186,00	 0000000098401,00
