999	SISTEMA FINANCIERO
1000000	 0000102412701,00	 0000082360704,00	 0000000634986,00	 0000044537704,00
1100000	 0000006372556,00	 0000000000000,00	 0000000000512,00	 0000005788513,00
1100100	 0000002455053,00	 0000000000000,00	 0000000000000,00	 0000000397822,00
1100200	 0000003816572,00	 0000000000000,00	 0000000000000,00	 0000000691768,00
1100300	 0000000100754,00	 0000000000000,00	 0000000000000,00	 0000000011990,00
1100400	 0000000000177,00	 0000000000000,00	 0000000000512,00	 0000004686933,00
1130000	 0000002444817,00	 0000000000000,00	 0000000000000,00	 0000002092070,00
1130100	 0000000533101,00	 0000000000000,00	 0000000000000,00	 0000000095686,00
1130200	 0000001911716,00	 0000000000000,00	 0000000000000,00	 0000001996384,00
1150000	 0000005274312,00	 0000002301599,00	 0000000000000,00	 0000000048897,00
1150100	 0000002037806,00	 0000001691601,00	 0000000000000,00	 0000000000000,00
1150200	 0000002959044,00	 0000000609998,00	 0000000000000,00	 0000000005476,00
1150300	 0000000000000,00	 0000000000000,00	 0000000000000,00	 0000000024685,00
1150400	 0000000277462,00	 0000000000000,00	 0000000000000,00	 0000000018736,00
1160000	 0000000835412,00	 0000000000000,00	 0000000000000,00	 0000000013462,00
1160100	 0000000000000,00	 0000000000000,00	 0000000000000,00	 0000000000000,00
1160200	 0000000835412,00	 0000000000000,00	 0000000000000,00	 0000000013462,00
1250000	 0000008439710,00	 0000000230027,00	 0000000000000,00	 0000000456028,00
1250100	 0000008055300,00	 0000000181291,00	 0000000000000,00	 0000000434438,00
1250200	 0000000384410,00	 0000000048736,00	 0000000000000,00	 0000000021590,00
1270000	 0000001695518,00	 0000000000000,00	 0000000000000,00	 0000001365675,00
1270100	 0000000296183,00	 0000000000000,00	 0000000000000,00	 0000000009152,00
1270112	 0000000294000,00	 0000000000000,00	 0000000000000,00	 0000000001595,00
1270113	 0000000002500,00	 0000000000000,00	 0000000000000,00	 0000000004681,00
1270116	 0000000000000,00	 0000000000000,00	 0000000000000,00	 0000000002901,00
1270117	 0000000000000,00	 0000000000000,00	 0000000000000,00	 0000000000000,00
1270118	 0000000000000,00	 0000000000000,00	 0000000000000,00	 0000000000000,00
1270190	-0000000000319,00	 0000000000000,00	 0000000000000,00	-0000000000025,00
1270200	-0000000001315,00	 0000000000000,00	 0000000000000,00	 0000001356523,00
1270202	 0000000000000,00	 0000000000000,00	 0000000000000,00	 0000000019678,00
1270203	 0000000000000,00	 0000000000000,00	 0000000000000,00	 0000001032873,00
1270206	 0000000000000,00	 0000000000000,00	 0000000000000,00	 0000000107007,00
1270207	 0000000000000,00	 0000000000000,00	 0000000000000,00	 0000000000000,00
1270208	 0000000000000,00	 0000000000000,00	 0000000000000,00	 0000000050260,00
1270290	-0000000001315,00	 0000000000000,00	 0000000000000,00	-0000000001566,00
1270300	 0000001400650,00	 0000000000000,00	 0000000000000,00	 0000000000000,00
1300000	 0000056546691,00	 0000075718408,00	 0000000544079,00	 0000026575125,00
1302000	 0000039450896,00	 0000030248236,00	 0000000544079,00	 0000024364821,00
1302100	 0000033278529,00	 0000023118895,00	 0000000072355,00	 0000016056201,00
1302101	 0000033276732,00	 0000022114144,00	 0000000072355,00	 0000008002200,00
1302102	 0000000000703,00	 0000000000000,00	 0000000000000,00	 0000006169154,00
1302170	 0000000000074,00	 0000000218801,00	 0000000000000,00	 0000000000000,00
1302180	 0000000000632,00	 0000000747443,00	 0000000000000,00	 0000001884847,00
1302200	 0000000741364,00	 0000000045484,00	 0000000000132,00	 0000006700527,00
1302201	 0000000000594,00	 0000000000000,00	 0000000000000,00	 0000000057803,00
1302202	 0000000567891,00	 0000000043278,00	 0000000000000,00	 0000003975657,00
1302241	 0000000014471,00	 0000000000002,00	 0000000000118,00	 0000000489410,00
1302242	 0000000158408,00	 0000000002204,00	 0000000000014,00	 0000002040404,00
1302281	 0000000000000,00	 0000000000000,00	 0000000000000,00	 0000000051936,00
1302282	 0000000000000,00	 0000000000000,00	 0000000000000,00	 0000000085317,00
1302300	 0000001153917,00	 0000000000000,00	 0000000000000,00	 0000000029436,00
1302500	 0000001733296,00	 0000000224823,00	 0000000000000,00	 0000000792212,00
1302600	 0000000008118,00	 0000002834925,00	 0000000000000,00	 0000000000000,00
1302601	 0000000001448,00	 0000002590172,00	 0000000000000,00	 0000000000000,00
1302602	 0000000000003,00	 0000000070725,00	 0000000000000,00	 0000000000000,00
1302604	 0000000006667,00	 0000000174028,00	 0000000000000,00	 0000000000000,00
1302800	 0000002219615,00	 0000004006704,00	 0000000470106,00	 0000000754582,00
1302900	 0000000316057,00	 0000000017405,00	 0000000001486,00	 0000000031863,00
1304000	 0000000091389,00	 0000045274527,00	 0000000000000,00	 0000001348044,00
1304100	 0000000000016,00	 0000000956268,00	 0000000000000,00	 0000000000000,00
1304101	 0000000000016,00	 0000000953071,00	 0000000000000,00	 0000000000000,00
1304102	 0000000000000,00	 0000000003197,00	 0000000000000,00	 0000000000000,00
1304200	 0000000000708,00	 0000001752613,00	 0000000000000,00	 0000000773898,00
1304400	 0000000000000,00	 0000000097349,00	 0000000000000,00	 0000000000000,00
1304500	 0000000052287,00	 0000042278957,00	 0000000000000,00	 0000000267344,00
1304600	 0000000000000,00	 0000000000007,00	 0000000000000,00	 0000000000000,00
1304800	 0000000037035,00	 0000000025944,00	 0000000000000,00	 0000000306802,00
1304900	 0000000001343,00	 0000000163389,00	 0000000000000,00	 0000000000000,00
1305000	 0000020618710,00	 0000000195807,00	 0000000000000,00	 0000001217136,00
1305100	 0000013696985,00	 0000000192914,00	 0000000000000,00	 0000000836061,00
1305300	 0000001247607,00	 0000000000000,00	 0000000000000,00	 0000000003469,00
1305400	 0000005667547,00	 0000000000000,00	 0000000000000,00	 0000000279515,00
1305800	 0000000004965,00	 0000000002893,00	 0000000000000,00	 0000000008820,00
1305900	 0000000001606,00	 0000000000000,00	 0000000000000,00	 0000000089271,00
1309000	-0000003614304,00	-0000000000162,00	 0000000000000,00	-0000000354876,00
1309100	-0000001925222,00	-0000000000083,00	 0000000000000,00	-0000000254124,00
1309200	-0000000357828,00	-0000000000079,00	 0000000000000,00	-0000000030779,00
1309300	-0000001331254,00	 0000000000000,00	 0000000000000,00	-0000000069973,00
1350000	 0000012154141,00	 0000003963084,00	 0000000000000,00	 0000005705678,00
1350100	 0000007656754,00	 0000002712343,00	 0000000000000,00	 0000000303412,00
1350200	 0000004497124,00	 0000001250741,00	 0000000000000,00	 0000000177436,00
1350300	 0000000000263,00	 0000000000000,00	 0000000000000,00	 0000005224830,00
1360000	 0000000010361,00	 0000000029333,00	 0000000000000,00	 0000000308891,00
1360100	 0000000000000,00	 0000000025557,00	 0000000000000,00	 0000000000000,00
1360200	 0000000010361,00	 0000000003776,00	 0000000000000,00	 0000000000000,00
1360300	 0000000000000,00	 0000000000000,00	 0000000000000,00	 0000000308891,00
1400000	 0000000215440,00	 0000000000529,00	 0000000000000,00	 0000000004487,00
1400100	 0000000103367,00	 0000000000000,00	 0000000000000,00	 0000000000000,00
1400101	 0000000000000,00	 0000000000000,00	 0000000000000,00	 0000000000000,00
1400103	 0000000103367,00	 0000000000000,00	 0000000000000,00	 0000000000000,00
1400200	 0000000112073,00	 0000000000529,00	 0000000000000,00	 0000000004487,00
1500000	 0000002104237,00	 0000000000026,00	 0000000050269,00	 0000000198146,00
1500100	 0000001196491,00	 0000000000000,00	 0000000010161,00	 0000000000000,00
1500200	 0000000907746,00	 0000000000026,00	 0000000040108,00	 0000000198146,00
1600000	 0000001342817,00	 0000000000116,00	 0000000000000,00	 0000000099778,00
1600100	 0000000903679,00	 0000000000000,00	 0000000000000,00	 0000000079980,00
1600200	 0000000439138,00	 0000000000116,00	 0000000000000,00	 0000000019798,00
1700000	 0000000205599,00	 0000000000000,00	 0000000000000,00	 0000000061276,00
1750000	 0000002078428,00	 0000000000000,00	 0000000000000,00	 0000000082800,00
1800000	 0000002692662,00	 0000000117582,00	 0000000040126,00	 0000001736878,00
1800100	 0000000266522,00	 0000000081473,00	 0000000009702,00	 0000000026135,00
1800200	 0000000094675,00	 0000000000000,00	 0000000000000,00	 0000000006491,00
1800900	 0000002331465,00	 0000000036109,00	 0000000030424,00	 0000001704252,00
2000000	 0000116066747,00	 0000045220790,00	 0000000139983,00	 0000049724342,00
2100000	 0000034789448,00	 0000000893066,00	 0000000000053,00	 0000010840661,00
2100100	 0000026640929,00	 0000000000000,00	 0000000000000,00	 0000009053339,00
2100109	 0000018084162,00	 0000000000000,00	 0000000000000,00	 0000008427918,00
2100110	 0000008533249,00	 0000000000000,00	 0000000000000,00	 0000000612068,00
2100200	 0000004565486,00	 0000000000000,00	 0000000000000,00	 0000001234578,00
2100300	 0000003583033,00	 0000000893066,00	 0000000000053,00	 0000000552744,00
2130000	 0000001843462,00	 0000000001590,00	 0000000000000,00	 0000002082503,00
2160000	 0000002732045,00	 0000000007185,00	 0000000000000,00	 0000000942550,00
2160100	 0000000135900,00	 0000000000144,00	 0000000000000,00	 0000000000000,00
2160200	 0000002596145,00	 0000000007041,00	 0000000000000,00	 0000000942550,00
2200000	 0000059950150,00	 0000009111720,00	 0000000000005,00	 0000015593690,00
2200100	 0000057666684,00	 0000006097808,00	 0000000000005,00	 0000015176789,00
2200200	 0000001822078,00	 0000002997244,00	 0000000000000,00	 0000000020706,00
2200900	 0000000461388,00	 0000000016668,00	 0000000000000,00	 0000000396195,00
2250000	 0000008381283,00	 0000000413524,00	 0000000000000,00	 0000000372649,00
2250100	 0000007569069,00	 0000000210512,00	 0000000000000,00	 0000000341822,00
2250200	 0000000812214,00	 0000000203012,00	 0000000000000,00	 0000000030827,00
2300000	 0000000640513,00	 0000000007038,00	 0000000025535,00	 0000010194654,00
2301000	 0000000640403,00	 0000000007033,00	 0000000025520,00	 0000000712589,00
2301001	 0000000358500,00	 0000000000000,00	 0000000000000,00	 0000000712581,00
2302000	 0000000000110,00	 0000000000000,00	 0000000000015,00	 0000009482065,00
2302100	 0000000000056,00	 0000000000000,00	 0000000000015,00	 0000003980902,00
2302200	 0000000000054,00	 0000000000000,00	 0000000000000,00	 0000005501163,00
2303000	 0000000000000,00	 0000000000005,00	 0000000000000,00	 0000000000000,00
2303100	 0000000000000,00	 0000000000000,00	 0000000000000,00	 0000000000000,00
2303900	 0000000000000,00	 0000000000005,00	 0000000000000,00	 0000000000000,00
2400000	 0000002746016,00	 0000034243661,00	 0000000000000,00	 0000007621484,00
2401000	 0000000000000,00	 0000001156793,00	 0000000000000,00	 0000000000000,00
2402000	 0000002746016,00	 0000033086868,00	 0000000000000,00	 0000007621484,00
2402100	 0000002745507,00	 0000027561704,00	 0000000000000,00	 0000007436375,00
2402200	 0000000000509,00	 0000005428633,00	 0000000000000,00	 0000000185109,00
2402300	 0000000000000,00	 0000000096531,00	 0000000000000,00	 0000000000000,00
2500000	 0000000558106,00	 0000000075075,00	 0000000078793,00	 0000000934290,00
2500100	 0000000148674,00	 0000000067173,00	 0000000078793,00	 0000000004740,00
2500200	 0000000406134,00	 0000000007902,00	 0000000000000,00	 0000000127754,00
2500300	 0000000003298,00	 0000000000000,00	 0000000000000,00	 0000000801796,00
2600000	 0000000073141,00	 0000000000000,00	 0000000000000,00	 0000000004219,00
2650000	 0000000064831,00	 0000000000000,00	 0000000000000,00	 0000000026974,00
2700000	 0000001966799,00	 0000000000000,00	 0000000000000,00	 0000000132158,00
2700100	 0000000343173,00	 0000000000000,00	 0000000000000,00	 0000000083035,00
2700200	 0000000445107,00	 0000000000000,00	 0000000000000,00	 0000000000000,00
2700300	 0000000263659,00	 0000000000000,00	 0000000000000,00	 0000000036866,00
2700400	 0000000914860,00	 0000000000000,00	 0000000000000,00	 0000000012257,00
2700401	 0000000015109,00	 0000000000000,00	 0000000000000,00	 0000000006623,00
2700402	 0000000000000,00	 0000000000000,00	 0000000000000,00	 0000000000000,00
2700411	 0000000414580,00	 0000000000000,00	 0000000000000,00	 0000000002298,00
2700412	 0000000325559,00	 0000000000000,00	 0000000000000,00	 0000000002070,00
2700413	 0000000044917,00	 0000000000000,00	 0000000000000,00	 0000000000000,00
2700421	 0000000000079,00	 0000000000000,00	 0000000000000,00	 0000000000000,00
2700422	 0000000008910,00	 0000000000000,00	 0000000000000,00	 0000000000000,00
2700423	 0000000000056,00	 0000000000000,00	 0000000000000,00	 0000000000000,00
2700490	 0000000105650,00	 0000000000000,00	 0000000000000,00	 0000000001266,00
2800000	 0000002320953,00	 0000000467931,00	 0000000035597,00	 0000000978510,00
3000000	 0000017379468,00	 0000001171102,00	 0000000022578,00	 0000000221085,00
3101000	 0000010403147,00	 0000000000000,00	 0000000000000,00	 0000000000000,00
3102000	 0000005733721,00	 0000000000000,00	 0000000000000,00	 0000000000000,00
3103000	-0000000133224,00	 0000000001714,00	 0000000000000,00	-0000000000528,00
3104000	 0000001016328,00	 0000001169388,00	 0000000022578,00	 0000000220249,00
3104100	 0000001821827,00	 0000000000000,00	 0000000000000,00	 0000000000000,00
3104200	-0000000365590,00	 0000001169388,00	 0000000022578,00	 0000000220249,00
3104300	-0000000439909,00	 0000000000000,00	 0000000000000,00	 0000000000000,00
3200000	 0000000359496,00	 0000000000000,00	 0000000000000,00	 0000000001364,00
5001000	 0000017019972,00	 0000001171102,00	 0000000022578,00	 0000000219721,00
5002000	 0000133446215,00	 0000046391892,00	 0000000162561,00	 0000049945427,00
5100000	 0000060160995,00	 0000075718570,00	 0000000544079,00	 0000026930001,00
