012	BANCO DEL ESTADO DE CHILE                                               
1000000	 0000011397791,00	 0000009891762,00	 0000000125288,00	 0000005887280,00
1100000	 0000000477343,00	 0000000000000,00	 0000000000036,00	 0000003151615,00
1100100	 0000000387836,00	 0000000000000,00	 0000000000000,00	 0000000013710,00
1100200	 0000000088611,00	 0000000000000,00	 0000000000000,00	 0000001006775,00
1100300	 0000000000896,00	 0000000000000,00	 0000000000002,00	 0000000000000,00
1100400	 0000000000000,00	 0000000000000,00	 0000000000034,00	 0000002131130,00
1130000	 0000000103451,00	 0000000000000,00	 0000000000000,00	 0000000145556,00
1130100	 0000000027152,00	 0000000000000,00	 0000000000000,00	 0000000006704,00
1130200	 0000000076299,00	 0000000000000,00	 0000000000000,00	 0000000138852,00
1150000	 0000001475565,00	 0000000141962,00	 0000000000000,00	 0000000003095,00
1150100	 0000000024698,00	 0000000050483,00	 0000000000000,00	 0000000000000,00
1150200	 0000001340145,00	 0000000091479,00	 0000000000000,00	 0000000000000,00
1150300	 0000000000000,00	 0000000000000,00	 0000000000000,00	 0000000000000,00
1150400	 0000000110722,00	 0000000000000,00	 0000000000000,00	 0000000003095,00
1160000	 0000000159247,00	 0000000000000,00	 0000000000000,00	 0000000000000,00
1160100	 0000000000000,00	 0000000000000,00	 0000000000000,00	 0000000000000,00
1160200	 0000000159247,00	 0000000000000,00	 0000000000000,00	 0000000000000,00
1250000	 0000000308893,00	 0000000000000,00	 0000000000000,00	 0000000001319,00
1250100	 0000000201910,00	 0000000000000,00	 0000000000000,00	 0000000000236,00
1250200	 0000000106983,00	 0000000000000,00	 0000000000000,00	 0000000001083,00
1270000	 0000000000055,00	 0000000000000,00	 0000000000000,00	 0000000398201,00
1270100	 0000000000884,00	 0000000000000,00	 0000000000000,00	 0000000019707,00
1270112	 0000000000901,00	 0000000000000,00	 0000000000000,00	 0000000019734,00
1270113	 0000000000000,00	 0000000000000,00	 0000000000000,00	 0000000000000,00
1270116	 0000000000000,00	 0000000000000,00	 0000000000000,00	 0000000000000,00
1270117	 0000000000000,00	 0000000000000,00	 0000000000000,00	 0000000000000,00
1270118	 0000000000000,00	 0000000000000,00	 0000000000000,00	 0000000000000,00
1270190	-0000000000017,00	 0000000000000,00	 0000000000000,00	-0000000000027,00
1270200	-0000000000829,00	 0000000000000,00	 0000000000000,00	 0000000378494,00
1270202	 0000000000000,00	 0000000000000,00	 0000000000000,00	 0000000000000,00
1270203	 0000000000000,00	 0000000000000,00	 0000000000000,00	 0000000179979,00
1270206	 0000000000000,00	 0000000000000,00	 0000000000000,00	 0000000157401,00
1270207	 0000000000000,00	 0000000000000,00	 0000000000000,00	 0000000000000,00
1270208	 0000000000000,00	 0000000000000,00	 0000000000000,00	 0000000000000,00
1270290	-0000000000829,00	 0000000000000,00	 0000000000000,00	-0000000000328,00
1270300	 0000000000000,00	 0000000000000,00	 0000000000000,00	 0000000000000,00
1300000	 0000005126735,00	 0000009283629,00	 0000000124553,00	 0000001548900,00
1302000	 0000004226134,00	 0000002629008,00	 0000000124553,00	 0000001550355,00
1302100	 0000003810670,00	 0000001846826,00	 0000000001298,00	 0000000977018,00
1302101	 0000003810670,00	 0000001753518,00	 0000000001298,00	 0000000907041,00
1302102	 0000000000000,00	 0000000000000,00	 0000000000000,00	 0000000069977,00
1302170	 0000000000000,00	 0000000091431,00	 0000000000000,00	 0000000000000,00
1302180	 0000000000000,00	 0000000001877,00	 0000000000000,00	 0000000000000,00
1302200	 0000000161621,00	 0000000004249,00	 0000000000000,00	 0000000525772,00
1302201	 0000000000000,00	 0000000000000,00	 0000000000000,00	 0000000000000,00
1302202	 0000000160548,00	 0000000004249,00	 0000000000000,00	 0000000347252,00
1302241	 0000000000000,00	 0000000000000,00	 0000000000000,00	 0000000024598,00
1302242	 0000000001073,00	 0000000000000,00	 0000000000000,00	 0000000153920,00
1302281	 0000000000000,00	 0000000000000,00	 0000000000000,00	 0000000000000,00
1302282	 0000000000000,00	 0000000000000,00	 0000000000000,00	 0000000000002,00
1302300	 0000000073603,00	 0000000000000,00	 0000000000000,00	 0000000000000,00
1302500	 0000000054367,00	 0000000013637,00	 0000000000000,00	 0000000047544,00
1302800	 0000000123855,00	 0000000291760,00	 0000000123255,00	 0000000000000,00
1302900	 0000000002018,00	 0000000472536,00	 0000000000000,00	 0000000000021,00
1304000	 0000000002645,00	 0000006488393,00	 0000000000000,00	 0000000000000,00
1304100	 0000000000000,00	 0000000906584,00	 0000000000000,00	 0000000000000,00
1304101	 0000000000000,00	 0000000906584,00	 0000000000000,00	 0000000000000,00
1304102	 0000000000000,00	 0000000000000,00	 0000000000000,00	 0000000000000,00
1304200	 0000000000011,00	 0000000781862,00	 0000000000000,00	 0000000000000,00
1304400	 0000000000000,00	 0000000000000,00	 0000000000000,00	 0000000000000,00
1304500	 0000000002634,00	 0000004478561,00	 0000000000000,00	 0000000000000,00
1304600	 0000000000000,00	 0000000000000,00	 0000000000000,00	 0000000000000,00
1304800	 0000000000000,00	 0000000000000,00	 0000000000000,00	 0000000000000,00
1304900	 0000000000000,00	 0000000321386,00	 0000000000000,00	 0000000000000,00
1305000	 0000001373063,00	 0000000166228,00	 0000000000000,00	 0000000002476,00
1305100	 0000001144729,00	 0000000166228,00	 0000000000000,00	 0000000000000,00
1305300	 0000000080460,00	 0000000000000,00	 0000000000000,00	 0000000000000,00
1305400	 0000000147874,00	 0000000000000,00	 0000000000000,00	 0000000002476,00
1305800	 0000000000000,00	 0000000000000,00	 0000000000000,00	 0000000000000,00
1305900	 0000000000000,00	 0000000000000,00	 0000000000000,00	 0000000000000,00
1309000	-0000000475107,00	 0000000000000,00	 0000000000000,00	-0000000003931,00
1309100	-0000000237844,00	 0000000000000,00	 0000000000000,00	-0000000003931,00
1309200	-0000000087451,00	 0000000000000,00	 0000000000000,00	 0000000000000,00
1309300	-0000000149812,00	 0000000000000,00	 0000000000000,00	 0000000000000,00
1350000	 0000002326926,00	 0000000419840,00	 0000000000000,00	 0000000608831,00
1350100	 0000000756645,00	 0000000109173,00	 0000000000000,00	 0000000000000,00
1350200	 0000001570281,00	 0000000310667,00	 0000000000000,00	 0000000025940,00
1350300	 0000000000000,00	 0000000000000,00	 0000000000000,00	 0000000582891,00
1360000	 0000000000000,00	 0000000042626,00	 0000000000000,00	 0000000000000,00
1360100	 0000000000000,00	 0000000042626,00	 0000000000000,00	 0000000000000,00
1360200	 0000000000000,00	 0000000000000,00	 0000000000000,00	 0000000000000,00
1360300	 0000000000000,00	 0000000000000,00	 0000000000000,00	 0000000000000,00
1400000	 0000000012245,00	 0000000000000,00	 0000000000000,00	 0000000000000,00
1400100	 0000000008326,00	 0000000000000,00	 0000000000000,00	 0000000000000,00
1400101	 0000000000000,00	 0000000000000,00	 0000000000000,00	 0000000000000,00
1400103	 0000000008326,00	 0000000000000,00	 0000000000000,00	 0000000000000,00
1400200	 0000000003919,00	 0000000000000,00	 0000000000000,00	 0000000000000,00
1500000	 0000000162751,00	 0000000000000,00	 0000000000000,00	 0000000000047,00
1500100	 0000000000000,00	 0000000000000,00	 0000000000000,00	 0000000000000,00
1500200	 0000000162751,00	 0000000000000,00	 0000000000000,00	 0000000000047,00
1600000	 0000000257140,00	 0000000000000,00	 0000000000000,00	 0000000000123,00
1600100	 0000000198737,00	 0000000000000,00	 0000000000000,00	 0000000000063,00
1600200	 0000000058403,00	 0000000000000,00	 0000000000000,00	 0000000000060,00
1700000	 0000000000000,00	 0000000000000,00	 0000000000000,00	 0000000000000,00
1750000	 0000000762032,00	 0000000000000,00	 0000000000000,00	 0000000000000,00
1800000	 0000000225408,00	 0000000003705,00	 0000000000699,00	 0000000029593,00
1800100	 0000000122911,00	 0000000000000,00	 0000000000000,00	 0000000000000,00
1800200	 0000000002642,00	 0000000000000,00	 0000000000000,00	 0000000000000,00
1800900	 0000000099855,00	 0000000003705,00	 0000000000699,00	 0000000029593,00
2000000	 0000012694356,00	 0000007650827,00	 0000000000000,00	 0000005714369,00
2100000	 0000005261419,00	 0000000151946,00	 0000000000000,00	 0000000237992,00
2100100	 0000003597497,00	 0000000000000,00	 0000000000000,00	 0000000208073,00
2100109	 0000002921741,00	 0000000000000,00	 0000000000000,00	 0000000205867,00
2100110	 0000000672802,00	 0000000000000,00	 0000000000000,00	 0000000002095,00
2100200	 0000001134182,00	 0000000000000,00	 0000000000000,00	 0000000000003,00
2100300	 0000000529740,00	 0000000151946,00	 0000000000000,00	 0000000029916,00
2130000	 0000000103425,00	 0000000000000,00	 0000000000000,00	 0000000106865,00
2160000	 0000000469965,00	 0000000000000,00	 0000000000000,00	 0000000004771,00
2160100	 0000000000000,00	 0000000000000,00	 0000000000000,00	 0000000000000,00
2160200	 0000000469965,00	 0000000000000,00	 0000000000000,00	 0000000004771,00
2200000	 0000005294204,00	 0000004033568,00	 0000000000000,00	 0000003507612,00
2200100	 0000003998637,00	 0000002105290,00	 0000000000000,00	 0000003500388,00
2200200	 0000001289109,00	 0000001917830,00	 0000000000000,00	 0000000000000,00
2200900	 0000000006458,00	 0000000010448,00	 0000000000000,00	 0000000007224,00
2250000	 0000000213268,00	 0000000000000,00	 0000000000000,00	 0000000001691,00
2250100	 0000000174310,00	 0000000000000,00	 0000000000000,00	 0000000001691,00
2250200	 0000000038958,00	 0000000000000,00	 0000000000000,00	 0000000000000,00
2300000	 0000000110009,00	 0000000000000,00	 0000000000000,00	 0000000432711,00
2301000	 0000000110009,00	 0000000000000,00	 0000000000000,00	 0000000000000,00
2301001	 0000000110009,00	 0000000000000,00	 0000000000000,00	 0000000000000,00
2302000	 0000000000000,00	 0000000000000,00	 0000000000000,00	 0000000432711,00
2302100	 0000000000000,00	 0000000000000,00	 0000000000000,00	 0000000022558,00
2302200	 0000000000000,00	 0000000000000,00	 0000000000000,00	 0000000410153,00
2303000	 0000000000000,00	 0000000000000,00	 0000000000000,00	 0000000000000,00
2303100	 0000000000000,00	 0000000000000,00	 0000000000000,00	 0000000000000,00
2303900	 0000000000000,00	 0000000000000,00	 0000000000000,00	 0000000000000,00
2400000	 0000000000000,00	 0000003465100,00	 0000000000000,00	 0000001339190,00
2401000	 0000000000000,00	 0000001005501,00	 0000000000000,00	 0000000000000,00
2402000	 0000000000000,00	 0000002459599,00	 0000000000000,00	 0000001339190,00
2402100	 0000000000000,00	 0000001620287,00	 0000000000000,00	 0000001339190,00
2402200	 0000000000000,00	 0000000839312,00	 0000000000000,00	 0000000000000,00
2402300	 0000000000000,00	 0000000000000,00	 0000000000000,00	 0000000000000,00
2500000	 0000000013246,00	 0000000000000,00	 0000000000000,00	 0000000023828,00
2500100	 0000000000000,00	 0000000000000,00	 0000000000000,00	 0000000000000,00
2500200	 0000000013246,00	 0000000000000,00	 0000000000000,00	 0000000023828,00
2500300	 0000000000000,00	 0000000000000,00	 0000000000000,00	 0000000000000,00
2600000	 0000000136851,00	 0000000000000,00	 0000000000000,00	 0000000000162,00
2650000	 0000000194605,00	 0000000000000,00	 0000000000000,00	 0000000000000,00
2700000	 0000000766600,00	 0000000000000,00	 0000000000000,00	 0000000004010,00
2700100	 0000000112584,00	 0000000000000,00	 0000000000000,00	 0000000000119,00
2700200	 0000000179691,00	 0000000000000,00	 0000000000000,00	 0000000000000,00
2700300	 0000000036970,00	 0000000000000,00	 0000000000000,00	 0000000003891,00
2700400	 0000000437355,00	 0000000000000,00	 0000000000000,00	 0000000000000,00
2700401	 0000000000688,00	 0000000000000,00	 0000000000000,00	 0000000000000,00
2700402	 0000000000000,00	 0000000000000,00	 0000000000000,00	 0000000000000,00
2700411	 0000000078329,00	 0000000000000,00	 0000000000000,00	 0000000000000,00
2700412	 0000000309592,00	 0000000000000,00	 0000000000000,00	 0000000000000,00
2700413	 0000000025900,00	 0000000000000,00	 0000000000000,00	 0000000000000,00
2700421	 0000000000000,00	 0000000000000,00	 0000000000000,00	 0000000000000,00
2700422	 0000000000000,00	 0000000000000,00	 0000000000000,00	 0000000000000,00
2700423	 0000000000000,00	 0000000000000,00	 0000000000000,00	 0000000000000,00
2700490	 0000000022846,00	 0000000000000,00	 0000000000000,00	 0000000000000,00
2800000	 0000000130764,00	 0000000000213,00	 0000000000000,00	 0000000055537,00
3000000	 0000001202415,00	 0000000037536,00	 0000000003914,00	-0000000001296,00
3101000	 0000000432472,00	 0000000000000,00	 0000000000000,00	 0000000000000,00
3102000	 0000000795263,00	 0000000000000,00	 0000000000000,00	 0000000000000,00
3103000	 0000000007861,00	 0000000000000,00	 0000000000000,00	 0000000000000,00
3104000	-0000000040154,00	 0000000037536,00	 0000000003914,00	-0000000001296,00
3104100	 0000000165659,00	 0000000000000,00	 0000000000000,00	 0000000000000,00
3104200	-0000000026122,00	 0000000037536,00	 0000000003914,00	-0000000001296,00
3104300	-0000000179691,00	 0000000000000,00	 0000000000000,00	 0000000000000,00
3200000	 0000000006973,00	 0000000000000,00	 0000000000000,00	 0000000000000,00
5001000	 0000001195442,00	 0000000037536,00	 0000000003914,00	-0000000001296,00
5002000	 0000013896771,00	 0000007688363,00	 0000000003914,00	 0000005713073,00
5100000	 0000005601842,00	 0000009283629,00	 0000000124553,00	 0000001552831,00
