027	CORPBANCA                               
4100000	 0000000183763,00	 0000000140034,00	 0000000000774,00	 0000000056926,00
4100100	 0000000000797,00	 0000000000049,00	 0000000000000,00	 0000000000145,00
4100101	 0000000000797,00	 0000000000000,00	 0000000000000,00	 0000000000145,00
4100151	 0000000000000,00	 0000000000049,00	 0000000000000,00	 0000000000000,00
4100200	 0000000006490,00	 0000000000000,00	 0000000000000,00	 0000000001189,00
4100201	 0000000006490,00	 0000000000000,00	 0000000000000,00	 0000000001189,00
4100251	 0000000000000,00	 0000000000000,00	 0000000000000,00	 0000000000000,00
4100300	 0000000125457,00	 0000000078075,00	 0000000000068,00	 0000000036179,00
4100301	 0000000114868,00	 0000000043293,00	 0000000000010,00	 0000000028424,00
4100309	 0000000000802,00	 0000000000023,00	 0000000000000,00	 0000000006538,00
4100310	 0000000001487,00	 0000000000000,00	 0000000000000,00	 0000000000678,00
4100320	 0000000003672,00	 0000000000059,00	 0000000000000,00	 0000000000491,00
4100330	 0000000003756,00	 0000000007892,00	 0000000000058,00	 0000000000000,00
4100340	 0000000000633,00	 0000000003875,00	 0000000000000,00	 0000000000047,00
4100351	 0000000000000,00	 0000000018925,00	 0000000000000,00	 0000000000001,00
4100359	 0000000000000,00	 0000000000023,00	 0000000000000,00	 0000000000000,00
4100360	 0000000000000,00	 0000000000000,00	 0000000000000,00	 0000000000000,00
4100370	 0000000000000,00	 0000000000040,00	 0000000000000,00	 0000000000000,00
4100380	 0000000000000,00	 0000000003033,00	 0000000000000,00	 0000000000000,00
4100390	 0000000000000,00	 0000000000850,00	 0000000000000,00	 0000000000000,00
4100399	 0000000000239,00	 0000000000062,00	 0000000000000,00	 0000000000000,00
4100400	 0000000000140,00	 0000000045736,00	 0000000000000,00	 0000000002210,00
4100401	 0000000000001,00	 0000000002469,00	 0000000000000,00	 0000000000000,00
4100402	 0000000000000,00	 0000000001134,00	 0000000000000,00	 0000000000000,00
4100405	 0000000000000,00	 0000000006358,00	 0000000000000,00	 0000000000000,00
4100407	 0000000000139,00	 0000000020014,00	 0000000000000,00	 0000000002210,00
4100408	 0000000000000,00	 0000000000000,00	 0000000000000,00	 0000000000000,00
4100420	 0000000000000,00	 0000000000005,00	 0000000000000,00	 0000000000000,00
4100430	 0000000000000,00	 0000000001193,00	 0000000000000,00	 0000000000000,00
4100451	 0000000000000,00	 0000000001234,00	 0000000000000,00	 0000000000000,00
4100455	 0000000000000,00	 0000000002946,00	 0000000000000,00	 0000000000000,00
4100457	 0000000000000,00	 0000000009845,00	 0000000000000,00	 0000000000000,00
4100458	 0000000000000,00	 0000000000000,00	 0000000000000,00	 0000000000000,00
4100480	 0000000000000,00	 0000000000000,00	 0000000000000,00	 0000000000000,00
4100490	 0000000000000,00	 0000000000538,00	 0000000000000,00	 0000000000000,00
4100499	 0000000000000,00	 0000000000000,00	 0000000000000,00	 0000000000000,00
4100500	 0000000042848,00	 0000000001069,00	 0000000000000,00	 0000000014328,00
4100501	 0000000017382,00	 0000000000808,00	 0000000000000,00	 0000000010936,00
4100510	 0000000006553,00	 0000000000000,00	 0000000000000,00	 0000000000137,00
4100520	 0000000005786,00	 0000000000000,00	 0000000000000,00	 0000000003153,00
4100530	 0000000000013,00	 0000000000022,00	 0000000000000,00	 0000000000000,00
4100540	 0000000012708,00	 0000000000000,00	 0000000000000,00	 0000000000102,00
4100590	 0000000000000,00	 0000000000239,00	 0000000000000,00	 0000000000000,00
4100599	 0000000000406,00	 0000000000000,00	 0000000000000,00	 0000000000000,00
4100600	 0000000007250,00	 0000000014731,00	 0000000000706,00	 0000000002642,00
4100601	 0000000007115,00	 0000000008808,00	 0000000000706,00	 0000000002126,00
4100621	 0000000000135,00	 0000000000207,00	 0000000000000,00	 0000000000540,00
4100651	 0000000000000,00	 0000000005578,00	 0000000000000,00	-0000000000024,00
4100671	 0000000000000,00	 0000000000138,00	 0000000000000,00	 0000000000000,00
4100800	 0000000000781,00	 0000000000374,00	 0000000000000,00	 0000000000233,00
4100801	 0000000000000,00	 0000000000000,00	 0000000000000,00	 0000000000000,00
4100804	 0000000000000,00	 0000000000000,00	 0000000000000,00	 0000000000067,00
4100810	 0000000000781,00	 0000000000004,00	 0000000000000,00	 0000000000166,00
4100850	 0000000000000,00	 0000000000370,00	 0000000000000,00	 0000000000000,00
4100900	 0000000000000,00	 0000000000000,00	 0000000000000,00	 0000000000000,00
4150000	-0000000160763,00	-0000000067058,00	-0000000000030,00	-0000000028509,00
4150100	-0000000000006,00	-0000000000037,00	 0000000000000,00	-0000000000402,00
4150101	-0000000000006,00	 0000000000000,00	 0000000000000,00	-0000000000402,00
4150102	 0000000000000,00	 0000000000000,00	 0000000000000,00	 0000000000000,00
4150103	 0000000000000,00	 0000000000000,00	 0000000000000,00	 0000000000000,00
4150151	 0000000000000,00	-0000000000037,00	 0000000000000,00	 0000000000000,00
4150200	-0000000007087,00	-0000000000029,00	 0000000000000,00	-0000000001347,00
4150201	-0000000007087,00	 0000000000000,00	 0000000000000,00	-0000000001347,00
4150251	 0000000000000,00	-0000000000029,00	 0000000000000,00	 0000000000000,00
4150300	-0000000147398,00	-0000000015244,00	 0000000000000,00	-0000000018937,00
4150301	-0000000147398,00	-0000000010150,00	 0000000000000,00	-0000000016462,00
4150302	 0000000000000,00	-0000000000008,00	 0000000000000,00	-0000000002452,00
4150309	 0000000000000,00	 0000000000000,00	 0000000000000,00	-0000000000023,00
4150351	 0000000000000,00	-0000000004985,00	 0000000000000,00	 0000000000000,00
4150352	 0000000000000,00	-0000000000101,00	 0000000000000,00	 0000000000000,00
4150359	 0000000000000,00	 0000000000000,00	 0000000000000,00	 0000000000000,00
4150400	-0000000000746,00	 0000000000000,00	 0000000000000,00	-0000000006661,00
4150401	-0000000000746,00	 0000000000000,00	 0000000000000,00	-0000000006661,00
4150451	 0000000000000,00	 0000000000000,00	 0000000000000,00	 0000000000000,00
4150500	-0000000006855,00	-0000000050646,00	 0000000000000,00	-0000000000998,00
4150501	-0000000000001,00	-0000000004298,00	 0000000000000,00	 0000000000000,00
4150511	-0000000006566,00	-0000000017540,00	 0000000000000,00	 0000000000000,00
4150521	-0000000000288,00	-0000000009236,00	 0000000000000,00	-0000000000998,00
4150551	 0000000000000,00	-0000000002184,00	 0000000000000,00	 0000000000000,00
4150561	 0000000000000,00	-0000000013438,00	 0000000000000,00	 0000000000000,00
4150571	 0000000000000,00	-0000000003950,00	 0000000000000,00	 0000000000000,00
4150600	-0000000000023,00	-0000000000370,00	-0000000000030,00	-0000000000164,00
4150601	-0000000000023,00	-0000000000221,00	-0000000000030,00	 0000000000000,00
4150651	 0000000000000,00	-0000000000149,00	 0000000000000,00	-0000000000164,00
4150800	-0000000000001,00	-0000000000732,00	 0000000000000,00	 0000000000000,00
4150801	 0000000000000,00	 0000000000000,00	 0000000000000,00	 0000000000000,00
4150851	-0000000000001,00	-0000000000732,00	 0000000000000,00	 0000000000000,00
4150900	 0000000001353,00	 0000000000000,00	 0000000000000,00	 0000000000000,00
4200000	 0000000041981,00	 0000000000000,00	 0000000000000,00	 0000000008918,00
4200100	 0000000004379,00	 0000000000000,00	 0000000000000,00	 0000000002774,00
4200200	 0000000002582,00	 0000000000000,00	 0000000000000,00	 0000000000632,00
4200300	 0000000006827,00	 0000000000000,00	 0000000000000,00	 0000000001063,00
4200303	 0000000002544,00	 0000000000000,00	 0000000000000,00	 0000000000104,00
4200304	 0000000001497,00	 0000000000000,00	 0000000000000,00	 0000000000323,00
4200305	 0000000001938,00	 0000000000000,00	 0000000000000,00	 0000000000331,00
4200306	 0000000000848,00	 0000000000000,00	 0000000000000,00	 0000000000136,00
4200307	 0000000000000,00	 0000000000000,00	 0000000000000,00	 0000000000130,00
4200309	 0000000000000,00	 0000000000000,00	 0000000000000,00	 0000000000039,00
4200400	 0000000003715,00	 0000000000000,00	 0000000000000,00	 0000000000260,00
4200500	 0000000005985,00	 0000000000000,00	 0000000000000,00	 0000000002543,00
4200600	 0000000001980,00	 0000000000000,00	 0000000000000,00	 0000000000368,00
4200700	 0000000003096,00	 0000000000000,00	 0000000000000,00	 0000000000889,00
4200800	 0000000005108,00	 0000000000000,00	 0000000000000,00	 0000000000000,00
4200900	 0000000008309,00	 0000000000000,00	 0000000000000,00	 0000000000389,00
4250000	-0000000007590,00	 0000000000000,00	 0000000000000,00	-0000000001259,00
4250100	-0000000004210,00	 0000000000000,00	 0000000000000,00	-0000000000335,00
4250101	-0000000002711,00	 0000000000000,00	 0000000000000,00	-0000000000334,00
4250102	-0000000001498,00	 0000000000000,00	 0000000000000,00	-0000000000001,00
4250190	-0000000000001,00	 0000000000000,00	 0000000000000,00	 0000000000000,00
4250200	-0000000000424,00	 0000000000000,00	 0000000000000,00	-0000000000370,00
4250300	-0000000002956,00	 0000000000000,00	 0000000000000,00	-0000000000554,00
4300000	 0000000013485,00	 0000000002631,00	-0000000000005,00	 0000000010168,00
4300100	 0000000007450,00	 0000000001132,00	 0000000000002,00	 0000000003801,00
4300101	 0000000007015,00	 0000000000583,00	 0000000000002,00	-0000000000110,00
4300102	-0000000000077,00	-0000000000059,00	 0000000000000,00	 0000000006442,00
4300103	 0000000000584,00	 0000000000612,00	 0000000000000,00	 0000000000834,00
4300104	-0000000000535,00	-0000000000004,00	 0000000000000,00	-0000000003365,00
4300190	 0000000000463,00	 0000000000000,00	 0000000000000,00	 0000000000000,00
4300200	 0000000005204,00	 0000000000031,00	 0000000000000,00	 0000000003654,00
4300300	 0000000000103,00	 0000000001490,00	-0000000000007,00	 0000000001812,00
4300400	 0000000000709,00	 0000000000000,00	 0000000000000,00	 0000000000905,00
4300500	 0000000000019,00	-0000000000022,00	 0000000000000,00	-0000000000004,00
4350000	 0000000022881,00	-0000000000239,00	-0000000002498,00	-0000000000746,00
4350100	 0000000023995,00	 0000000000000,00	 0000000000000,00	-0000000000746,00
4350200	 0000000000000,00	 0000000000000,00	-0000000002661,00	 0000000000000,00
4350900	-0000000001114,00	-0000000000239,00	 0000000000163,00	 0000000000000,00
4400000	 0000000005014,00	 0000000000003,00	 0000000000000,00	 0000000000080,00
4400100	 0000000001572,00	 0000000000000,00	 0000000000000,00	 0000000000001,00
4400200	 0000000000000,00	 0000000000000,00	 0000000000000,00	 0000000000011,00
4400300	 0000000003442,00	 0000000000003,00	 0000000000000,00	 0000000000068,00
4500000	-0000000020903,00	 0000000000000,00	 0000000000000,00	-0000000004728,00
4500100	-0000000027939,00	 0000000000000,00	 0000000000000,00	-0000000005669,00
4500101	-0000000013547,00	 0000000000000,00	 0000000000000,00	-0000000001273,00
4500111	-0000000001591,00	 0000000000000,00	 0000000000000,00	-0000000000168,00
4500112	-0000000012825,00	 0000000000000,00	 0000000000000,00	-0000000004250,00
4500190	 0000000000024,00	 0000000000000,00	 0000000000000,00	 0000000000022,00
4500200	-0000000000550,00	 0000000000000,00	 0000000000000,00	 0000000000141,00
4500700	 0000000000000,00	 0000000000000,00	 0000000000000,00	 0000000000000,00
4500701	 0000000000000,00	 0000000000000,00	 0000000000000,00	 0000000000000,00
4500702	 0000000000000,00	 0000000000000,00	 0000000000000,00	 0000000000000,00
4500703	 0000000000000,00	 0000000000000,00	 0000000000000,00	 0000000000000,00
4500800	 0000000000736,00	 0000000000000,00	 0000000000000,00	-0000000000291,00
4500801	 0000000000116,00	 0000000000000,00	 0000000000000,00	 0000000000013,00
4500802	 0000000000620,00	 0000000000000,00	 0000000000000,00	-0000000000294,00
4500803	 0000000000000,00	 0000000000000,00	 0000000000000,00	-0000000000010,00
4500900	 0000000006850,00	 0000000000000,00	 0000000000000,00	 0000000001091,00
4500901	 0000000001754,00	 0000000000000,00	 0000000000000,00	 0000000000094,00
4500911	 0000000000202,00	 0000000000000,00	 0000000000000,00	 0000000000131,00
4500921	 0000000004894,00	 0000000000000,00	 0000000000000,00	 0000000000866,00
4500931	 0000000000000,00	 0000000000000,00	 0000000000000,00	 0000000000000,00
4600000	-0000000053889,00	 0000000000000,00	 0000000000000,00	-0000000007495,00
4610000	-0000000034133,00	 0000000000000,00	 0000000000000,00	-0000000006322,00
4610100	-0000000025717,00	 0000000000000,00	 0000000000000,00	-0000000003867,00
4610200	-0000000003127,00	 0000000000000,00	 0000000000000,00	-0000000001372,00
4610300	-0000000000510,00	 0000000000000,00	 0000000000000,00	 0000000000000,00
4610400	-0000000002581,00	 0000000000000,00	 0000000000000,00	-0000000000062,00
4610500	-0000000002198,00	 0000000000000,00	 0000000000000,00	-0000000001021,00
4620000	-0000000005351,00	 0000000000000,00	 0000000000000,00	-0000000001314,00
4630000	 0000000000000,00	 0000000000000,00	 0000000000000,00	 0000000000000,00
4650000	-0000000010687,00	 0000000000000,00	 0000000000000,00	-0000000000632,00
4650100	-0000000001777,00	 0000000000000,00	 0000000000000,00	-0000000000012,00
4650200	-0000000001703,00	 0000000000000,00	 0000000000000,00	-0000000000215,00
4650201	-0000000000871,00	 0000000000000,00	 0000000000000,00	-0000000000144,00
4650211	 0000000000000,00	 0000000000000,00	 0000000000000,00	 0000000000000,00
4650290	-0000000000832,00	 0000000000000,00	 0000000000000,00	-0000000000071,00
4650900	-0000000007207,00	 0000000000000,00	 0000000000000,00	-0000000000405,00
4700000	 0000000000283,00	 0000000000000,00	 0000000000000,00	 0000000000020,00
4700100	 0000000000283,00	 0000000000000,00	 0000000000000,00	 0000000000020,00
4700101	 0000000000000,00	 0000000000000,00	 0000000000000,00	 0000000000000,00
4700102	 0000000000000,00	 0000000000000,00	 0000000000000,00	 0000000000000,00
4700103	 0000000000000,00	 0000000000000,00	 0000000000000,00	 0000000000000,00
4700110	 0000000000283,00	 0000000000000,00	 0000000000000,00	 0000000000020,00
4700200	 0000000000000,00	 0000000000000,00	 0000000000000,00	 0000000000000,00
4700201	 0000000000000,00	 0000000000000,00	 0000000000000,00	 0000000000000,00
4700202	 0000000000000,00	 0000000000000,00	 0000000000000,00	 0000000000000,00
4700203	 0000000000000,00	 0000000000000,00	 0000000000000,00	 0000000000000,00
4700210	 0000000000000,00	 0000000000000,00	 0000000000000,00	 0000000000000,00
4800000	-0000000006867,00	 0000000000000,00	 0000000000000,00	-0000000003593,00
4800001	-0000000008441,00	 0000000000000,00	 0000000000000,00	-0000000000978,00
4850000	 0000000000000,00	 0000000000000,00	 0000000000000,00	 0000000000000,00
4900000	-0000000001299,00	 0000000000000,00	 0000000000000,00	 0000000001936,00
5003000	 0000000023000,00	 0000000072976,00	 0000000000744,00	 0000000028417,00
5004000	 0000000034391,00	 0000000000000,00	 0000000000000,00	 0000000007659,00
5005000	 0000000098771,00	 0000000075371,00	-0000000001759,00	 0000000045578,00
5006000	 0000000077868,00	 0000000075371,00	-0000000001759,00	 0000000040850,00
5007000	-0000000026192,00	 0000000075371,00	-0000000001759,00	 0000000025087,00
5008000	-0000000025909,00	 0000000075371,00	-0000000001759,00	 0000000025107,00
5009000	-0000000032776,00	 0000000075371,00	-0000000001759,00	 0000000021514,00
5010000	-0000000032776,00	 0000000075371,00	-0000000001759,00	 0000000021514,00
5020000	-0000000031477,00	 0000000075371,00	-0000000001759,00	 0000000019578,00
