014	SCOTIABANK CHILE
100000000	 18902110237043,00	 15996522543270,00	 0129951652024,00	 5268351107964,00
105000000	 0993154405543,00	 0000000000000,00	 0000000000000,00	 0624366124018,00
105000100	 0268525687797,00	 0000000000000,00	 0000000000000,00	 0025224524676,00
105000101	 0102916451123,00	 0000000000000,00	 0000000000000,00	 0025224524676,00
105000102	 0165609236674,00	 0000000000000,00	 0000000000000,00	 0000000000000,00
105000103	 0000000000000,00	 0000000000000,00	 0000000000000,00	 0000000000000,00
105000200	 0691061525330,00	 0000000000000,00	 0000000000000,00	 0141864427299,00
105000201	 0691061525330,00	 0000000000000,00	 0000000000000,00	 0141864427299,00
105000202	 0000000000000,00	 0000000000000,00	 0000000000000,00	 0000000000000,00
105000209	 0000000000000,00	 0000000000000,00	 0000000000000,00	 0000000000000,00
105000300	 0000000000000,00	 0000000000000,00	 0000000000000,00	 0000000000000,00
105000301	 0000000000000,00	 0000000000000,00	 0000000000000,00	 0000000000000,00
105000302	 0000000000000,00	 0000000000000,00	 0000000000000,00	 0000000000000,00
105000309	 0000000000000,00	 0000000000000,00	 0000000000000,00	 0000000000000,00
105000400	 0033567192416,00	 0000000000000,00	 0000000000000,00	 0000000000000,00
105000500	 0000000000000,00	 0000000000000,00	 0000000000000,00	 0457277172043,00
107000000	 0241974636612,00	 0000000000000,00	 0000000000000,00	 0136880459436,00
107000100	 0031354044457,00	 0000000000000,00	 0000000000000,00	 0003494110222,00
107000101	 0000000000000,00	 0000000000000,00	 0000000000000,00	 0000000000000,00
107000102	 0030045530155,00	 0000000000000,00	 0000000000000,00	 0003494110222,00
107000103	 0001308514302,00	 0000000000000,00	 0000000000000,00	 0000000000000,00
107000200	 0000000000000,00	 0000000000000,00	 0000000000000,00	 0000000000000,00
107000201	 0000000000000,00	 0000000000000,00	 0000000000000,00	 0000000000000,00
107000202	 0000000000000,00	 0000000000000,00	 0000000000000,00	 0000000000000,00
107000300	 0041150247335,00	 0000000000000,00	 0000000000000,00	 0000000000000,00
107000400	 0169470344820,00	 0000000000000,00	 0000000000000,00	 0133386349214,00
107000401	 0013961255297,00	 0000000000000,00	 0000000000000,00	 0000000000000,00
107000409	 0129344656791,00	 0000000000000,00	 0000000000000,00	 0114999832792,00
107000411	 0014124153979,00	 0000000000000,00	 0000000000000,00	 0000000000000,00
107000419	 0012040278753,00	 0000000000000,00	 0000000000000,00	 0018386516422,00
110000000	 5682703055800,00	 0195292428654,00	 0000000000000,00	 0005179240537,00
111000100	 5562984573096,00	 0000000000000,00	 0000000000000,00	 0000000000000,00
111000101	 0951353048995,00	 0000000000000,00	 0000000000000,00	 0000000000000,00
111000102	 4611631524101,00	 0000000000000,00	 0000000000000,00	 0000000000000,00
111000103	 0000000000000,00	 0000000000000,00	 0000000000000,00	 0000000000000,00
111000104	 0000000000000,00	 0000000000000,00	 0000000000000,00	 0000000000000,00
111000105	 0000000000000,00	 0000000000000,00	 0000000000000,00	 0000000000000,00
111000109	 0000000000000,00	 0000000000000,00	 0000000000000,00	 0000000000000,00
112000000	 0064067219025,00	 0195292428654,00	 0000000000000,00	 0005179240537,00
112000100	 0024523201927,00	 0008586809362,00	 0000000000000,00	 0000000000000,00
112000101	 0003632900074,00	 0007096122142,00	 0000000000000,00	 0000000000000,00
112000102	 0020890301853,00	 0001490687220,00	 0000000000000,00	 0000000000000,00
112000109	 0000000000000,00	 0000000000000,00	 0000000000000,00	 0000000000000,00
112000200	 0039544017098,00	 0186705619292,00	 0000000000000,00	 0000000000000,00
112000201	 0039492700814,00	 0174891930142,00	 0000000000000,00	 0000000000000,00
112000202	 0000051316284,00	 0011813689150,00	 0000000000000,00	 0000000000000,00
112000209	 0000000000000,00	 0000000000000,00	 0000000000000,00	 0000000000000,00
112000300	 0000000000000,00	 0000000000000,00	 0000000000000,00	 0005179240537,00
112000301	 0000000000000,00	 0000000000000,00	 0000000000000,00	 0000000000000,00
112000302	 0000000000000,00	 0000000000000,00	 0000000000000,00	 0005179240537,00
112000303	 0000000000000,00	 0000000000000,00	 0000000000000,00	 0000000000000,00
112000304	 0000000000000,00	 0000000000000,00	 0000000000000,00	 0000000000000,00
112000309	 0000000000000,00	 0000000000000,00	 0000000000000,00	 0000000000000,00
113000000	 0055651263679,00	 0000000000000,00	 0000000000000,00	 0000000000000,00
113000100	 0052981646979,00	 0000000000000,00	 0000000000000,00	 0000000000000,00
113000101	 0052981646979,00	 0000000000000,00	 0000000000000,00	 0000000000000,00
113000102	 0000000000000,00	 0000000000000,00	 0000000000000,00	 0000000000000,00
113000200	 0002669616700,00	 0000000000000,00	 0000000000000,00	 0000000000000,00
113000201	 0002669616700,00	 0000000000000,00	 0000000000000,00	 0000000000000,00
113000202	 0000000000000,00	 0000000000000,00	 0000000000000,00	 0000000000000,00
113000300	 0000000000000,00	 0000000000000,00	 0000000000000,00	 0000000000000,00
113000301	 0000000000000,00	 0000000000000,00	 0000000000000,00	 0000000000000,00
113000302	 0000000000000,00	 0000000000000,00	 0000000000000,00	 0000000000000,00
113000303	 0000000000000,00	 0000000000000,00	 0000000000000,00	 0000000000000,00
113000304	 0000000000000,00	 0000000000000,00	 0000000000000,00	 0000000000000,00
113000400	 0000000000000,00	 0000000000000,00	 0000000000000,00	 0000000000000,00
115000000	 0000000000000,00	 0000000000000,00	 0000000000000,00	 0000000000000,00
115250000	 0000000000000,00	 0000000000000,00	 0000000000000,00	 0000000000000,00
115250100	 0000000000000,00	 0000000000000,00	 0000000000000,00	 0000000000000,00
115250101	 0000000000000,00	 0000000000000,00	 0000000000000,00	 0000000000000,00
115250102	 0000000000000,00	 0000000000000,00	 0000000000000,00	 0000000000000,00
115250109	 0000000000000,00	 0000000000000,00	 0000000000000,00	 0000000000000,00
115250200	 0000000000000,00	 0000000000000,00	 0000000000000,00	 0000000000000,00
115250201	 0000000000000,00	 0000000000000,00	 0000000000000,00	 0000000000000,00
115250202	 0000000000000,00	 0000000000000,00	 0000000000000,00	 0000000000000,00
115250209	 0000000000000,00	 0000000000000,00	 0000000000000,00	 0000000000000,00
115250300	 0000000000000,00	 0000000000000,00	 0000000000000,00	 0000000000000,00
115250301	 0000000000000,00	 0000000000000,00	 0000000000000,00	 0000000000000,00
115250302	 0000000000000,00	 0000000000000,00	 0000000000000,00	 0000000000000,00
115250303	 0000000000000,00	 0000000000000,00	 0000000000000,00	 0000000000000,00
115250304	 0000000000000,00	 0000000000000,00	 0000000000000,00	 0000000000000,00
115250309	 0000000000000,00	 0000000000000,00	 0000000000000,00	 0000000000000,00
115500000	 0000000000000,00	 0000000000000,00	 0000000000000,00	 0000000000000,00
115500100	 0000000000000,00	 0000000000000,00	 0000000000000,00	 0000000000000,00
115500101	 0000000000000,00	 0000000000000,00	 0000000000000,00	 0000000000000,00
115500102	 0000000000000,00	 0000000000000,00	 0000000000000,00	 0000000000000,00
115500300	 0000000000000,00	 0000000000000,00	 0000000000000,00	 0000000000000,00
115500301	 0000000000000,00	 0000000000000,00	 0000000000000,00	 0000000000000,00
115500302	 0000000000000,00	 0000000000000,00	 0000000000000,00	 0000000000000,00
115500303	 0000000000000,00	 0000000000000,00	 0000000000000,00	 0000000000000,00
115500304	 0000000000000,00	 0000000000000,00	 0000000000000,00	 0000000000000,00
115500400	 0000000000000,00	 0000000000000,00	 0000000000000,00	 0000000000000,00
118000000	 0000000000000,00	 0000000000000,00	 0000000000000,00	 0000000000000,00
118250000	 0000000000000,00	 0000000000000,00	 0000000000000,00	 0000000000000,00
118250100	 0000000000000,00	 0000000000000,00	 0000000000000,00	 0000000000000,00
118250101	 0000000000000,00	 0000000000000,00	 0000000000000,00	 0000000000000,00
118250102	 0000000000000,00	 0000000000000,00	 0000000000000,00	 0000000000000,00
118250109	 0000000000000,00	 0000000000000,00	 0000000000000,00	 0000000000000,00
118250200	 0000000000000,00	 0000000000000,00	 0000000000000,00	 0000000000000,00
118250201	 0000000000000,00	 0000000000000,00	 0000000000000,00	 0000000000000,00
118250202	 0000000000000,00	 0000000000000,00	 0000000000000,00	 0000000000000,00
118250209	 0000000000000,00	 0000000000000,00	 0000000000000,00	 0000000000000,00
118250300	 0000000000000,00	 0000000000000,00	 0000000000000,00	 0000000000000,00
118250301	 0000000000000,00	 0000000000000,00	 0000000000000,00	 0000000000000,00
118250302	 0000000000000,00	 0000000000000,00	 0000000000000,00	 0000000000000,00
118250303	 0000000000000,00	 0000000000000,00	 0000000000000,00	 0000000000000,00
118250304	 0000000000000,00	 0000000000000,00	 0000000000000,00	 0000000000000,00
118250309	 0000000000000,00	 0000000000000,00	 0000000000000,00	 0000000000000,00
118500000	 0000000000000,00	 0000000000000,00	 0000000000000,00	 0000000000000,00
118500300	 0000000000000,00	 0000000000000,00	 0000000000000,00	 0000000000000,00
118500301	 0000000000000,00	 0000000000000,00	 0000000000000,00	 0000000000000,00
118500302	 0000000000000,00	 0000000000000,00	 0000000000000,00	 0000000000000,00
118500303	 0000000000000,00	 0000000000000,00	 0000000000000,00	 0000000000000,00
118500304	 0000000000000,00	 0000000000000,00	 0000000000000,00	 0000000000000,00
118500400	 0000000000000,00	 0000000000000,00	 0000000000000,00	 0000000000000,00
120000000	 1425525143124,00	 0224285594599,00	 0000000000000,00	 0000000000000,00
122000000	 1425525143124,00	 0224285594599,00	 0000000000000,00	 0000000000000,00
122000100	 1425525143124,00	 0224285594599,00	 0000000000000,00	 0000000000000,00
122000101	 0200614831946,00	 0062075271982,00	 0000000000000,00	 0000000000000,00
122000102	 1224910311178,00	 0150868540034,00	 0000000000000,00	 0000000000000,00
122000109	 0000000000000,00	 0011341782583,00	 0000000000000,00	 0000000000000,00
122000200	 0000000000000,00	 0000000000000,00	 0000000000000,00	 0000000000000,00
122000201	 0000000000000,00	 0000000000000,00	 0000000000000,00	 0000000000000,00
122000202	 0000000000000,00	 0000000000000,00	 0000000000000,00	 0000000000000,00
122000209	 0000000000000,00	 0000000000000,00	 0000000000000,00	 0000000000000,00
122000300	 0000000000000,00	 0000000000000,00	 0000000000000,00	 0000000000000,00
122000301	 0000000000000,00	 0000000000000,00	 0000000000000,00	 0000000000000,00
122000302	 0000000000000,00	 0000000000000,00	 0000000000000,00	 0000000000000,00
122000303	 0000000000000,00	 0000000000000,00	 0000000000000,00	 0000000000000,00
122000304	 0000000000000,00	 0000000000000,00	 0000000000000,00	 0000000000000,00
122000309	 0000000000000,00	 0000000000000,00	 0000000000000,00	 0000000000000,00
123000000	 0000000000000,00	 0000000000000,00	 0000000000000,00	 0000000000000,00
123000300	 0000000000000,00	 0000000000000,00	 0000000000000,00	 0000000000000,00
123000301	 0000000000000,00	 0000000000000,00	 0000000000000,00	 0000000000000,00
123000302	 0000000000000,00	 0000000000000,00	 0000000000000,00	 0000000000000,00
123000303	 0000000000000,00	 0000000000000,00	 0000000000000,00	 0000000000000,00
123000304	 0000000000000,00	 0000000000000,00	 0000000000000,00	 0000000000000,00
123000400	 0000000000000,00	 0000000000000,00	 0000000000000,00	 0000000000000,00
130000000	 0323933179366,00	 0000000000000,00	 0000000000000,00	 0000000000000,00
130000100	 0323933179366,00	 0000000000000,00	 0000000000000,00	 0000000000000,00
130000101	 0000000000000,00	 0000000000000,00	 0000000000000,00	 0000000000000,00
130000102	 0323933179366,00	 0000000000000,00	 0000000000000,00	 0000000000000,00
130000103	 0000000000000,00	 0000000000000,00	 0000000000000,00	 0000000000000,00
130000104	 0000000000000,00	 0000000000000,00	 0000000000000,00	 0000000000000,00
130000105	 0000000000000,00	 0000000000000,00	 0000000000000,00	 0000000000000,00
130000190	 0000000000000,00	 0000000000000,00	 0000000000000,00	 0000000000000,00
140000000	 9010569239170,00	 15554879767602,00	 0129951652024,00	 4098725943912,00
141000000	 0157922046482,00	 0000000000000,00	 0000000000000,00	 0000000000000,00
141000100	 0000000000000,00	 0000000000000,00	 0000000000000,00	 0000000000000,00
141000101	 0000000000000,00	 0000000000000,00	 0000000000000,00	 0000000000000,00
141000102	 0000000000000,00	 0000000000000,00	 0000000000000,00	 0000000000000,00
141000103	 0000000000000,00	 0000000000000,00	 0000000000000,00	 0000000000000,00
141000200	 0000000000000,00	 0000000000000,00	 0000000000000,00	 0000000000000,00
141000201	 0000000000000,00	 0000000000000,00	 0000000000000,00	 0000000000000,00
141000202	 0000000000000,00	 0000000000000,00	 0000000000000,00	 0000000000000,00
141000203	 0000000000000,00	 0000000000000,00	 0000000000000,00	 0000000000000,00
141000300	 0157928910572,00	 0000000000000,00	 0000000000000,00	 0000000000000,00
141000301	 0157405343276,00	 0000000000000,00	 0000000000000,00	 0000000000000,00
141000302	 0000523567296,00	 0000000000000,00	 0000000000000,00	 0000000000000,00
141000400	 0000000000000,00	 0000000000000,00	 0000000000000,00	 0000000000000,00
141000401	 0000000000000,00	 0000000000000,00	 0000000000000,00	 0000000000000,00
141000402	 0000000000000,00	 0000000000000,00	 0000000000000,00	 0000000000000,00
141000900	-0000006864090,00	 0000000000000,00	 0000000000000,00	 0000000000000,00
141000901	-0000006864090,00	 0000000000000,00	 0000000000000,00	 0000000000000,00
141000902	 0000000000000,00	 0000000000000,00	 0000000000000,00	 0000000000000,00
141000903	 0000000000000,00	 0000000000000,00	 0000000000000,00	 0000000000000,00
141500000	 0000000000000,00	 0000000000000,00	 0000000000000,00	 0000000000000,00
141500100	 0000000000000,00	 0000000000000,00	 0000000000000,00	 0000000000000,00
141500101	 0000000000000,00	 0000000000000,00	 0000000000000,00	 0000000000000,00
141500102	 0000000000000,00	 0000000000000,00	 0000000000000,00	 0000000000000,00
141500109	 0000000000000,00	 0000000000000,00	 0000000000000,00	 0000000000000,00
141500200	 0000000000000,00	 0000000000000,00	 0000000000000,00	 0000000000000,00
141500201	 0000000000000,00	 0000000000000,00	 0000000000000,00	 0000000000000,00
141500202	 0000000000000,00	 0000000000000,00	 0000000000000,00	 0000000000000,00
141500209	 0000000000000,00	 0000000000000,00	 0000000000000,00	 0000000000000,00
141500300	 0000000000000,00	 0000000000000,00	 0000000000000,00	 0000000000000,00
141500301	 0000000000000,00	 0000000000000,00	 0000000000000,00	 0000000000000,00
141500302	 0000000000000,00	 0000000000000,00	 0000000000000,00	 0000000000000,00
141500303	 0000000000000,00	 0000000000000,00	 0000000000000,00	 0000000000000,00
141500304	 0000000000000,00	 0000000000000,00	 0000000000000,00	 0000000000000,00
141500309	 0000000000000,00	 0000000000000,00	 0000000000000,00	 0000000000000,00
141500900	 0000000000000,00	 0000000000000,00	 0000000000000,00	 0000000000000,00
141500901	 0000000000000,00	 0000000000000,00	 0000000000000,00	 0000000000000,00
141500902	 0000000000000,00	 0000000000000,00	 0000000000000,00	 0000000000000,00
141500903	 0000000000000,00	 0000000000000,00	 0000000000000,00	 0000000000000,00
143000000	 0000000000000,00	 0000000000000,00	 0000000000000,00	 0000715360606,00
143100100	 0000000000000,00	 0000000000000,00	 0000000000000,00	 0000000000000,00
143100101	 0000000000000,00	 0000000000000,00	 0000000000000,00	 0000000000000,00
143100102	 0000000000000,00	 0000000000000,00	 0000000000000,00	 0000000000000,00
143100103	 0000000000000,00	 0000000000000,00	 0000000000000,00	 0000000000000,00
143100104	 0000000000000,00	 0000000000000,00	 0000000000000,00	 0000000000000,00
143100105	 0000000000000,00	 0000000000000,00	 0000000000000,00	 0000000000000,00
143100106	 0000000000000,00	 0000000000000,00	 0000000000000,00	 0000000000000,00
143100107	 0000000000000,00	 0000000000000,00	 0000000000000,00	 0000000000000,00
143100190	 0000000000000,00	 0000000000000,00	 0000000000000,00	 0000000000000,00
143150100	 0000000000000,00	 0000000000000,00	 0000000000000,00	 0000000000000,00
143150101	 0000000000000,00	 0000000000000,00	 0000000000000,00	 0000000000000,00
143150102	 0000000000000,00	 0000000000000,00	 0000000000000,00	 0000000000000,00
143150103	 0000000000000,00	 0000000000000,00	 0000000000000,00	 0000000000000,00
143200100	 0000000000000,00	 0000000000000,00	 0000000000000,00	 0000715745898,00
143200101	 0000000000000,00	 0000000000000,00	 0000000000000,00	 0000000000000,00
143200102	 0000000000000,00	 0000000000000,00	 0000000000000,00	 0000000000000,00
143200103	 0000000000000,00	 0000000000000,00	 0000000000000,00	 0000000000000,00
143200104	 0000000000000,00	 0000000000000,00	 0000000000000,00	 0000715745898,00
143200105	 0000000000000,00	 0000000000000,00	 0000000000000,00	 0000000000000,00
143200106	 0000000000000,00	 0000000000000,00	 0000000000000,00	 0000000000000,00
143200107	 0000000000000,00	 0000000000000,00	 0000000000000,00	 0000000000000,00
143200108	 0000000000000,00	 0000000000000,00	 0000000000000,00	 0000000000000,00
143200190	 0000000000000,00	 0000000000000,00	 0000000000000,00	 0000000000000,00
143250100	 0000000000000,00	 0000000000000,00	 0000000000000,00	-0000000385292,00
143250101	 0000000000000,00	 0000000000000,00	 0000000000000,00	-0000000385292,00
143250102	 0000000000000,00	 0000000000000,00	 0000000000000,00	 0000000000000,00
143250103	 0000000000000,00	 0000000000000,00	 0000000000000,00	 0000000000000,00
143300100	 0000000000000,00	 0000000000000,00	 0000000000000,00	 0000000000000,00
143300101	 0000000000000,00	 0000000000000,00	 0000000000000,00	 0000000000000,00
143300102	 0000000000000,00	 0000000000000,00	 0000000000000,00	 0000000000000,00
143300103	 0000000000000,00	 0000000000000,00	 0000000000000,00	 0000000000000,00
143400100	 0000000000000,00	 0000000000000,00	 0000000000000,00	 0000000000000,00
143400101	 0000000000000,00	 0000000000000,00	 0000000000000,00	 0000000000000,00
143400102	 0000000000000,00	 0000000000000,00	 0000000000000,00	 0000000000000,00
143400103	 0000000000000,00	 0000000000000,00	 0000000000000,00	 0000000000000,00
144000000	 8852647192688,00	 15554879767602,00	 0129951652024,00	 4098010583306,00
145000000	 5972784982932,00	 3617747831598,00	 0129951652024,00	 4152432507889,00
145400100	 5436998114619,00	 2609465427466,00	 0000000000000,00	 2892813006923,00
145400101	 5436997902828,00	 2559600297828,00	 0000000000000,00	 2641484592307,00
145400102	 0000000000000,00	 0000000000000,00	 0000000000000,00	 0251328414616,00
145400103	 0000000000000,00	 0041297901718,00	 0000000000000,00	 0000000000000,00
145400104	 0000000211791,00	 0007119216226,00	 0000000000000,00	 0000000000000,00
145400105	 0000000000000,00	 0000605332584,00	 0000000000000,00	 0000000000000,00
145400106	 0000000000000,00	 0000842679110,00	 0000000000000,00	 0000000000000,00
145400200	 0032973920509,00	 0000000000000,00	 0000029592543,00	 1197267162918,00
145400201	 0000000000000,00	 0000000000000,00	 0000000000000,00	 0000000000000,00
145400202	 0032973920509,00	 0000000000000,00	 0000000000000,00	 0752472271197,00
145400203	 0000000000000,00	 0000000000000,00	 0000029438789,00	 0021307273660,00
145400204	 0000000000000,00	 0000000000000,00	 0000000000000,00	 0421690856081,00
145400205	 0000000000000,00	 0000000000000,00	 0000000153754,00	 0001796761980,00
145400290	 0000000000000,00	 0000000000000,00	 0000000000000,00	 0000000000000,00
145400300	 0046755870468,00	 0000000000000,00	 0000000000000,00	 0000000000000,00
145400400	 0007185600229,00	 0000000000000,00	 0000000000000,00	 0000436250885,00
145400401	 0002874746346,00	 0000000000000,00	 0000000000000,00	 0000436250885,00
145400402	 0004310853883,00	 0000000000000,00	 0000000000000,00	 0000000000000,00
145400500	 0132216417198,00	 0031833442732,00	 0000000000000,00	 0061725270536,00
145400501	 0098456278700,00	 0000000000000,00	 0000000000000,00	 0037094502951,00
145400502	 0033760138498,00	 0031833442732,00	 0000000000000,00	 0024630767585,00
145400600	 0316397924186,00	 0294672258473,00	 0129854180218,00	 0000000000000,00
145400601	 0026430228433,00	 0167337434111,00	 0005844376006,00	 0000000000000,00
145400602	 0289967695753,00	 0127334824362,00	 0124009804212,00	 0000000000000,00
145400700	 0000000363138,00	 0681382141468,00	 0000000000000,00	 0000000000000,00
145400701	 0000000000000,00	 0674651200932,00	 0000000000000,00	 0000000000000,00
145400702	 0000000000000,00	 0002451148265,00	 0000000000000,00	 0000000000000,00
145400703	 0000000363138,00	 0004279792271,00	 0000000000000,00	 0000000000000,00
145400900	 0000256772585,00	 0000394561459,00	 0000067879263,00	 0000190816627,00
145400901	 0000000000000,00	 0000000000000,00	 0000000000000,00	 0000000000000,00
145400902	 0000249770711,00	 0000000000000,00	 0000000000000,00	 0000000000000,00
145400990	 0000007001874,00	 0000394561459,00	 0000067879263,00	 0000190816627,00
146000000	 0001437587903,00	 11917765713957,00	 0000000000000,00	 0000000000000,00
146000100	 0000000000000,00	 0090710529869,00	 0000000000000,00	 0000000000000,00
146000200	 0000000000000,00	 0041548253809,00	 0000000000000,00	 0000000000000,00
146000300	 0000000000000,00	 0000000000000,00	 0000000000000,00	 0000000000000,00
146000400	 0001437587903,00	 11669962658050,00	 0000000000000,00	 0000000000000,00
146000401	 0000000000000,00	 0698881053306,00	 0000000000000,00	 0000000000000,00
146000402	 0001437587903,00	 10971081604744,00	 0000000000000,00	 0000000000000,00
146000500	 0000000000000,00	 0041189553617,00	 0000000000000,00	 0000000000000,00
146000900	 0000000000000,00	 0074354718612,00	 0000000000000,00	 0000000000000,00
146000901	 0000000000000,00	 0074354718612,00	 0000000000000,00	 0000000000000,00
146000902	 0000000000000,00	 0000000000000,00	 0000000000000,00	 0000000000000,00
146000903	 0000000000000,00	 0000000000000,00	 0000000000000,00	 0000000000000,00
146000909	 0000000000000,00	 0000000000000,00	 0000000000000,00	 0000000000000,00
148000000	 3265416393421,00	 0019366222047,00	 0000000000000,00	 0013309638664,00
148000100	 1511897555984,00	 0019366222047,00	 0000000000000,00	 0000000000000,00
148000200	 0062565939405,00	 0000000000000,00	 0000000000000,00	 0000000000000,00
148000300	 1690581725509,00	 0000000000000,00	 0000000000000,00	 0013309638664,00
148000301	 1307904987334,00	 0000000000000,00	 0000000000000,00	 0013309638664,00
148000302	 0382676738175,00	 0000000000000,00	 0000000000000,00	 0000000000000,00
148000400	 0000000000000,00	 0000000000000,00	 0000000000000,00	 0000000000000,00
148000900	 0000371172523,00	 0000000000000,00	 0000000000000,00	 0000000000000,00
148000901	 0000366908554,00	 0000000000000,00	 0000000000000,00	 0000000000000,00
148000902	 0000004263969,00	 0000000000000,00	 0000000000000,00	 0000000000000,00
149000000	-0386991771568,00	 0000000000000,00	 0000000000000,00	-0067731563247,00
149500100	-0178069898661,00	 0000000000000,00	 0000000000000,00	-0067417051077,00
149500101	-0038913265806,00	 0000000000000,00	 0000000000000,00	-0044113599282,00
149500102	-0018782786916,00	 0000000000000,00	 0000000000000,00	-0003378518123,00
149500103	-0047804865308,00	 0000000000000,00	 0000000000000,00	-0019649571070,00
149500104	-0021107727336,00	 0000000000000,00	 0000000000000,00	-0000181859409,00
149500105	-0033775567395,00	 0000000000000,00	 0000000000000,00	-0000093503193,00
149500109	-0017685685900,00	 0000000000000,00	 0000000000000,00	 0000000000000,00
149600100	-0035474597354,00	 0000000000000,00	 0000000000000,00	 0000000000000,00
149600101	-0024016374533,00	 0000000000000,00	 0000000000000,00	 0000000000000,00
149600102	-0011458222821,00	 0000000000000,00	 0000000000000,00	 0000000000000,00
149700100	-0173447275553,00	 0000000000000,00	 0000000000000,00	-0000314512170,00
149700101	-0109964922770,00	 0000000000000,00	 0000000000000,00	-0000272006790,00
149700102	-0063482352783,00	 0000000000000,00	 0000000000000,00	-0000042505380,00
150000000	 0021662417505,00	 0000000000000,00	 0000000000000,00	 0000009928474,00
150000100	 0000000000000,00	 0000000000000,00	 0000000000000,00	 0000000000000,00
150000200	 0000000000000,00	 0000000000000,00	 0000000000000,00	 0000000000000,00
150000201	 0000000000000,00	 0000000000000,00	 0000000000000,00	 0000000000000,00
150000202	 0000000000000,00	 0000000000000,00	 0000000000000,00	 0000000000000,00
150000300	 0014358350093,00	 0000000000000,00	 0000000000000,00	 0000000000000,00
150000400	 0000000000000,00	 0000000000000,00	 0000000000000,00	 0000000000000,00
150000500	 0000000000000,00	 0000000000000,00	 0000000000000,00	 0000000000000,00
150000600	 0000000000000,00	 0000000000000,00	 0000000000000,00	 0000000000000,00
150000700	 0007274003943,00	 0000000000000,00	 0000000000000,00	 0000000000000,00
150000800	 0000030063469,00	 0000000000000,00	 0000000000000,00	 0000009928474,00
160000000	 0223753821786,00	 0000000000000,00	 0000000000000,00	 0000000000000,00
160000100	 0000000000000,00	 0000000000000,00	 0000000000000,00	 0000000000000,00
160000200	 0075364958675,00	 0000000000000,00	 0000000000000,00	 0000000000000,00
160000201	 0000000000000,00	 0000000000000,00	 0000000000000,00	 0000000000000,00
160000202	 0138425434255,00	 0000000000000,00	 0000000000000,00	 0000000000000,00
160000203	 0000000000000,00	 0000000000000,00	 0000000000000,00	 0000000000000,00
160000204	 0000000000000,00	 0000000000000,00	 0000000000000,00	 0000000000000,00
160000205	 0000000000000,00	 0000000000000,00	 0000000000000,00	 0000000000000,00
160000206	 0000000000000,00	 0000000000000,00	 0000000000000,00	 0000000000000,00
160000207	 0000000000000,00	 0000000000000,00	 0000000000000,00	 0000000000000,00
160000208	 0000000000000,00	 0000000000000,00	 0000000000000,00	 0000000000000,00
160000209	 0000000000000,00	 0000000000000,00	 0000000000000,00	 0000000000000,00
160000219	-0063060475580,00	 0000000000000,00	 0000000000000,00	 0000000000000,00
160000300	 0148388863111,00	 0000000000000,00	 0000000000000,00	 0000000000000,00
160000301	 0016949619610,00	 0000000000000,00	 0000000000000,00	 0000000000000,00
160000302	 0190696490489,00	 0000000000000,00	 0000000000000,00	 0000000000000,00
160000303	 0000000000000,00	 0000000000000,00	 0000000000000,00	 0000000000000,00
160000309	 0000000000000,00	 0000000000000,00	 0000000000000,00	 0000000000000,00
160000319	-0059257246988,00	 0000000000000,00	 0000000000000,00	 0000000000000,00
170000000	 0095372305017,00	 0000000000000,00	 0000000000000,00	 0000000000000,00
170000100	 0053986480069,00	 0000000000000,00	 0000000000000,00	 0000000000000,00
170000101	 0060796438749,00	 0000000000000,00	 0000000000000,00	 0000000000000,00
170000102	 0010921795768,00	 0000000000000,00	 0000000000000,00	 0000000000000,00
170000119	-0017731754448,00	 0000000000000,00	 0000000000000,00	 0000000000000,00
170000200	 0041385824948,00	 0000000000000,00	 0000000000000,00	 0000000000000,00
170000201	 0124043219193,00	 0000000000000,00	 0000000000000,00	 0000000000000,00
170000209	 0020505726600,00	 0000000000000,00	 0000000000000,00	 0000000000000,00
170000219	-0103163120845,00	 0000000000000,00	 0000000000000,00	 0000000000000,00
175000000	 0174446045984,00	 0000000000000,00	 0000000000000,00	 0000000000000,00
175000100	 0150873251683,00	 0000000000000,00	 0000000000000,00	 0000000000000,00
175000101	 0185152922797,00	 0000000000000,00	 0000000000000,00	 0000000000000,00
175000102	 0000000000000,00	 0000000000000,00	 0000000000000,00	 0000000000000,00
175000119	-0034279671114,00	 0000000000000,00	 0000000000000,00	 0000000000000,00
175000200	 0023572794301,00	 0000000000000,00	 0000000000000,00	 0000000000000,00
175000201	 0045274083608,00	 0000000000000,00	 0000000000000,00	 0000000000000,00
175000219	-0021701289307,00	 0000000000000,00	 0000000000000,00	 0000000000000,00
175000300	 0000000000000,00	 0000000000000,00	 0000000000000,00	 0000000000000,00
175000301	 0000000000000,00	 0000000000000,00	 0000000000000,00	 0000000000000,00
175000309	 0000000000000,00	 0000000000000,00	 0000000000000,00	 0000000000000,00
175000319	 0000000000000,00	 0000000000000,00	 0000000000000,00	 0000000000000,00
175000400	 0000000000000,00	 0000000000000,00	 0000000000000,00	 0000000000000,00
175000401	 0000000000000,00	 0000000000000,00	 0000000000000,00	 0000000000000,00
175000409	 0000000000000,00	 0000000000000,00	 0000000000000,00	 0000000000000,00
175000419	 0000000000000,00	 0000000000000,00	 0000000000000,00	 0000000000000,00
180000000	 0005024164247,00	 0000000000000,00	 0000000000000,00	 0000000000000,00
185000000	 0401725489568,00	 0000000000000,00	 0000000000000,00	 0000000000000,00
190000000	 0288362545049,00	 0022064752415,00	 0000000000000,00	 0403189411587,00
190000100	 0007361515602,00	 0000000000000,00	 0000000000000,00	 0000000000000,00
190000101	 0007361515602,00	 0000000000000,00	 0000000000000,00	 0000000000000,00
190000102	 0000000000000,00	 0000000000000,00	 0000000000000,00	 0000000000000,00
190000103	 0000000000000,00	 0000000000000,00	 0000000000000,00	 0000000000000,00
190000200	 0112740026684,00	 0000000000000,00	 0000000000000,00	 0381845423464,00
190000201	 0066652310711,00	 0000000000000,00	 0000000000000,00	 0000000000000,00
190000202	 0000000000000,00	 0000000000000,00	 0000000000000,00	 0035199108964,00
190000203	 0046087715973,00	 0000000000000,00	 0000000000000,00	 0279185992500,00
190000204	 0000000000000,00	 0000000000000,00	 0000000000000,00	 0067460322000,00
190000300	 0000000000000,00	 0000000000000,00	 0000000000000,00	 0000000000000,00
190000301	 0000000000000,00	 0000000000000,00	 0000000000000,00	 0000000000000,00
190000302	 0000000000000,00	 0000000000000,00	 0000000000000,00	 0000000000000,00
190000303	 0000000000000,00	 0000000000000,00	 0000000000000,00	 0000000000000,00
190000400	 0000000000000,00	 0000000000000,00	 0000000000000,00	 0000000000000,00
190000401	 0000000000000,00	 0000000000000,00	 0000000000000,00	 0000000000000,00
190000402	 0000000000000,00	 0000000000000,00	 0000000000000,00	 0000000000000,00
190000500	 0103363285029,00	 0000787831618,00	 0000000000000,00	 0000145826005,00
190000501	 0000000000000,00	 0000000000000,00	 0000000000000,00	 0000000000000,00
190000502	 0000000000000,00	 0000000000000,00	 0000000000000,00	 0000000000000,00
190000503	 0015466586370,00	 0000000000000,00	 0000000000000,00	 0000000000000,00
190000504	 0000663179759,00	 0000079581052,00	 0000000000000,00	 0000000000000,00
190000505	 0006492017419,00	 0000708250566,00	 0000000000000,00	 0000000000000,00
190000509	 0080741501481,00	 0000000000000,00	 0000000000000,00	 0000145826005,00
190000600	 0000000000000,00	 0000000000000,00	 0000000000000,00	 0000000000000,00
190000700	 0000000000000,00	 0000000000000,00	 0000000000000,00	 0000000000000,00
190000701	 0000000000000,00	 0000000000000,00	 0000000000000,00	 0000000000000,00
190000702	 0000000000000,00	 0000000000000,00	 0000000000000,00	 0000000000000,00
190000800	 0011263157848,00	 0000000000000,00	 0000000000000,00	 0000000000000,00
190000900	 0010957018467,00	 0000000000000,00	 0000000000000,00	 0000000000000,00
190001000	 0000000000000,00	 0000000000000,00	 0000000000000,00	 0000000000000,00
190001100	 0000000000000,00	 0000000000000,00	 0000000000000,00	 0000000000000,00
190001200	 0032144187172,00	 0000000000000,00	 0000000000000,00	 0000006351021,00
190001300	 0000000000000,00	 0000000000000,00	 0000000000000,00	 0000000000000,00
190001400	 0000564274559,00	 0004732367218,00	 0000000000000,00	 0000000000000,00
190001500	 0000973202858,00	 0000000000000,00	 0000000000000,00	 0000268724377,00
190002900	 0008995876830,00	 0016544553579,00	 0000000000000,00	 0020923086720,00
192500100	 0000000000000,00	 0000000000000,00	 0000000000000,00	 0000000000000,00
192500101	 0000000000000,00	 0000000000000,00	 0000000000000,00	 0000000000000,00
192500102	 0000000000000,00	 0000000000000,00	 0000000000000,00	 0000000000000,00
192500103	 0000000000000,00	 0000000000000,00	 0000000000000,00	 0000000000000,00
195000000	 0013903788272,00	 0000000000000,00	 0000000000000,00	 0000000000000,00
195000100	 0010915894376,00	 0000000000000,00	 0000000000000,00	 0000000000000,00
195000101	 0000607433331,00	 0000000000000,00	 0000000000000,00	 0000000000000,00
195000102	 0010311049205,00	 0000000000000,00	 0000000000000,00	 0000000000000,00
195000103	-0000002588160,00	 0000000000000,00	 0000000000000,00	 0000000000000,00
195000200	 0002987893896,00	 0000000000000,00	 0000000000000,00	 0000000000000,00
195000201	 0000000000000,00	 0000000000000,00	 0000000000000,00	 0000000000000,00
195000202	 0000000000000,00	 0000000000000,00	 0000000000000,00	 0000000000000,00
195000203	 0002165949619,00	 0000000000000,00	 0000000000000,00	 0000000000000,00
195000204	 0000821944277,00	 0000000000000,00	 0000000000000,00	 0000000000000,00
195000219	 0000000000000,00	 0000000000000,00	 0000000000000,00	 0000000000000,00
195000300	 0000000000000,00	 0000000000000,00	 0000000000000,00	 0000000000000,00
200000000	 23344611701910,00	 7337901372936,00	 0000000000000,00	 6878525037087,00
207000000	 0227971613780,00	 0000000000000,00	 0000000000000,00	 0108854255326,00
207000100	 0000000000000,00	 0000000000000,00	 0000000000000,00	 0000000000000,00
207000101	 0000000000000,00	 0000000000000,00	 0000000000000,00	 0000000000000,00
207000102	 0000000000000,00	 0000000000000,00	 0000000000000,00	 0000000000000,00
207000200	 0053165995611,00	 0000000000000,00	 0000000000000,00	 0000000000000,00
207000300	 0174805618169,00	 0000000000000,00	 0000000000000,00	 0108854255326,00
207000301	 0005043345314,00	 0000000000000,00	 0000000000000,00	 0000000000000,00
207000309	 0109249272996,00	 0000000000000,00	 0000000000000,00	 0096791663351,00
207000311	 0047701277038,00	 0000000000000,00	 0000000000000,00	 0000000000000,00
207000319	 0012811722821,00	 0000000000000,00	 0000000000000,00	 0012062591975,00
210000000	 5387338138893,00	 0000000000000,00	 0000000000000,00	 0000000000000,00
211000100	 5387338138893,00	 0000000000000,00	 0000000000000,00	 0000000000000,00
211000101	 1328251992956,00	 0000000000000,00	 0000000000000,00	 0000000000000,00
211000102	 4059086145937,00	 0000000000000,00	 0000000000000,00	 0000000000000,00
211000103	 0000000000000,00	 0000000000000,00	 0000000000000,00	 0000000000000,00
211000104	 0000000000000,00	 0000000000000,00	 0000000000000,00	 0000000000000,00
211000105	 0000000000000,00	 0000000000000,00	 0000000000000,00	 0000000000000,00
211000190	 0000000000000,00	 0000000000000,00	 0000000000000,00	 0000000000000,00
213000100	 0000000000000,00	 0000000000000,00	 0000000000000,00	 0000000000000,00
213000101	 0000000000000,00	 0000000000000,00	 0000000000000,00	 0000000000000,00
213000102	 0000000000000,00	 0000000000000,00	 0000000000000,00	 0000000000000,00
213000103	 0000000000000,00	 0000000000000,00	 0000000000000,00	 0000000000000,00
213000109	 0000000000000,00	 0000000000000,00	 0000000000000,00	 0000000000000,00
218000000	 0000000000000,00	 0000000000000,00	 0000000000000,00	 0000000000000,00
218000001	 0000000000000,00	 0000000000000,00	 0000000000000,00	 0000000000000,00
218000002	 0000000000000,00	 0000000000000,00	 0000000000000,00	 0000000000000,00
218000003	 0000000000000,00	 0000000000000,00	 0000000000000,00	 0000000000000,00
218000009	 0000000000000,00	 0000000000000,00	 0000000000000,00	 0000000000000,00
230000000	 1158942549864,00	 0000000000000,00	 0000000000000,00	 0000000000000,00
230000100	 1158942549864,00	 0000000000000,00	 0000000000000,00	 0000000000000,00
230000101	 0009614296463,00	 0000000000000,00	 0000000000000,00	 0000000000000,00
230000102	 1149328253401,00	 0000000000000,00	 0000000000000,00	 0000000000000,00
230000103	 0000000000000,00	 0000000000000,00	 0000000000000,00	 0000000000000,00
230000104	 0000000000000,00	 0000000000000,00	 0000000000000,00	 0000000000000,00
230000105	 0000000000000,00	 0000000000000,00	 0000000000000,00	 0000000000000,00
230000190	 0000000000000,00	 0000000000000,00	 0000000000000,00	 0000000000000,00
240000000	 15828387204861,00	 6380846430943,00	 0000000000000,00	 6553021885728,00
241000000	 5781757523356,00	 0283451781653,00	 0000000000000,00	 0660344417339,00
241000100	 4488856493817,00	 0000000000000,00	 0000000000000,00	 0555740601984,00
241000101	 0000010000000,00	 0000000000000,00	 0000000000000,00	 0000029358146,00
241000102	 0000000000000,00	 0000000000000,00	 0000000000000,00	 0000000000000,00
241000103	 3119677780598,00	 0000000000000,00	 0000000000000,00	 0465229264884,00
241000104	 1369168713219,00	 0000000000000,00	 0000000000000,00	 0090481978954,00
241000200	 0692194058423,00	 0000000000000,00	 0000000000000,00	 0000000000000,00
241000201	 0355730759854,00	 0000000000000,00	 0000000000000,00	 0000000000000,00
241000202	 0336463298569,00	 0000000000000,00	 0000000000000,00	 0000000000000,00
241000300	 0226317191299,00	 0000000000000,00	 0000000000000,00	 0000000000000,00
241000301	 0226317191299,00	 0000000000000,00	 0000000000000,00	 0000000000000,00
241000400	 0000000000000,00	 0000000000000,00	 0000000000000,00	 0000000000000,00
241000401	 0000000000000,00	 0000000000000,00	 0000000000000,00	 0000000000000,00
241000402	 0000000000000,00	 0000000000000,00	 0000000000000,00	 0000000000000,00
241000500	 0374389779817,00	 0283451781653,00	 0000000000000,00	 0104603815355,00
241000501	 0000000000000,00	 0000000000000,00	 0000000000000,00	 0000000000000,00
241000502	 0000000000000,00	 0000000000000,00	 0000000000000,00	 0000000000000,00
241000503	 0000167202515,00	 0000000000000,00	 0000000000000,00	 0000000000000,00
241000504	 0000000000000,00	 0000000000000,00	 0000000000000,00	 0000000000000,00
241000505	 0012478828708,00	 0019995499231,00	 0000000000000,00	 0014310088363,00
241000506	 0059886457176,00	 0000023031023,00	 0000000000000,00	 0000000000000,00
241000507	 0000002635049,00	 0000000000000,00	 0000000000000,00	 0019736923831,00
241000508	 0000000000000,00	 0000000000000,00	 0000000000000,00	 0000000000000,00
241000509	 0003142277947,00	 0002480067449,00	 0000000000000,00	 0000000000000,00
241000510	 0023093529676,00	 0000000000000,00	 0000000000000,00	 0001212537822,00
241000511	 0005227177290,00	 0000000246900,00	 0000000000000,00	 0002776527393,00
241000512	 0000000000000,00	 0000000000000,00	 0000000000000,00	 0000000000000,00
241000513	 0000000000000,00	 0000000000000,00	 0000000000000,00	 0000000000000,00
241000590	 0270391671456,00	 0260952937050,00	 0000000000000,00	 0066567737946,00
242000000	 6328843600845,00	 0196611520837,00	 0000000000000,00	 3090798136451,00
242000100	 6328843600845,00	 0087137139267,00	 0000000000000,00	 3090798136451,00
242000200	 0000000000000,00	 0109474381570,00	 0000000000000,00	 0000000000000,00
242000201	 0000000000000,00	 0086916181885,00	 0000000000000,00	 0000000000000,00
242000202	 0000000000000,00	 0022558199685,00	 0000000000000,00	 0000000000000,00
242000300	 0000000000000,00	 0000000000000,00	 0000000000000,00	 0000000000000,00
242000301	 0000000000000,00	 0000000000000,00	 0000000000000,00	 0000000000000,00
242000302	 0000000000000,00	 0000000000000,00	 0000000000000,00	 0000000000000,00
242000390	 0000000000000,00	 0000000000000,00	 0000000000000,00	 0000000000000,00
243000000	 0224501319912,00	 0000000000000,00	 0000000000000,00	 0000002757046,00
243000100	 0000000000000,00	 0000000000000,00	 0000000000000,00	 0000000000000,00
243000101	 0000000000000,00	 0000000000000,00	 0000000000000,00	 0000000000000,00
243000102	 0000000000000,00	 0000000000000,00	 0000000000000,00	 0000000000000,00
243000103	 0000000000000,00	 0000000000000,00	 0000000000000,00	 0000000000000,00
243000200	 0000000000000,00	 0000000000000,00	 0000000000000,00	 0000000000000,00
243000201	 0000000000000,00	 0000000000000,00	 0000000000000,00	 0000000000000,00
243000202	 0000000000000,00	 0000000000000,00	 0000000000000,00	 0000000000000,00
243000203	 0000000000000,00	 0000000000000,00	 0000000000000,00	 0000000000000,00
243000300	 0224501319912,00	 0000000000000,00	 0000000000000,00	 0000002757046,00
243000301	 0223448552616,00	 0000000000000,00	 0000000000000,00	 0000002757046,00
243000302	 0001052767296,00	 0000000000000,00	 0000000000000,00	 0000000000000,00
243000400	 0000000000000,00	 0000000000000,00	 0000000000000,00	 0000000000000,00
243000401	 0000000000000,00	 0000000000000,00	 0000000000000,00	 0000000000000,00
243000402	 0000000000000,00	 0000000000000,00	 0000000000000,00	 0000000000000,00
244000000	 3030025599852,00	 0000000000000,00	 0000000000000,00	 2276037354897,00
244250000	 0000000000002,00	 0000000000000,00	 0000000000000,00	 0000000000000,00
244250100	 0000000000000,00	 0000000000000,00	 0000000000000,00	 0000000000000,00
244250101	 0000000000000,00	 0000000000000,00	 0000000000000,00	 0000000000000,00
244250102	 0000000000000,00	 0000000000000,00	 0000000000000,00	 0000000000000,00
244250103	 0000000000000,00	 0000000000000,00	 0000000000000,00	 0000000000000,00
244250200	 0000000000002,00	 0000000000000,00	 0000000000000,00	 0000000000000,00
244250201	 0000000000002,00	 0000000000000,00	 0000000000000,00	 0000000000000,00
244250202	 0000000000000,00	 0000000000000,00	 0000000000000,00	 0000000000000,00
244250203	 0000000000000,00	 0000000000000,00	 0000000000000,00	 0000000000000,00
244250204	 0000000000000,00	 0000000000000,00	 0000000000000,00	 0000000000000,00
244250209	 0000000000000,00	 0000000000000,00	 0000000000000,00	 0000000000000,00
244500000	 0000000000000,00	 0000000000000,00	 0000000000000,00	 2276037354897,00
244500100	 0000000000000,00	 0000000000000,00	 0000000000000,00	 1094740442438,00
244500101	 0000000000000,00	 0000000000000,00	 0000000000000,00	 0577764892942,00
244500102	 0000000000000,00	 0000000000000,00	 0000000000000,00	 0516697850929,00
244500103	 0000000000000,00	 0000000000000,00	 0000000000000,00	 0000277698567,00
244500200	 0000000000000,00	 0000000000000,00	 0000000000000,00	 1181296912459,00
244500201	 0000000000000,00	 0000000000000,00	 0000000000000,00	 0000000000000,00
244500202	 0000000000000,00	 0000000000000,00	 0000000000000,00	 0000000000000,00
244500203	 0000000000000,00	 0000000000000,00	 0000000000000,00	 0000005332062,00
244500204	 0000000000000,00	 0000000000000,00	 0000000000000,00	 0000000000000,00
244500209	 0000000000000,00	 0000000000000,00	 0000000000000,00	 1181291580397,00
244700000	 3030025599850,00	 0000000000000,00	 0000000000000,00	 0000000000000,00
244700100	 3030025599850,00	 0000000000000,00	 0000000000000,00	 0000000000000,00
244700200	 0000000000000,00	 0000000000000,00	 0000000000000,00	 0000000000000,00
244900000	 0000000000000,00	 0000000000000,00	 0000000000000,00	 0000000000000,00
244900100	 0000000000000,00	 0000000000000,00	 0000000000000,00	 0000000000000,00
244900200	 0000000000000,00	 0000000000000,00	 0000000000000,00	 0000000000000,00
245000000	 0383944614791,00	 5900783128453,00	 0000000000000,00	 0523380880844,00
245000100	 0000000000000,00	 0101702140156,00	 0000000000000,00	 0000000000000,00
245000101	 0000000000000,00	 0094200507110,00	 0000000000000,00	 0000000000000,00
245000102	 0000000000000,00	 0007501633046,00	 0000000000000,00	 0000000000000,00
245000200	 0383944614791,00	 5799080988297,00	 0000000000000,00	 0523380880844,00
245000201	 0383944614791,00	 5799080988297,00	 0000000000000,00	 0523380880844,00
245000203	 0000000000000,00	 0000000000000,00	 0000000000000,00	 0000000000000,00
246000000	 0079314546105,00	 0000000000000,00	 0000000000000,00	 0002458339151,00
246000100	 0000000000000,00	 0000000000000,00	 0000000000000,00	 0000000000000,00
246000101	 0000000000000,00	 0000000000000,00	 0000000000000,00	 0000000000000,00
246000102	 0000000000000,00	 0000000000000,00	 0000000000000,00	 0000000000000,00
246000200	 0079314546105,00	 0000000000000,00	 0000000000000,00	 0002458339151,00
246000201	 0002254811023,00	 0000000000000,00	 0000000000000,00	 0000000000000,00
246000202	 0000000000000,00	 0000000000000,00	 0000000000000,00	 0000000000000,00
246000203	 0000000000000,00	 0000000000000,00	 0000000000000,00	 0000000000000,00
246000204	 0077059577121,00	 0000000000000,00	 0000000000000,00	 0002017055517,00
246000205	 0000000157961,00	 0000000000000,00	 0000000000000,00	 0000000000000,00
246000206	 0000000000000,00	 0000000000000,00	 0000000000000,00	 0000000000000,00
246000207	 0000000000000,00	 0000000000000,00	 0000000000000,00	 0000000000000,00
246000208	 0000000000000,00	 0000000000000,00	 0000000000000,00	 0000441283634,00
246000290	 0000000000000,00	 0000000000000,00	 0000000000000,00	 0000000000000,00
246000300	 0000000000000,00	 0000000000000,00	 0000000000000,00	 0000000000000,00
246000301	 0000000000000,00	 0000000000000,00	 0000000000000,00	 0000000000000,00
246000302	 0000000000000,00	 0000000000000,00	 0000000000000,00	 0000000000000,00
246000303	 0000000000000,00	 0000000000000,00	 0000000000000,00	 0000000000000,00
246000304	 0000000000000,00	 0000000000000,00	 0000000000000,00	 0000000000000,00
246000305	 0000000000000,00	 0000000000000,00	 0000000000000,00	 0000000000000,00
246000390	 0000000000000,00	 0000000000000,00	 0000000000000,00	 0000000000000,00
250000000	 0001280898748,00	 0155659223774,00	 0000000000000,00	 0000000000000,00
255000000	 0000000000000,00	 0773896093136,00	 0000000000000,00	 0000000000000,00
255000100	 0000000000000,00	 0773896093136,00	 0000000000000,00	 0000000000000,00
255000101	 0000000000000,00	 0000000000000,00	 0000000000000,00	 0000000000000,00
255000102	 0000000000000,00	 0773896093136,00	 0000000000000,00	 0000000000000,00
255000200	 0000000000000,00	 0000000000000,00	 0000000000000,00	 0000000000000,00
255000300	 0000000000000,00	 0000000000000,00	 0000000000000,00	 0000000000000,00
260000000	 0056540533006,00	 0000000000000,00	 0000000000000,00	 0000140602976,00
260000100	 0041216094100,00	 0000000000000,00	 0000000000000,00	 0000140602976,00
260000101	 0029458200300,00	 0000000000000,00	 0000000000000,00	 0000140602599,00
260000102	 0000000000000,00	 0000000000000,00	 0000000000000,00	 0000000000000,00
260000103	 0003062557389,00	 0000000000000,00	 0000000000000,00	 0000000000377,00
260000104	 0008695336411,00	 0000000000000,00	 0000000000000,00	 0000000000000,00
260000105	 0000000000000,00	 0000000000000,00	 0000000000000,00	 0000000000000,00
260000106	 0000000000000,00	 0000000000000,00	 0000000000000,00	 0000000000000,00
260000107	 0000000000000,00	 0000000000000,00	 0000000000000,00	 0000000000000,00
260000109	 0000000000000,00	 0000000000000,00	 0000000000000,00	 0000000000000,00
260000200	 0000000000000,00	 0000000000000,00	 0000000000000,00	 0000000000000,00
260000300	 0000000000000,00	 0000000000000,00	 0000000000000,00	 0000000000000,00
260000400	 0005061033720,00	 0000000000000,00	 0000000000000,00	 0000000000000,00
260000500	 0000000000000,00	 0000000000000,00	 0000000000000,00	 0000000000000,00
260000600	 0000000000000,00	 0000000000000,00	 0000000000000,00	 0000000000000,00
260000900	 0010263405186,00	 0000000000000,00	 0000000000000,00	 0000000000000,00
265000000	 0147659597982,00	 0000000000000,00	 0000000000000,00	 0000000000000,00
265000100	 0147659597982,00	 0000000000000,00	 0000000000000,00	 0000000000000,00
265000101	 0147659597982,00	 0000000000000,00	 0000000000000,00	 0000000000000,00
265000102	 0000000000000,00	 0000000000000,00	 0000000000000,00	 0000000000000,00
265000200	 0000000000000,00	 0000000000000,00	 0000000000000,00	 0000000000000,00
265000300	 0000000000000,00	 0000000000000,00	 0000000000000,00	 0000000000000,00
270000000	 0198492096289,00	 0000000000000,00	 0000000000000,00	 0005817963203,00
271000000	 0012357640101,00	 0000000000000,00	 0000000000000,00	 0005817963203,00
271000100	 0000136990216,00	 0000000000000,00	 0000000000000,00	 0001096925976,00
271000200	 0000000000000,00	 0000000000000,00	 0000000000000,00	 0000522097860,00
271000400	 0005080294034,00	 0000000000000,00	 0000000000000,00	 0000439936814,00
271000500	 0000000000000,00	 0000000000000,00	 0000000000000,00	 0000000000000,00
271000501	 0000000000000,00	 0000000000000,00	 0000000000000,00	 0000000000000,00
271000502	 0000000000000,00	 0000000000000,00	 0000000000000,00	 0000000000000,00
271000503	 0000000000000,00	 0000000000000,00	 0000000000000,00	 0000000000000,00
271000504	 0000000000000,00	 0000000000000,00	 0000000000000,00	 0000000000000,00
271000505	 0000000000000,00	 0000000000000,00	 0000000000000,00	 0000000000000,00
271000600	 0000768031669,00	 0000000000000,00	 0000000000000,00	 0000173201214,00
271000601	 0000054243335,00	 0000000000000,00	 0000000000000,00	 0000000000000,00
271000602	 0000713788334,00	 0000000000000,00	 0000000000000,00	 0000173201214,00
271000700	 0006372324182,00	 0000000000000,00	 0000000000000,00	 0003585801339,00
271000701	 0000381746582,00	 0000000000000,00	 0000000000000,00	 0000000000000,00
271000702	 0000073962549,00	 0000000000000,00	 0000000000000,00	 0000078140156,00
271000703	 0000274638730,00	 0000000000000,00	 0000000000000,00	 0000000000000,00
271000704	 0005641976321,00	 0000000000000,00	 0000000000000,00	 0003507661183,00
271000705	 0000000000000,00	 0000000000000,00	 0000000000000,00	 0000000000000,00
271000800	 0000000000000,00	 0000000000000,00	 0000000000000,00	 0000000000000,00
271000900	 0000000000000,00	 0000000000000,00	 0000000000000,00	 0000000000000,00
272000000	 0000372477048,00	 0000000000000,00	 0000000000000,00	 0000000000000,00
273000000	 0000000000000,00	 0000000000000,00	 0000000000000,00	 0000000000000,00
274000000	 0185761979140,00	 0000000000000,00	 0000000000000,00	 0000000000000,00
274000100	 0099137711618,00	 0000000000000,00	 0000000000000,00	 0000000000000,00
274000200	 0032088531999,00	 0000000000000,00	 0000000000000,00	 0000000000000,00
274000300	 0054535735523,00	 0000000000000,00	 0000000000000,00	 0000000000000,00
275000000	 0000000000000,00	 0000000000000,00	 0000000000000,00	 0000000000000,00
275000100	 0000000000000,00	 0000000000000,00	 0000000000000,00	 0000000000000,00
275000200	 0000000000000,00	 0000000000000,00	 0000000000000,00	 0000000000000,00
275000300	 0000000000000,00	 0000000000000,00	 0000000000000,00	 0000000000000,00
275000400	 0000000000000,00	 0000000000000,00	 0000000000000,00	 0000000000000,00
275000500	 0000000000000,00	 0000000000000,00	 0000000000000,00	 0000000000000,00
275000600	 0000000000000,00	 0000000000000,00	 0000000000000,00	 0000000000000,00
279000000	 0000000000000,00	 0000000000000,00	 0000000000000,00	 0000000000000,00
279000100	 0000000000000,00	 0000000000000,00	 0000000000000,00	 0000000000000,00
279000200	 0000000000000,00	 0000000000000,00	 0000000000000,00	 0000000000000,00
279000300	 0000000000000,00	 0000000000000,00	 0000000000000,00	 0000000000000,00
280000000	 0047888609519,00	 0000000000000,00	 0000000000000,00	 0000000000000,00
285000000	 0000562716510,00	 0000000000000,00	 0000000000000,00	 0000000000000,00
290000000	 0289547742458,00	 0027499625083,00	 0000000000000,00	 0210690329854,00
290000100	 0134473931713,00	 0000000000000,00	 0000000000000,00	 0201119593303,00
290000101	 0064294488815,00	 0000000000000,00	 0000000000000,00	 0000000000000,00
290000102	 0000000000000,00	 0000000000000,00	 0000000000000,00	 0000000000000,00
290000103	 0070179442898,00	 0000000000000,00	 0000000000000,00	 0141461140500,00
290000104	 0000000000000,00	 0000000000000,00	 0000000000000,00	 0059658452803,00
290000200	 0000000000000,00	 0000000000000,00	 0000000000000,00	 0000000000000,00
290000201	 0000000000000,00	 0000000000000,00	 0000000000000,00	 0000000000000,00
290000202	 0000000000000,00	 0000000000000,00	 0000000000000,00	 0000000000000,00
290000203	 0000000000000,00	 0000000000000,00	 0000000000000,00	 0000000000000,00
290000300	 0068076034450,00	 0023222434109,00	 0000000000000,00	 0008471007268,00
290000301	 0000003457094,00	 0000000000000,00	 0000000000000,00	 0000000000000,00
290000302	 0005365282912,00	 0000000000000,00	 0000000000000,00	 0000000000000,00
290000303	 0000000460433,00	 0000000000000,00	 0000000000000,00	 0000000000000,00
290000304	 0000000000000,00	 0000000000000,00	 0000000000000,00	 0000000000000,00
290000305	 0004481713492,00	 0000000000000,00	 0000000000000,00	 0000035202027,00
290000306	 0000000000000,00	 0000000000000,00	 0000000000000,00	 0000000000000,00
290000307	 0004006152591,00	 0002569026754,00	 0000000000000,00	 0000000000000,00
290000308	 0024022474483,00	 0000000000000,00	 0000000000000,00	 0007538708701,00
290000309	 0000000000000,00	 0020441733883,00	 0000000000000,00	 0000000000000,00
290000390	 0030196493445,00	 0000211673472,00	 0000000000000,00	 0000897096540,00
290000400	 0000000000000,00	 0000000000000,00	 0000000000000,00	 0000000000000,00
290000500	 0000211947232,00	 0000000000000,00	 0000000000000,00	 0000000000000,00
290000501	 0000211947232,00	 0000000000000,00	 0000000000000,00	 0000000000000,00
290000502	 0000000000000,00	 0000000000000,00	 0000000000000,00	 0000000000000,00
290000700	 0000000000000,00	 0000000000000,00	 0000000000000,00	 0000000000000,00
290000800	 0071409606222,00	 0000000000000,00	 0000000000000,00	 0001027932328,00
290000801	 0005386568991,00	 0000000000000,00	 0000000000000,00	 0000000000000,00
290000802	 0000354433578,00	 0000000000000,00	 0000000000000,00	 0000000000000,00
290000803	 0003002244031,00	 0000000000000,00	 0000000000000,00	 0000000000000,00
290000809	 0062666359622,00	 0000000000000,00	 0000000000000,00	 0001027932328,00
290000900	 0008663125657,00	 0000000000000,00	 0000000000000,00	 0000000682793,00
290001000	 0000013943795,00	 0000009802961,00	 0000000000000,00	 0000000000000,00
290001100	 0003904038885,00	 0000000000000,00	 0000000000000,00	 0000071114162,00
290001200	 0002795114504,00	 0004267388013,00	 0000000000000,00	 0000000000000,00
295000000	 0000000000000,00	 0000000000000,00	 0000000000000,00	 0000000000000,00
300000000	 2407767539514,00	 0207035379990,00	 0119330894660,00	 0001763614204,00
310000000	 1368420781778,00	 0000000000000,00	 0000000000000,00	 0000000000000,00
311000000	 1246705580825,00	 0000000000000,00	 0000000000000,00	 0000000000000,00
311000100	 1246705580825,00	 0000000000000,00	 0000000000000,00	 0000000000000,00
311000200	 0000000000000,00	 0000000000000,00	 0000000000000,00	 0000000000000,00
311000300	 0000000000000,00	 0000000000000,00	 0000000000000,00	 0000000000000,00
311000400	 0000000000000,00	 0000000000000,00	 0000000000000,00	 0000000000000,00
311000500	 0000000000000,00	 0000000000000,00	 0000000000000,00	 0000000000000,00
311000600	 0000000000000,00	 0000000000000,00	 0000000000000,00	 0000000000000,00
312000000	 0121715200953,00	 0000000000000,00	 0000000000000,00	 0000000000000,00
313000000	 0000000000000,00	 0000000000000,00	 0000000000000,00	 0000000000000,00
320000000	 0382266239991,00	 0000000000000,00	 0000000000000,00	 0000000000000,00
320000100	 0017880085832,00	 0000000000000,00	 0000000000000,00	 0000000000000,00
320000200	 0364386154159,00	 0000000000000,00	 0000000000000,00	 0000000000000,00
320000300	 0000000000000,00	 0000000000000,00	 0000000000000,00	 0000000000000,00
320000400	 0000000000000,00	 0000000000000,00	 0000000000000,00	 0000000000000,00
330000000	-0334355615449,00	 0000000000000,00	 0000000000000,00	 0000000000000,00
331000000	 0000036197050,00	 0000000000000,00	 0000000000000,00	 0000000000000,00
331000100	 0000049585000,00	 0000000000000,00	 0000000000000,00	 0000000000000,00
331000200	 0000000000000,00	 0000000000000,00	 0000000000000,00	 0000000000000,00
331000201	 0000000000000,00	 0000000000000,00	 0000000000000,00	 0000000000000,00
331000202	 0000000000000,00	 0000000000000,00	 0000000000000,00	 0000000000000,00
331000203	 0000000000000,00	 0000000000000,00	 0000000000000,00	 0000000000000,00
331000209	 0000000000000,00	 0000000000000,00	 0000000000000,00	 0000000000000,00
331000300	 0000000000000,00	 0000000000000,00	 0000000000000,00	 0000000000000,00
331000400	 0000000000000,00	 0000000000000,00	 0000000000000,00	 0000000000000,00
331000500	 0000000000000,00	 0000000000000,00	 0000000000000,00	 0000000000000,00
331000900	-0000013387950,00	 0000000000000,00	 0000000000000,00	 0000000000000,00
332000000	-0334391812499,00	 0000000000000,00	 0000000000000,00	 0000000000000,00
332000100	-0141677035148,00	 0000000000000,00	 0000000000000,00	 0000000000000,00
332000200	 0000000000000,00	 0000000000000,00	 0000000000000,00	 0000000000000,00
332000300	 0000000000000,00	 0000000000000,00	 0000000000000,00	 0000000000000,00
332000400	-0192714777351,00	 0000000000000,00	 0000000000000,00	 0000000000000,00
332000500	 0000000000000,00	 0000000000000,00	 0000000000000,00	 0000000000000,00
332000600	 0000000000000,00	 0000000000000,00	 0000000000000,00	 0000000000000,00
332000700	 0000000000000,00	 0000000000000,00	 0000000000000,00	 0000000000000,00
332000900	 0000000000000,00	 0000000000000,00	 0000000000000,00	 0000000000000,00
340000000	 1265384066735,00	 0000000000000,00	 0000000000000,00	 0000000000000,00
340000100	 0840999125591,00	 0000000000000,00	 0000000000000,00	 0000000000000,00
340000200	 0424384941144,00	 0000000000000,00	 0000000000000,00	 0000000000000,00
350000000	-0260316170057,00	 0207035379990,00	 0119330894660,00	 0001763614204,00
360000000	-0147659597982,00	 0000000000000,00	 0000000000000,00	 0000000000000,00
360000100	-0147659597982,00	 0000000000000,00	 0000000000000,00	 0000000000000,00
360000101	-0147659597982,00	 0000000000000,00	 0000000000000,00	 0000000000000,00
360000102	 0000000000000,00	 0000000000000,00	 0000000000000,00	 0000000000000,00
360000200	 0000000000000,00	 0000000000000,00	 0000000000000,00	 0000000000000,00
360000300	 0000000000000,00	 0000000000000,00	 0000000000000,00	 0000000000000,00
365000000	 0000000000000,00	 0000000000000,00	 0000000000000,00	 0000000000000,00
380000000	 2273739705016,00	 0207035379990,00	 0119330894660,00	 0001763614204,00
390000000	 0134027834498,00	 0000000000000,00	 0000000000000,00	 0000000000000,00
500000000	 9239638964256,00	 15554879767602,00	 0129951652024,00	 4166457892451,00
505000000	 9239638964256,00	 15554879767602,00	 0129951652024,00	 4166457892451,00
510000000	 25752379241424,00	 7544936752926,00	 0119330894660,00	 6880288651291,00
