049	BANCO SECURITY
4100000	 0000000185818,00	 0000000177995,00	 0000000000776,00	 0000000041632,00
4100100	 0000000000021,00	 0000000000000,00	 0000000000000,00	 0000000000000,00
4100101	 0000000000021,00	 0000000000000,00	 0000000000000,00	 0000000000000,00
4100151	 0000000000000,00	 0000000000000,00	 0000000000000,00	 0000000000000,00
4100200	 0000000000887,00	 0000000000000,00	 0000000000000,00	 0000000000000,00
4100201	 0000000000887,00	 0000000000000,00	 0000000000000,00	 0000000000000,00
4100251	 0000000000000,00	 0000000000000,00	 0000000000000,00	 0000000000000,00
4100300	 0000000114027,00	 0000000134607,00	 0000000000776,00	 0000000029970,00
4100301	 0000000100347,00	 0000000061632,00	 0000000000000,00	 0000000019504,00
4100309	 0000000000358,00	 0000000000418,00	 0000000000000,00	 0000000010432,00
4100310	 0000000007451,00	 0000000000000,00	 0000000000000,00	 0000000000002,00
4100320	 0000000000000,00	 0000000000000,00	 0000000000000,00	 0000000000000,00
4100325	 0000000000000,00	 0000000000250,00	 0000000000000,00	 0000000000000,00
4100330	 0000000003192,00	 0000000013598,00	 0000000000529,00	 0000000000000,00
4100340	 0000000000001,00	 0000000000000,00	 0000000000000,00	 0000000000000,00
4100351	 0000000000000,00	 0000000049252,00	 0000000000000,00	 0000000000000,00
4100359	 0000000000000,00	 0000000000430,00	 0000000000000,00	 0000000000000,00
4100360	 0000000000000,00	 0000000000000,00	 0000000000000,00	 0000000000000,00
4100370	 0000000000000,00	 0000000000000,00	 0000000000000,00	 0000000000000,00
4100375	 0000000000000,00	 0000000000125,00	 0000000000000,00	 0000000000000,00
4100380	 0000000000000,00	 0000000007691,00	 0000000000247,00	 0000000000000,00
4100390	 0000000000000,00	 0000000000000,00	 0000000000000,00	 0000000000000,00
4100399	 0000000002678,00	 0000000001211,00	 0000000000000,00	 0000000000032,00
4100400	 0000000000000,00	 0000000038141,00	 0000000000000,00	 0000000000000,00
4100401	 0000000000000,00	 0000000000101,00	 0000000000000,00	 0000000000000,00
4100402	 0000000000000,00	 0000000000020,00	 0000000000000,00	 0000000000000,00
4100403	 0000000000000,00	 0000000000000,00	 0000000000000,00	 0000000000000,00
4100405	 0000000000000,00	 0000000005135,00	 0000000000000,00	 0000000000000,00
4100407	 0000000000000,00	 0000000015341,00	 0000000000000,00	 0000000000000,00
4100408	 0000000000000,00	 0000000000000,00	 0000000000000,00	 0000000000000,00
4100420	 0000000000000,00	 0000000000000,00	 0000000000000,00	 0000000000000,00
4100430	 0000000000000,00	 0000000000000,00	 0000000000000,00	 0000000000000,00
4100451	 0000000000000,00	 0000000000057,00	 0000000000000,00	 0000000000000,00
4100452	 0000000000000,00	 0000000000000,00	 0000000000000,00	 0000000000000,00
4100455	 0000000000000,00	 0000000004734,00	 0000000000000,00	 0000000000000,00
4100457	 0000000000000,00	 0000000012753,00	 0000000000000,00	 0000000000000,00
4100458	 0000000000000,00	 0000000000000,00	 0000000000000,00	 0000000000000,00
4100480	 0000000000000,00	 0000000000000,00	 0000000000000,00	 0000000000000,00
4100490	 0000000000000,00	 0000000000000,00	 0000000000000,00	 0000000000000,00
4100499	 0000000000000,00	 0000000000000,00	 0000000000000,00	 0000000000000,00
4100500	 0000000056560,00	 0000000000013,00	 0000000000000,00	 0000000000000,00
4100501	 0000000024863,00	 0000000000010,00	 0000000000000,00	 0000000000000,00
4100510	 0000000018638,00	 0000000000000,00	 0000000000000,00	 0000000000000,00
4100520	 0000000013059,00	 0000000000000,00	 0000000000000,00	 0000000000000,00
4100530	 0000000000000,00	 0000000000000,00	 0000000000000,00	 0000000000000,00
4100540	 0000000000000,00	 0000000000000,00	 0000000000000,00	 0000000000000,00
4100590	 0000000000000,00	 0000000000000,00	 0000000000000,00	 0000000000000,00
4100599	 0000000000000,00	 0000000000003,00	 0000000000000,00	 0000000000000,00
4100600	 0000000010613,00	 0000000004998,00	 0000000000000,00	 0000000008135,00
4100601	 0000000010613,00	 0000000002188,00	 0000000000000,00	 0000000008135,00
4100621	 0000000000000,00	 0000000000000,00	 0000000000000,00	 0000000000000,00
4100651	 0000000000000,00	 0000000002810,00	 0000000000000,00	 0000000000000,00
4100671	 0000000000000,00	 0000000000000,00	 0000000000000,00	 0000000000000,00
4100800	 0000000004238,00	 0000000000236,00	 0000000000000,00	 0000000003527,00
4100801	 0000000000000,00	 0000000000000,00	 0000000000000,00	 0000000003038,00
4100804	 0000000001716,00	 0000000000000,00	 0000000000000,00	 0000000000000,00
4100810	 0000000002518,00	 0000000000000,00	 0000000000000,00	 0000000000489,00
4100850	 0000000000004,00	 0000000000236,00	 0000000000000,00	 0000000000000,00
4100900	-0000000000528,00	 0000000000000,00	 0000000000000,00	 0000000000000,00
4150000	-0000000088226,00	-0000000114783,00	-0000000000404,00	-0000000020373,00
4150100	-0000000000150,00	-0000000000097,00	 0000000000000,00	 0000000000000,00
4150101	-0000000000150,00	 0000000000000,00	 0000000000000,00	 0000000000000,00
4150102	 0000000000000,00	 0000000000000,00	 0000000000000,00	 0000000000000,00
4150103	 0000000000000,00	 0000000000000,00	 0000000000000,00	 0000000000000,00
4150151	 0000000000000,00	-0000000000097,00	 0000000000000,00	 0000000000000,00
4150200	-0000000000588,00	 0000000000000,00	 0000000000000,00	 0000000000000,00
4150201	-0000000000588,00	 0000000000000,00	 0000000000000,00	 0000000000000,00
4150251	 0000000000000,00	 0000000000000,00	 0000000000000,00	 0000000000000,00
4150300	-0000000074858,00	-0000000003268,00	 0000000000000,00	-0000000012989,00
4150301	-0000000074858,00	-0000000000748,00	 0000000000000,00	-0000000012989,00
4150302	 0000000000000,00	 0000000000000,00	 0000000000000,00	 0000000000000,00
4150309	 0000000000000,00	 0000000000000,00	 0000000000000,00	 0000000000000,00
4150351	 0000000000000,00	-0000000002520,00	 0000000000000,00	 0000000000000,00
4150352	 0000000000000,00	 0000000000000,00	 0000000000000,00	 0000000000000,00
4150359	 0000000000000,00	 0000000000000,00	 0000000000000,00	 0000000000000,00
4150400	-0000000000150,00	 0000000000000,00	-0000000000404,00	-0000000007253,00
4150401	-0000000000150,00	 0000000000000,00	-0000000000404,00	-0000000007253,00
4150451	 0000000000000,00	 0000000000000,00	 0000000000000,00	 0000000000000,00
4150500	-0000000011714,00	-0000000111127,00	 0000000000000,00	 0000000000000,00
4150501	 0000000000000,00	-0000000000529,00	 0000000000000,00	 0000000000000,00
4150511	-0000000011714,00	-0000000045383,00	 0000000000000,00	 0000000000000,00
4150521	 0000000000000,00	-0000000009127,00	 0000000000000,00	 0000000000000,00
4150522	 0000000000000,00	 0000000000000,00	 0000000000000,00	 0000000000000,00
4150551	 0000000000000,00	-0000000000336,00	 0000000000000,00	 0000000000000,00
4150561	 0000000000000,00	-0000000049306,00	 0000000000000,00	 0000000000000,00
4150571	 0000000000000,00	-0000000006446,00	 0000000000000,00	 0000000000000,00
4150572	 0000000000000,00	 0000000000000,00	 0000000000000,00	 0000000000000,00
4150600	-0000000000153,00	-0000000000133,00	 0000000000000,00	 0000000000000,00
4150601	-0000000000153,00	 0000000000000,00	 0000000000000,00	 0000000000000,00
4150651	 0000000000000,00	-0000000000133,00	 0000000000000,00	 0000000000000,00
4150700	 0000000000000,00	-0000000000158,00	 0000000000000,00	 0000000000000,00
4150701	 0000000000000,00	-0000000000158,00	 0000000000000,00	 0000000000000,00
4150751	 0000000000000,00	 0000000000000,00	 0000000000000,00	 0000000000000,00
4150800	 0000000000000,00	 0000000000000,00	 0000000000000,00	-0000000000131,00
4150801	 0000000000000,00	 0000000000000,00	 0000000000000,00	-0000000000131,00
4150851	 0000000000000,00	 0000000000000,00	 0000000000000,00	 0000000000000,00
4150900	-0000000000613,00	 0000000000000,00	 0000000000000,00	 0000000000000,00
4200000	 0000000078176,00	 0000000001566,00	 0000000000384,00	 0000000001060,00
4200100	 0000000000701,00	 0000000000000,00	 0000000000000,00	 0000000000000,00
4200200	 0000000003521,00	 0000000001455,00	 0000000000384,00	 0000000000486,00
4200300	 0000000009345,00	 0000000000000,00	 0000000000000,00	 0000000000000,00
4200303	 0000000000000,00	 0000000000000,00	 0000000000000,00	 0000000000000,00
4200304	 0000000002074,00	 0000000000000,00	 0000000000000,00	 0000000000000,00
4200305	 0000000005052,00	 0000000000000,00	 0000000000000,00	 0000000000000,00
4200306	 0000000000700,00	 0000000000000,00	 0000000000000,00	 0000000000000,00
4200307	 0000000001519,00	 0000000000000,00	 0000000000000,00	 0000000000000,00
4200309	 0000000000000,00	 0000000000000,00	 0000000000000,00	 0000000000000,00
4200400	 0000000004627,00	 0000000000000,00	 0000000000000,00	 0000000000000,00
4200500	 0000000013685,00	 0000000000063,00	 0000000000000,00	 0000000000000,00
4200600	 0000000011670,00	 0000000000000,00	 0000000000000,00	 0000000000000,00
4200700	 0000000024272,00	 0000000000000,00	 0000000000000,00	 0000000000000,00
4200800	 0000000000000,00	 0000000000000,00	 0000000000000,00	 0000000000000,00
4200900	 0000000010355,00	 0000000000048,00	 0000000000000,00	 0000000000574,00
4250000	-0000000013909,00	 0000000000000,00	 0000000000000,00	 0000000000000,00
4250100	-0000000000040,00	 0000000000000,00	 0000000000000,00	 0000000000000,00
4250101	-0000000000040,00	 0000000000000,00	 0000000000000,00	 0000000000000,00
4250102	 0000000000000,00	 0000000000000,00	 0000000000000,00	 0000000000000,00
4250190	 0000000000000,00	 0000000000000,00	 0000000000000,00	 0000000000000,00
4250200	-0000000000131,00	 0000000000000,00	 0000000000000,00	 0000000000000,00
4250300	-0000000013738,00	 0000000000000,00	 0000000000000,00	 0000000000000,00
4300000	 0000000015404,00	 0000000003918,00	 0000000000000,00	 0000000004756,00
4300100	 0000000007606,00	 0000000001047,00	 0000000000000,00	 0000000000000,00
4300101	 0000000001802,00	 0000000000752,00	 0000000000000,00	 0000000000000,00
4300102	-0000000000123,00	 0000000000172,00	 0000000000000,00	 0000000000000,00
4300103	 0000000002920,00	 0000000000130,00	 0000000000000,00	 0000000000000,00
4300104	-0000000000391,00	-0000000000007,00	 0000000000000,00	 0000000000000,00
4300190	 0000000003398,00	 0000000000000,00	 0000000000000,00	 0000000000000,00
4300200	 0000000005247,00	 0000000000000,00	 0000000000000,00	 0000000000000,00
4300300	 0000000001921,00	 0000000002871,00	 0000000000000,00	 0000000005904,00
4300400	 0000000000752,00	 0000000000000,00	 0000000000000,00	 0000000000000,00
4300500	-0000000000122,00	 0000000000000,00	 0000000000000,00	-0000000001148,00
4350000	 0000000010461,00	 0000000000000,00	 0000000000000,00	 0000000000000,00
4350100	 0000000015150,00	 0000000000000,00	 0000000000000,00	 0000000000000,00
4350200	 0000000000000,00	 0000000000000,00	 0000000000000,00	 0000000000000,00
4350900	-0000000004689,00	 0000000000000,00	 0000000000000,00	 0000000000000,00
4400000	 0000000005356,00	 0000000000035,00	 0000000000000,00	 0000000000078,00
4400100	 0000000000137,00	 0000000000000,00	 0000000000000,00	 0000000000000,00
4400200	 0000000000107,00	 0000000000000,00	 0000000000000,00	 0000000000000,00
4400290	 0000000000000,00	 0000000000000,00	 0000000000000,00	 0000000000000,00
4400300	 0000000005112,00	 0000000000035,00	 0000000000000,00	 0000000000078,00
4500000	-0000000041891,00	 0000000000000,00	 0000000000000,00	 0000000000000,00
4500100	-0000000047517,00	 0000000000000,00	 0000000000000,00	 0000000000000,00
4500101	-0000000023133,00	 0000000000000,00	 0000000000000,00	 0000000000000,00
4500111	-0000000000764,00	 0000000000000,00	 0000000000000,00	 0000000000000,00
4500112	-0000000023655,00	 0000000000000,00	 0000000000000,00	 0000000000000,00
4500190	 0000000000035,00	 0000000000000,00	 0000000000000,00	 0000000000000,00
4500200	 0000000002252,00	 0000000000000,00	 0000000000000,00	 0000000000000,00
4500700	 0000000000000,00	 0000000000000,00	 0000000000000,00	 0000000000000,00
4500701	 0000000000000,00	 0000000000000,00	 0000000000000,00	 0000000000000,00
4500702	 0000000000000,00	 0000000000000,00	 0000000000000,00	 0000000000000,00
4500703	 0000000000000,00	 0000000000000,00	 0000000000000,00	 0000000000000,00
4500800	-0000000000430,00	 0000000000000,00	 0000000000000,00	 0000000000000,00
4500801	 0000000000003,00	 0000000000000,00	 0000000000000,00	 0000000000000,00
4500802	-0000000000422,00	 0000000000000,00	 0000000000000,00	 0000000000000,00
4500803	-0000000000011,00	 0000000000000,00	 0000000000000,00	 0000000000000,00
4500900	 0000000003804,00	 0000000000000,00	 0000000000000,00	 0000000000000,00
4500901	 0000000000887,00	 0000000000000,00	 0000000000000,00	 0000000000000,00
4500911	 0000000000307,00	 0000000000000,00	 0000000000000,00	 0000000000000,00
4500921	 0000000002610,00	 0000000000000,00	 0000000000000,00	 0000000000000,00
4500931	 0000000000000,00	 0000000000000,00	 0000000000000,00	 0000000000000,00
4600000	-0000000058875,00	 0000000000000,00	 0000000000000,00	 0000000000000,00
4610000	-0000000066947,00	 0000000000000,00	 0000000000000,00	 0000000000000,00
4610100	-0000000046220,00	 0000000000000,00	 0000000000000,00	 0000000000000,00
4610200	-0000000010690,00	 0000000000000,00	 0000000000000,00	 0000000000000,00
4610300	-0000000001030,00	 0000000000000,00	 0000000000000,00	 0000000000000,00
4610400	-0000000005861,00	 0000000000000,00	 0000000000000,00	 0000000000000,00
4610500	-0000000003146,00	 0000000000000,00	 0000000000000,00	 0000000000000,00
4620000	-0000000007133,00	 0000000000000,00	 0000000000000,00	 0000000000000,00
4630000	 0000000000000,00	 0000000000000,00	 0000000000000,00	 0000000000000,00
4650000	-0000000013347,00	-0000000000006,00	 0000000000000,00	 0000000000000,00
4650100	-0000000000835,00	 0000000000000,00	 0000000000000,00	 0000000000000,00
4650200	-0000000000119,00	 0000000000000,00	 0000000000000,00	 0000000000000,00
4650201	-0000000000119,00	 0000000000000,00	 0000000000000,00	 0000000000000,00
4650211	 0000000000000,00	 0000000000000,00	 0000000000000,00	 0000000000000,00
4650290	 0000000000000,00	 0000000000000,00	 0000000000000,00	 0000000000000,00
4650900	-0000000012393,00	-0000000000006,00	 0000000000000,00	 0000000000000,00
4700000	 0000000000018,00	 0000000000000,00	 0000000000000,00	 0000000000000,00
4700100	 0000000000018,00	 0000000000000,00	 0000000000000,00	 0000000000000,00
4700101	 0000000000000,00	 0000000000000,00	 0000000000000,00	 0000000000000,00
4700103	 0000000000000,00	 0000000000000,00	 0000000000000,00	 0000000000000,00
4700110	 0000000000018,00	 0000000000000,00	 0000000000000,00	 0000000000000,00
4700200	 0000000000000,00	 0000000000000,00	 0000000000000,00	 0000000000000,00
4700201	 0000000000000,00	 0000000000000,00	 0000000000000,00	 0000000000000,00
4700203	 0000000000000,00	 0000000000000,00	 0000000000000,00	 0000000000000,00
4700210	 0000000000000,00	 0000000000000,00	 0000000000000,00	 0000000000000,00
4800000	-0000000024582,00	 0000000000000,00	 0000000000000,00	 0000000000000,00
4800001	-0000000029376,00	 0000000000000,00	 0000000000000,00	 0000000000000,00
4850000	 0000000000000,00	 0000000000000,00	 0000000000000,00	 0000000000000,00
4900000	-0000000000006,00	 0000000000000,00	 0000000000000,00	 0000000000000,00
5003000	 0000000097592,00	 0000000063212,00	 0000000000372,00	 0000000021259,00
5004000	 0000000064267,00	 0000000001566,00	 0000000000384,00	 0000000001060,00
5005000	 0000000193080,00	 0000000068731,00	 0000000000756,00	 0000000027153,00
5006000	 0000000151189,00	 0000000068731,00	 0000000000756,00	 0000000027153,00
5007000	 0000000004887,00	 0000000068725,00	 0000000000756,00	 0000000027153,00
5008000	 0000000004905,00	 0000000068725,00	 0000000000756,00	 0000000027153,00
5009000	-0000000019677,00	 0000000068725,00	 0000000000756,00	 0000000027153,00
5010000	-0000000019677,00	 0000000068725,00	 0000000000756,00	 0000000027153,00
5020000	-0000000019671,00	 0000000068725,00	 0000000000756,00	 0000000027153,00
