053	BANCO RIPLEY                                                            
1000000	 0000000187715,00	 0000000066791,00	 0000000000000,00	 0000000000074,00
1100000	 0000000009941,00	 0000000000000,00	 0000000000000,00	 0000000000074,00
1100100	 0000000002541,00	 0000000000000,00	 0000000000000,00	 0000000000063,00
1100200	 0000000006145,00	 0000000000000,00	 0000000000000,00	 0000000000000,00
1100300	 0000000001255,00	 0000000000000,00	 0000000000000,00	 0000000000000,00
1100400	 0000000000000,00	 0000000000000,00	 0000000000000,00	 0000000000011,00
1130000	 0000000000679,00	 0000000000000,00	 0000000000000,00	 0000000000000,00
1130100	 0000000000679,00	 0000000000000,00	 0000000000000,00	 0000000000000,00
1130200	 0000000000000,00	 0000000000000,00	 0000000000000,00	 0000000000000,00
1150000	 0000000000000,00	 0000000000000,00	 0000000000000,00	 0000000000000,00
1150100	 0000000000000,00	 0000000000000,00	 0000000000000,00	 0000000000000,00
1150200	 0000000000000,00	 0000000000000,00	 0000000000000,00	 0000000000000,00
1150300	 0000000000000,00	 0000000000000,00	 0000000000000,00	 0000000000000,00
1150400	 0000000000000,00	 0000000000000,00	 0000000000000,00	 0000000000000,00
1160000	 0000000000000,00	 0000000000000,00	 0000000000000,00	 0000000000000,00
1160100	 0000000000000,00	 0000000000000,00	 0000000000000,00	 0000000000000,00
1160200	 0000000000000,00	 0000000000000,00	 0000000000000,00	 0000000000000,00
1250000	 0000000000000,00	 0000000000000,00	 0000000000000,00	 0000000000000,00
1250100	 0000000000000,00	 0000000000000,00	 0000000000000,00	 0000000000000,00
1250200	 0000000000000,00	 0000000000000,00	 0000000000000,00	 0000000000000,00
1270000	 0000000006000,00	 0000000000000,00	 0000000000000,00	 0000000000000,00
1270100	 0000000006000,00	 0000000000000,00	 0000000000000,00	 0000000000000,00
1270101	 0000000000000,00	 0000000000000,00	 0000000000000,00	 0000000000000,00
1270111	 0000000006000,00	 0000000000000,00	 0000000000000,00	 0000000000000,00
1270190	 0000000000000,00	 0000000000000,00	 0000000000000,00	 0000000000000,00
1270200	 0000000000000,00	 0000000000000,00	 0000000000000,00	 0000000000000,00
1270201	 0000000000000,00	 0000000000000,00	 0000000000000,00	 0000000000000,00
1270290	 0000000000000,00	 0000000000000,00	 0000000000000,00	 0000000000000,00
1300000	 0000000136120,00	 0000000066791,00	 0000000000000,00	 0000000000000,00
1302000	 0000000008414,00	 0000000001686,00	 0000000000000,00	 0000000000000,00
1302100	 0000000001802,00	 0000000001686,00	 0000000000000,00	 0000000000000,00
1302101	 0000000001802,00	 0000000000000,00	 0000000000000,00	 0000000000000,00
1302102	 0000000000000,00	 0000000000000,00	 0000000000000,00	 0000000000000,00
1302170	 0000000000000,00	 0000000001686,00	 0000000000000,00	 0000000000000,00
1302180	 0000000000000,00	 0000000000000,00	 0000000000000,00	 0000000000000,00
1302200	 0000000000000,00	 0000000000000,00	 0000000000000,00	 0000000000000,00
1302202	 0000000000000,00	 0000000000000,00	 0000000000000,00	 0000000000000,00
1302300	 0000000000028,00	 0000000000000,00	 0000000000000,00	 0000000000000,00
1302500	 0000000006584,00	 0000000000000,00	 0000000000000,00	 0000000000000,00
1302800	 0000000000000,00	 0000000000000,00	 0000000000000,00	 0000000000000,00
1302900	 0000000000000,00	 0000000000000,00	 0000000000000,00	 0000000000000,00
1304000	 0000000000000,00	 0000000059418,00	 0000000000000,00	 0000000000000,00
1304100	 0000000000000,00	 0000000051114,00	 0000000000000,00	 0000000000000,00
1304101	 0000000000000,00	 0000000051114,00	 0000000000000,00	 0000000000000,00
1304102	 0000000000000,00	 0000000000000,00	 0000000000000,00	 0000000000000,00
1304200	 0000000000000,00	 0000000000318,00	 0000000000000,00	 0000000000000,00
1304300	 0000000000000,00	 0000000007962,00	 0000000000000,00	 0000000000000,00
1304800	 0000000000000,00	 0000000000000,00	 0000000000000,00	 0000000000000,00
1304900	 0000000000000,00	 0000000000024,00	 0000000000000,00	 0000000000000,00
1305000	 0000000143193,00	 0000000005687,00	 0000000000000,00	 0000000000000,00
1305100	 0000000137563,00	 0000000005687,00	 0000000000000,00	 0000000000000,00
1305300	 0000000000000,00	 0000000000000,00	 0000000000000,00	 0000000000000,00
1305400	 0000000005630,00	 0000000000000,00	 0000000000000,00	 0000000000000,00
1305800	 0000000000000,00	 0000000000000,00	 0000000000000,00	 0000000000000,00
1305900	 0000000000000,00	 0000000000000,00	 0000000000000,00	 0000000000000,00
1309000	-0000000015487,00	 0000000000000,00	 0000000000000,00	 0000000000000,00
1309001	-0000000000413,00	 0000000000000,00	 0000000000000,00	 0000000000000,00
1309002	-0000000000792,00	 0000000000000,00	 0000000000000,00	 0000000000000,00
1309003	-0000000014282,00	 0000000000000,00	 0000000000000,00	 0000000000000,00
1350000	 0000000018745,00	 0000000000000,00	 0000000000000,00	 0000000000000,00
1350100	 0000000006794,00	 0000000000000,00	 0000000000000,00	 0000000000000,00
1350200	 0000000011951,00	 0000000000000,00	 0000000000000,00	 0000000000000,00
1350300	 0000000000000,00	 0000000000000,00	 0000000000000,00	 0000000000000,00
1360000	 0000000000000,00	 0000000000000,00	 0000000000000,00	 0000000000000,00
1360100	 0000000000000,00	 0000000000000,00	 0000000000000,00	 0000000000000,00
1360200	 0000000000000,00	 0000000000000,00	 0000000000000,00	 0000000000000,00
1360300	 0000000000000,00	 0000000000000,00	 0000000000000,00	 0000000000000,00
1400000	 0000000000038,00	 0000000000000,00	 0000000000000,00	 0000000000000,00
1400100	 0000000000000,00	 0000000000000,00	 0000000000000,00	 0000000000000,00
1400101	 0000000000000,00	 0000000000000,00	 0000000000000,00	 0000000000000,00
1400103	 0000000000000,00	 0000000000000,00	 0000000000000,00	 0000000000000,00
1400200	 0000000000038,00	 0000000000000,00	 0000000000000,00	 0000000000000,00
1500000	 0000000001905,00	 0000000000000,00	 0000000000000,00	 0000000000000,00
1500100	 0000000000000,00	 0000000000000,00	 0000000000000,00	 0000000000000,00
1500200	 0000000001905,00	 0000000000000,00	 0000000000000,00	 0000000000000,00
1600000	 0000000004356,00	 0000000000000,00	 0000000000000,00	 0000000000000,00
1600100	 0000000004068,00	 0000000000000,00	 0000000000000,00	 0000000000000,00
1600200	 0000000000288,00	 0000000000000,00	 0000000000000,00	 0000000000000,00
1700000	 0000000000224,00	 0000000000000,00	 0000000000000,00	 0000000000000,00
1750000	 0000000005698,00	 0000000000000,00	 0000000000000,00	 0000000000000,00
1800000	 0000000004009,00	 0000000000000,00	 0000000000000,00	 0000000000000,00
1800100	 0000000000000,00	 0000000000000,00	 0000000000000,00	 0000000000000,00
1800200	 0000000000000,00	 0000000000000,00	 0000000000000,00	 0000000000000,00
1800900	 0000000004009,00	 0000000000000,00	 0000000000000,00	 0000000000000,00
2000000	 0000000174335,00	 0000000048323,00	 0000000000000,00	 0000000000074,00
2100000	 0000000002069,00	 0000000000762,00	 0000000000000,00	 0000000000000,00
2100100	 0000000000677,00	 0000000000000,00	 0000000000000,00	 0000000000000,00
2100109	 0000000000677,00	 0000000000000,00	 0000000000000,00	 0000000000000,00
2100110	 0000000000000,00	 0000000000000,00	 0000000000000,00	 0000000000000,00
2100200	 0000000000256,00	 0000000000000,00	 0000000000000,00	 0000000000000,00
2100300	 0000000001136,00	 0000000000762,00	 0000000000000,00	 0000000000000,00
2130000	 0000000000000,00	 0000000000000,00	 0000000000000,00	 0000000000000,00
2160000	 0000000000000,00	 0000000000000,00	 0000000000000,00	 0000000000000,00
2160100	 0000000000000,00	 0000000000000,00	 0000000000000,00	 0000000000000,00
2160200	 0000000000000,00	 0000000000000,00	 0000000000000,00	 0000000000000,00
2200000	 0000000147933,00	 0000000000104,00	 0000000000000,00	 0000000000000,00
2200100	 0000000147933,00	 0000000000104,00	 0000000000000,00	 0000000000000,00
2200200	 0000000000000,00	 0000000000000,00	 0000000000000,00	 0000000000000,00
2200900	 0000000000000,00	 0000000000000,00	 0000000000000,00	 0000000000000,00
2250000	 0000000000000,00	 0000000000000,00	 0000000000000,00	 0000000000000,00
2250100	 0000000000000,00	 0000000000000,00	 0000000000000,00	 0000000000000,00
2250200	 0000000000000,00	 0000000000000,00	 0000000000000,00	 0000000000000,00
2300000	 0000000014621,00	 0000000000000,00	 0000000000000,00	 0000000000000,00
2301000	 0000000014621,00	 0000000000000,00	 0000000000000,00	 0000000000000,00
2301001	 0000000006752,00	 0000000000000,00	 0000000000000,00	 0000000000000,00
2302000	 0000000000000,00	 0000000000000,00	 0000000000000,00	 0000000000000,00
2302100	 0000000000000,00	 0000000000000,00	 0000000000000,00	 0000000000000,00
2302200	 0000000000000,00	 0000000000000,00	 0000000000000,00	 0000000000000,00
2303000	 0000000000000,00	 0000000000000,00	 0000000000000,00	 0000000000000,00
2303100	 0000000000000,00	 0000000000000,00	 0000000000000,00	 0000000000000,00
2303900	 0000000000000,00	 0000000000000,00	 0000000000000,00	 0000000000000,00
2400000	 0000000000000,00	 0000000047278,00	 0000000000000,00	 0000000000000,00
2401000	 0000000000000,00	 0000000047278,00	 0000000000000,00	 0000000000000,00
2402000	 0000000000000,00	 0000000000000,00	 0000000000000,00	 0000000000000,00
2402100	 0000000000000,00	 0000000000000,00	 0000000000000,00	 0000000000000,00
2402200	 0000000000000,00	 0000000000000,00	 0000000000000,00	 0000000000000,00
2500000	 0000000004985,00	 0000000000000,00	 0000000000000,00	 0000000000025,00
2500100	 0000000004755,00	 0000000000000,00	 0000000000000,00	 0000000000000,00
2500200	 0000000000230,00	 0000000000000,00	 0000000000000,00	 0000000000025,00
2500300	 0000000000000,00	 0000000000000,00	 0000000000000,00	 0000000000000,00
2600000	 0000000000095,00	 0000000000000,00	 0000000000000,00	 0000000000000,00
2650000	 0000000000744,00	 0000000000000,00	 0000000000000,00	 0000000000000,00
2700000	 0000000000329,00	 0000000000000,00	 0000000000000,00	 0000000000000,00
2700100	 0000000000329,00	 0000000000000,00	 0000000000000,00	 0000000000000,00
2700200	 0000000000000,00	 0000000000000,00	 0000000000000,00	 0000000000000,00
2700300	 0000000000000,00	 0000000000000,00	 0000000000000,00	 0000000000000,00
2700400	 0000000000000,00	 0000000000000,00	 0000000000000,00	 0000000000000,00
2700401	 0000000000000,00	 0000000000000,00	 0000000000000,00	 0000000000000,00
2700402	 0000000000000,00	 0000000000000,00	 0000000000000,00	 0000000000000,00
2700403	 0000000000000,00	 0000000000000,00	 0000000000000,00	 0000000000000,00
2700490	 0000000000000,00	 0000000000000,00	 0000000000000,00	 0000000000000,00
2800000	 0000000003559,00	 0000000000179,00	 0000000000000,00	 0000000000049,00
3000000	 0000000031848,00	 0000000000000,00	 0000000000000,00	 0000000000000,00
3101000	 0000000033898,00	 0000000000000,00	 0000000000000,00	 0000000000000,00
3102000	 0000000000000,00	 0000000000000,00	 0000000000000,00	 0000000000000,00
3103000	 0000000000020,00	 0000000000000,00	 0000000000000,00	 0000000000000,00
3104000	-0000000002099,00	 0000000000000,00	 0000000000000,00	 0000000000000,00
3104100	 0000000000000,00	 0000000000000,00	 0000000000000,00	 0000000000000,00
3104200	-0000000002099,00	 0000000000000,00	 0000000000000,00	 0000000000000,00
3104300	 0000000000000,00	 0000000000000,00	 0000000000000,00	 0000000000000,00
3200000	 0000000000029,00	 0000000000000,00	 0000000000000,00	 0000000000000,00
5001000	 0000000031819,00	 0000000000000,00	 0000000000000,00	 0000000000000,00
5002000	 0000000206183,00	 0000000048323,00	 0000000000000,00	 0000000000074,00
5100000	 0000000151607,00	 0000000066791,00	 0000000000000,00	 0000000000000,00
