507	BANCO DEL DESARROLLO                                                    
1000000	 0000001208079,00	 0000001540856,00	 0000000000923,00	 0000000114865,00
1100000	 0000000045017,00	 0000000000000,00	 0000000000000,00	 0000000023302,00
1100100	 0000000014936,00	 0000000000000,00	 0000000000000,00	 0000000001286,00
1100200	 0000000029535,00	 0000000000000,00	 0000000000000,00	 0000000001171,00
1100300	 0000000000546,00	 0000000000000,00	 0000000000000,00	 0000000000000,00
1100400	 0000000000000,00	 0000000000000,00	 0000000000000,00	 0000000020845,00
1130000	 0000000020816,00	 0000000000000,00	 0000000000000,00	 0000000015978,00
1130100	 0000000007767,00	 0000000000000,00	 0000000000000,00	 0000000001503,00
1130200	 0000000013049,00	 0000000000000,00	 0000000000000,00	 0000000014475,00
1150000	 0000000000603,00	 0000000005544,00	 0000000000000,00	 0000000000000,00
1150100	 0000000000000,00	 0000000005544,00	 0000000000000,00	 0000000000000,00
1150200	 0000000000000,00	 0000000000000,00	 0000000000000,00	 0000000000000,00
1150300	 0000000000000,00	 0000000000000,00	 0000000000000,00	 0000000000000,00
1150400	 0000000000603,00	 0000000000000,00	 0000000000000,00	 0000000000000,00
1160000	 0000000000000,00	 0000000000000,00	 0000000000000,00	 0000000000000,00
1160100	 0000000000000,00	 0000000000000,00	 0000000000000,00	 0000000000000,00
1160200	 0000000000000,00	 0000000000000,00	 0000000000000,00	 0000000000000,00
1250000	 0000000003323,00	 0000000000000,00	 0000000000000,00	 0000000000000,00
1250100	 0000000003323,00	 0000000000000,00	 0000000000000,00	 0000000000000,00
1250200	 0000000000000,00	 0000000000000,00	 0000000000000,00	 0000000000000,00
1270000	 0000000049821,00	 0000000000000,00	 0000000000000,00	 0000000000000,00
1270100	 0000000049821,00	 0000000000000,00	 0000000000000,00	 0000000000000,00
1270101	 0000000000000,00	 0000000000000,00	 0000000000000,00	 0000000000000,00
1270111	 0000000049826,00	 0000000000000,00	 0000000000000,00	 0000000000000,00
1270190	-0000000000005,00	 0000000000000,00	 0000000000000,00	 0000000000000,00
1270200	 0000000000000,00	 0000000000000,00	 0000000000000,00	 0000000000000,00
1270201	 0000000000000,00	 0000000000000,00	 0000000000000,00	 0000000000000,00
1270290	 0000000000000,00	 0000000000000,00	 0000000000000,00	 0000000000000,00
1300000	 0000000853970,00	 0000001489985,00	 0000000000923,00	 0000000075376,00
1302000	 0000000887289,00	 0000000866928,00	 0000000000923,00	 0000000075362,00
1302100	 0000000828022,00	 0000000692541,00	 0000000000633,00	 0000000030367,00
1302101	 0000000828022,00	 0000000427233,00	 0000000000633,00	 0000000025791,00
1302102	 0000000000000,00	 0000000000000,00	 0000000000000,00	 0000000004576,00
1302170	 0000000000000,00	 0000000238300,00	 0000000000000,00	 0000000000000,00
1302180	 0000000000000,00	 0000000027008,00	 0000000000000,00	 0000000000000,00
1302200	 0000000001747,00	 0000000000000,00	 0000000000000,00	 0000000044944,00
1302202	 0000000001747,00	 0000000000000,00	 0000000000000,00	 0000000029608,00
1302300	 0000000029608,00	 0000000000000,00	 0000000000000,00	 0000000000000,00
1302500	 0000000017729,00	 0000000000000,00	 0000000000000,00	 0000000000000,00
1302800	 0000000004781,00	 0000000103846,00	 0000000000252,00	 0000000000000,00
1302900	 0000000005402,00	 0000000070541,00	 0000000000038,00	 0000000000051,00
1304000	 0000000001359,00	 0000000622733,00	 0000000000000,00	 0000000000000,00
1304100	 0000000000000,00	 0000000340780,00	 0000000000000,00	 0000000000000,00
1304101	 0000000000000,00	 0000000340780,00	 0000000000000,00	 0000000000000,00
1304102	 0000000000000,00	 0000000000000,00	 0000000000000,00	 0000000000000,00
1304200	 0000000000000,00	 0000000111858,00	 0000000000000,00	 0000000000000,00
1304300	 0000000000000,00	 0000000064744,00	 0000000000000,00	 0000000000000,00
1304800	 0000000000000,00	 0000000046838,00	 0000000000000,00	 0000000000000,00
1304900	 0000000001359,00	 0000000058513,00	 0000000000000,00	 0000000000000,00
1305000	 0000000065437,00	 0000000000324,00	 0000000000000,00	 0000000000014,00
1305100	 0000000048974,00	 0000000000324,00	 0000000000000,00	 0000000000000,00
1305300	 0000000006309,00	 0000000000000,00	 0000000000000,00	 0000000000000,00
1305400	 0000000007213,00	 0000000000000,00	 0000000000000,00	 0000000000014,00
1305800	 0000000000000,00	 0000000000000,00	 0000000000000,00	 0000000000000,00
1305900	 0000000002941,00	 0000000000000,00	 0000000000000,00	 0000000000000,00
1309000	-0000000100115,00	 0000000000000,00	 0000000000000,00	 0000000000000,00
1309001	-0000000080187,00	 0000000000000,00	 0000000000000,00	 0000000000000,00
1309002	-0000000004152,00	 0000000000000,00	 0000000000000,00	 0000000000000,00
1309003	-0000000015776,00	 0000000000000,00	 0000000000000,00	 0000000000000,00
1350000	 0000000097058,00	 0000000024972,00	 0000000000000,00	 0000000000000,00
1350100	 0000000001949,00	 0000000013412,00	 0000000000000,00	 0000000000000,00
1350200	 0000000095109,00	 0000000011560,00	 0000000000000,00	 0000000000000,00
1350300	 0000000000000,00	 0000000000000,00	 0000000000000,00	 0000000000000,00
1360000	 0000000000000,00	 0000000000000,00	 0000000000000,00	 0000000000000,00
1360100	 0000000000000,00	 0000000000000,00	 0000000000000,00	 0000000000000,00
1360200	 0000000000000,00	 0000000000000,00	 0000000000000,00	 0000000000000,00
1360300	 0000000000000,00	 0000000000000,00	 0000000000000,00	 0000000000000,00
1400000	 0000000000973,00	 0000000000000,00	 0000000000000,00	 0000000000011,00
1400100	 0000000000000,00	 0000000000000,00	 0000000000000,00	 0000000000000,00
1400101	 0000000000000,00	 0000000000000,00	 0000000000000,00	 0000000000000,00
1400103	 0000000000000,00	 0000000000000,00	 0000000000000,00	 0000000000000,00
1400200	 0000000000973,00	 0000000000000,00	 0000000000000,00	 0000000000011,00
1500000	 0000000001460,00	 0000000000000,00	 0000000000000,00	 0000000000000,00
1500100	 0000000001191,00	 0000000000000,00	 0000000000000,00	 0000000000000,00
1500200	 0000000000269,00	 0000000000000,00	 0000000000000,00	 0000000000000,00
1600000	 0000000041154,00	 0000000000000,00	 0000000000000,00	 0000000000000,00
1600100	 0000000035402,00	 0000000000000,00	 0000000000000,00	 0000000000000,00
1600200	 0000000005752,00	 0000000000000,00	 0000000000000,00	 0000000000000,00
1700000	 0000000009256,00	 0000000000000,00	 0000000000000,00	 0000000000000,00
1750000	 0000000060271,00	 0000000000000,00	 0000000000000,00	 0000000000000,00
1800000	 0000000024357,00	 0000000020355,00	 0000000000000,00	 0000000000198,00
1800100	 0000000005431,00	 0000000000000,00	 0000000000000,00	 0000000000000,00
1800200	 0000000001881,00	 0000000000000,00	 0000000000000,00	 0000000000000,00
1800900	 0000000017045,00	 0000000020355,00	 0000000000000,00	 0000000000198,00
2000000	 0000001183805,00	 0000001364769,00	 0000000000857,00	 0000000145521,00
2100000	 0000000197974,00	 0000000007391,00	 0000000000000,00	 0000000003633,00
2100100	 0000000130878,00	 0000000000000,00	 0000000000000,00	 0000000002626,00
2100109	 0000000083289,00	 0000000000000,00	 0000000000000,00	 0000000002295,00
2100110	 0000000047589,00	 0000000000000,00	 0000000000000,00	 0000000000331,00
2100200	 0000000022748,00	 0000000000000,00	 0000000000000,00	 0000000000000,00
2100300	 0000000044348,00	 0000000007391,00	 0000000000000,00	 0000000001007,00
2130000	 0000000014355,00	 0000000000000,00	 0000000000000,00	 0000000013029,00
2160000	 0000000000000,00	 0000000000000,00	 0000000000000,00	 0000000000000,00
2160100	 0000000000000,00	 0000000000000,00	 0000000000000,00	 0000000000000,00
2160200	 0000000000000,00	 0000000000000,00	 0000000000000,00	 0000000000000,00
2200000	 0000000703280,00	 0000000425869,00	 0000000000000,00	 0000000021576,00
2200100	 0000000703099,00	 0000000381501,00	 0000000000000,00	 0000000021576,00
2200200	 0000000000000,00	 0000000043833,00	 0000000000000,00	 0000000000000,00
2200900	 0000000000181,00	 0000000000535,00	 0000000000000,00	 0000000000000,00
2250000	 0000000009262,00	 0000000000000,00	 0000000000000,00	 0000000000000,00
2250100	 0000000009262,00	 0000000000000,00	 0000000000000,00	 0000000000000,00
2250200	 0000000000000,00	 0000000000000,00	 0000000000000,00	 0000000000000,00
2300000	 0000000037561,00	 0000000000000,00	 0000000000268,00	 0000000107263,00
2301000	 0000000037561,00	 0000000000000,00	 0000000000000,00	 0000000000000,00
2301001	 0000000037561,00	 0000000000000,00	 0000000000000,00	 0000000000000,00
2302000	 0000000000000,00	 0000000000000,00	 0000000000268,00	 0000000107263,00
2302100	 0000000000000,00	 0000000000000,00	 0000000000000,00	 0000000027066,00
2302200	 0000000000000,00	 0000000000000,00	 0000000000268,00	 0000000080197,00
2303000	 0000000000000,00	 0000000000000,00	 0000000000000,00	 0000000000000,00
2303100	 0000000000000,00	 0000000000000,00	 0000000000000,00	 0000000000000,00
2303900	 0000000000000,00	 0000000000000,00	 0000000000000,00	 0000000000000,00
2400000	 0000000039696,00	 0000000804400,00	 0000000000000,00	 0000000000000,00
2401000	 0000000000000,00	 0000000557535,00	 0000000000000,00	 0000000000000,00
2402000	 0000000039696,00	 0000000246865,00	 0000000000000,00	 0000000000000,00
2402100	 0000000039696,00	 0000000129541,00	 0000000000000,00	 0000000000000,00
2402200	 0000000000000,00	 0000000117324,00	 0000000000000,00	 0000000000000,00
2500000	 0000000102556,00	 0000000124558,00	 0000000000589,00	 0000000000000,00
2500100	 0000000102129,00	 0000000124558,00	 0000000000589,00	 0000000000000,00
2500200	 0000000000427,00	 0000000000000,00	 0000000000000,00	 0000000000000,00
2500300	 0000000000000,00	 0000000000000,00	 0000000000000,00	 0000000000000,00
2600000	 0000000000000,00	 0000000000000,00	 0000000000000,00	 0000000000000,00
2650000	 0000000027702,00	 0000000000000,00	 0000000000000,00	 0000000000000,00
2700000	 0000000041980,00	 0000000000854,00	 0000000000000,00	 0000000000000,00
2700100	 0000000002943,00	 0000000000000,00	 0000000000000,00	 0000000000000,00
2700200	 0000000003349,00	 0000000000000,00	 0000000000000,00	 0000000000000,00
2700300	 0000000001577,00	 0000000000000,00	 0000000000000,00	 0000000000000,00
2700400	 0000000034111,00	 0000000000854,00	 0000000000000,00	 0000000000000,00
2700401	 0000000000000,00	 0000000000000,00	 0000000000000,00	 0000000000000,00
2700402	 0000000000000,00	 0000000000000,00	 0000000000000,00	 0000000000000,00
2700403	 0000000033842,00	 0000000000000,00	 0000000000000,00	 0000000000000,00
2700490	 0000000000269,00	 0000000000854,00	 0000000000000,00	 0000000000000,00
2800000	 0000000009439,00	 0000000001697,00	 0000000000000,00	 0000000000020,00
3000000	 0000000162268,00	 0000000007204,00	-0000000000423,00	 0000000000722,00
3101000	 0000000160806,00	 0000000000000,00	 0000000000000,00	 0000000000000,00
3102000	 0000000000000,00	 0000000000000,00	 0000000000000,00	 0000000000000,00
3103000	 0000000001058,00	 0000000000000,00	 0000000000000,00	 0000000000000,00
3104000	 0000000000310,00	 0000000007204,00	-0000000000423,00	 0000000000722,00
3104100	 0000000000000,00	 0000000000000,00	 0000000000000,00	 0000000000000,00
3104200	 0000000003659,00	 0000000007204,00	-0000000000423,00	 0000000000722,00
3104300	-0000000003349,00	 0000000000000,00	 0000000000000,00	 0000000000000,00
3200000	 0000000000094,00	 0000000000000,00	 0000000000000,00	 0000000000000,00
5001000	 0000000162174,00	 0000000007204,00	-0000000000423,00	 0000000000722,00
5002000	 0000001346073,00	 0000001371973,00	 0000000000434,00	 0000000146243,00
5100000	 0000000954085,00	 0000001489985,00	 0000000000923,00	 0000000075376,00
